  0.0000000E+00  2.356239221990108E-002
   11.25000      2.358831837773323E-002
   22.50000      2.355488389730453E-002
   33.75000      2.345379814505577E-002
   45.00000      2.331468649208546E-002
   56.25000      2.310913614928722E-002
   67.50000      2.287837490439415E-002
   78.75000      2.262330427765846E-002
   90.00000      2.234989218413830E-002
   101.2500      2.207823656499386E-002
   112.5000      2.181271091103554E-002
   123.7500      2.156610228121281E-002
   135.0000      2.135594747960567E-002
   146.2500      2.117958851158619E-002
   157.5000      2.106205746531487E-002
   168.7500      2.098193578422070E-002
   180.0000      2.094865031540394E-002
   191.2500      2.097321115434170E-002
   202.5000      2.102692984044552E-002
   213.7500      2.112930826842785E-002
   225.0000      2.126757800579071E-002
   236.2500      2.142958156764507E-002
   247.5000      2.163222059607506E-002
   258.7500      2.184694819152355E-002
   270.0000      2.208214253187180E-002
   281.2500      2.232009544968605E-002
   292.5000      2.255676127970219E-002
   303.7500      2.279482968151569E-002
   315.0000      2.300218120217323E-002
   326.2500      2.319984510540962E-002
   337.5000      2.335663326084614E-002
   348.7500      2.349135838449001E-002
   360.0000      2.356239221990108E-002
