  0.0000000E+00  1.710699498653412E-002
   11.25000      1.709023676812649E-002
   22.50000      1.704896613955498E-002
   33.75000      1.697717234492302E-002
   45.00000      1.688361726701260E-002
   56.25000      1.675642095506191E-002
   67.50000      1.660806126892567E-002
   78.75000      1.643585413694382E-002
   90.00000      1.624345406889915E-002
   101.2500      1.605638675391674E-002
   112.5000      1.586136408150196E-002
   123.7500      1.569320261478424E-002
   135.0000      1.553930621594191E-002
   146.2500      1.542699616402388E-002
   157.5000      1.535324193537235E-002
   168.7500      1.532758586108685E-002
   180.0000      1.534892991185188E-002
   191.2500      1.541580632328987E-002
   202.5000      1.552209444344044E-002
   213.7500      1.566229015588760E-002
   225.0000      1.582607999444008E-002
   236.2500      1.600122451782227E-002
   247.5000      1.618209294974804E-002
   258.7500      1.634926162660122E-002
   270.0000      1.651108078658581E-002
   281.2500      1.664833165705204E-002
   292.5000      1.677220128476620E-002
   303.7500      1.687417551875114E-002
   315.0000      1.696107909083366E-002
   326.2500      1.702357456088066E-002
   337.5000      1.707194186747074E-002
   348.7500      1.709433086216450E-002
   360.0000      1.710699498653412E-002
