  0.0000000E+00  1.823162660002708E-002
   11.25000      1.829015277326107E-002
   22.50000      1.831986010074615E-002
   33.75000      1.830892451107502E-002
   45.00000      1.826030947268009E-002
   56.25000      1.816660724580288E-002
   67.50000      1.803226582705975E-002
   78.75000      1.787097752094269E-002
   90.00000      1.767907105386257E-002
   101.2500      1.746665127575397E-002
   112.5000      1.724358834326267E-002
   123.7500      1.702758669853210E-002
   135.0000      1.682586781680584E-002
   146.2500      1.665671542286873E-002
   157.5000      1.651963219046593E-002
   168.7500      1.642534323036671E-002
   180.0000      1.637083850800991E-002
   191.2500      1.635951176285744E-002
   202.5000      1.639812067151070E-002
   213.7500      1.645805500447750E-002
   225.0000      1.656329818069935E-002
   236.2500      1.669025607407093E-002
   247.5000      1.682546548545361E-002
   258.7500      1.698664762079716E-002
   270.0000      1.713318563997746E-002
   281.2500      1.730361767113209E-002
   292.5000      1.745596528053284E-002
   303.7500      1.762024872004986E-002
   315.0000      1.776662468910217E-002
   326.2500      1.790572330355644E-002
   337.5000      1.802905090153217E-002
   348.7500      1.813858188688755E-002
   360.0000      1.823162660002708E-002
