  0.0000000E+00  2.414397522807121E-002
   11.25000      2.419355511665344E-002
   22.50000      2.421831153333187E-002
   33.75000      2.419935166835785E-002
   45.00000      2.416220493614674E-002
   56.25000      2.406951971352100E-002
   67.50000      2.394582517445087E-002
   78.75000      2.379186078906059E-002
   90.00000      2.360713481903076E-002
   101.2500      2.340695261955261E-002
   112.5000      2.320533804595470E-002
   123.7500      2.301976457238197E-002
   135.0000      2.284702658653259E-002
   146.2500      2.269450388848782E-002
   157.5000      2.257791347801685E-002
   168.7500      2.250730432569981E-002
   180.0000      2.247431501746178E-002
   191.2500      2.248450554907322E-002
   202.5000      2.254109829664230E-002
   213.7500      2.262414433062077E-002
   225.0000      2.273647487163544E-002
   236.2500      2.286637760698795E-002
   247.5000      2.300431951880455E-002
   258.7500      2.315580099821091E-002
   270.0000      2.330037020146847E-002
   281.2500      2.344953268766403E-002
   292.5000      2.358849160373211E-002
   303.7500      2.370502054691315E-002
   315.0000      2.381754666566849E-002
   326.2500      2.391614392399788E-002
   337.5000      2.400163002312183E-002
   348.7500      2.408590354025364E-002
   360.0000      2.414397522807121E-002
