  0.0000000E+00  2.580515109002590E-002
   11.25000      2.606977894902229E-002
   22.50000      2.626586146652699E-002
   33.75000      2.638303115963936E-002
   45.00000      2.641891688108444E-002
   56.25000      2.635240741074085E-002
   67.50000      2.620458416640759E-002
   78.75000      2.597962692379951E-002
   90.00000      2.568152174353600E-002
   101.2500      2.532510645687580E-002
   112.5000      2.494325675070286E-002
   123.7500      2.454388141632080E-002
   135.0000      2.415524236857891E-002
   146.2500      2.379451692104340E-002
   157.5000      2.347354777157307E-002
   168.7500      2.320821955800056E-002
   180.0000      2.298683486878872E-002
   191.2500      2.284987084567547E-002
   202.5000      2.274847216904163E-002
   213.7500      2.273177541792393E-002
   225.0000      2.273529767990112E-002
   236.2500      2.281273342669010E-002
   247.5000      2.290268801152706E-002
   258.7500      2.305505797266960E-002
   270.0000      2.323077060282230E-002
   281.2500      2.346679009497166E-002
   292.5000      2.373823150992393E-002
   303.7500      2.405109629034996E-002
   315.0000      2.441035397350788E-002
   326.2500      2.478596754372120E-002
   337.5000      2.515539899468422E-002
   348.7500      2.550529129803181E-002
   360.0000      2.580515109002590E-002
