  0.0000000E+00  2.519806846976280E-002
   11.25000      2.518650144338608E-002
   22.50000      2.516466565430164E-002
   33.75000      2.510550431907177E-002
   45.00000      2.500783652067184E-002
   56.25000      2.488269284367561E-002
   67.50000      2.471005357801914E-002
   78.75000      2.450712397694588E-002
   90.00000      2.428530715405941E-002
   101.2500      2.406147122383118E-002
   112.5000      2.382918819785118E-002
   123.7500      2.364959567785263E-002
   135.0000      2.350009791553020E-002
   146.2500      2.342294901609421E-002
   157.5000      2.338685095310211E-002
   168.7500      2.342085167765617E-002
   180.0000      2.351378649473190E-002
   191.2500      2.365076355636120E-002
   202.5000      2.383092604577541E-002
   213.7500      2.403036504983902E-002
   225.0000      2.421995624899864E-002
   236.2500      2.440036647021770E-002
   247.5000      2.455221116542816E-002
   258.7500      2.468633837997913E-002
   270.0000      2.478343620896339E-002
   281.2500      2.486230246722698E-002
   292.5000      2.492359280586243E-002
   303.7500      2.498103678226471E-002
   315.0000      2.503734454512596E-002
   326.2500      2.508153766393661E-002
   337.5000      2.513702400028706E-002
   348.7500      2.517272531986237E-002
   360.0000      2.519806846976280E-002
