  0.0000000E+00  2.619458176195621E-002
   11.25000      2.625622972846031E-002
   22.50000      2.620761282742023E-002
   33.75000      2.608996815979481E-002
   45.00000      2.587868832051754E-002
   56.25000      2.557403594255447E-002
   67.50000      2.520059607923031E-002
   78.75000      2.477388456463814E-002
   90.00000      2.431878820061684E-002
   101.2500      2.386318892240524E-002
   112.5000      2.341657876968384E-002
   123.7500      2.302241697907448E-002
   135.0000      2.267833240330219E-002
   146.2500      2.242175117135048E-002
   157.5000      2.225429192185402E-002
   168.7500      2.217627130448818E-002
   180.0000      2.220269478857517E-002
   191.2500      2.229526825249195E-002
   202.5000      2.247304655611515E-002
   213.7500      2.268238179385662E-002
   225.0000      2.294701896607876E-002
   236.2500      2.323410846292973E-002
   247.5000      2.354457788169384E-002
   258.7500      2.386107854545116E-002
   270.0000      2.417391352355480E-002
   281.2500      2.447956241667271E-002
   292.5000      2.478620223701000E-002
   303.7500      2.508503384888172E-002
   315.0000      2.536968328058720E-002
   326.2500      2.564278990030289E-002
   337.5000      2.587709948420525E-002
   348.7500      2.607832103967667E-002
   360.0000      2.619458176195621E-002
