  0.0000000E+00  2.412560768425465E-002
   11.25000      2.419843524694443E-002
   22.50000      2.422093972563744E-002
   33.75000      2.420985512435436E-002
   45.00000      2.415813691914082E-002
   56.25000      2.404831722378731E-002
   67.50000      2.392043545842171E-002
   78.75000      2.374618314206600E-002
   90.00000      2.355360984802246E-002
   101.2500      2.335599996149540E-002
   112.5000      2.315902151167393E-002
   123.7500      2.297186665236950E-002
   135.0000      2.279632538557053E-002
   146.2500      2.265297621488571E-002
   157.5000      2.254716306924820E-002
   168.7500      2.247601933777332E-002
   180.0000      2.244180068373680E-002
   191.2500      2.245130948722363E-002
   202.5000      2.248891256749630E-002
   213.7500      2.255100011825562E-002
   225.0000      2.264269255101681E-002
   236.2500      2.274756506085396E-002
   247.5000      2.287131361663342E-002
   258.7500      2.300524711608887E-002
   270.0000      2.313943207263947E-002
   281.2500      2.328036166727543E-002
   292.5000      2.340692654252052E-002
   303.7500      2.353868819773197E-002
   315.0000      2.367345243692398E-002
   326.2500      2.379718609154224E-002
   337.5000      2.392357029020786E-002
   348.7500      2.403633482754230E-002
   360.0000      2.412560768425465E-002
