  0.0000000E+00  1.714191026985645E-002
   11.25000      1.713324151933193E-002
   22.50000      1.710125058889389E-002
   33.75000      1.704051345586777E-002
   45.00000      1.695528067648411E-002
   56.25000      1.683439314365387E-002
   67.50000      1.669170707464218E-002
   78.75000      1.651949062943459E-002
   90.00000      1.633107289671898E-002
   101.2500      1.614222861826420E-002
   112.5000      1.594803109765053E-002
   123.7500      1.578132994472980E-002
   135.0000      1.562832295894623E-002
   146.2500      1.552077662199736E-002
   157.5000      1.544723566621542E-002
   168.7500      1.542589161545038E-002
   180.0000      1.544974744319916E-002
   191.2500      1.551855821162462E-002
   202.5000      1.562551595270634E-002
   213.7500      1.576482877135277E-002
   225.0000      1.592501066625118E-002
   236.2500      1.609786227345467E-002
   247.5000      1.626762561500072E-002
   258.7500      1.642418466508389E-002
   270.0000      1.657448522746563E-002
   281.2500      1.669965125620365E-002
   292.5000      1.681496948003769E-002
   303.7500      1.690823957324028E-002
   315.0000      1.698851771652699E-002
   326.2500      1.704796031117439E-002
   337.5000      1.709725335240364E-002
   348.7500      1.712465286254883E-002
   360.0000      1.714191026985645E-002
