  0.0000000E+00  2.274985611438751E-002
   11.25000      2.265550382435322E-002
   22.50000      2.252726256847382E-002
   33.75000      2.237029373645782E-002
   45.00000      2.219106443226337E-002
   56.25000      2.200188487768173E-002
   67.50000      2.181308344006538E-002
   78.75000      2.162841707468033E-002
   90.00000      2.146572433412075E-002
   101.2500      2.134044282138348E-002
   112.5000      2.126493677496910E-002
   123.7500      2.124703489243984E-002
   135.0000      2.128839492797852E-002
   146.2500      2.138512767851353E-002
   157.5000      2.152839303016663E-002
   168.7500      2.168948948383331E-002
   180.0000      2.187847346067429E-002
   191.2500      2.207418344914913E-002
   202.5000      2.226286008954048E-002
   213.7500      2.243216522037983E-002
   225.0000      2.258180268108845E-002
   236.2500      2.267953939735889E-002
   247.5000      2.275602892041206E-002
   258.7500      2.280684374272823E-002
   270.0000      2.283596992492676E-002
   281.2500      2.285059168934822E-002
   292.5000      2.285794727504253E-002
   303.7500      2.286261878907681E-002
   315.0000      2.286478132009506E-002
   326.2500      2.286024577915668E-002
   337.5000      2.284216508269310E-002
   348.7500      2.280401065945625E-002
   360.0000      2.274985611438751E-002
