  0.0000000E+00  1.870250515639782E-002
   11.25000      1.877282373607159E-002
   22.50000      1.880564726889133E-002
   33.75000      1.878592371940613E-002
   45.00000      1.872254535555840E-002
   56.25000      1.860134489834309E-002
   67.50000      1.843864284455776E-002
   78.75000      1.822747290134430E-002
   90.00000      1.798533461987972E-002
   101.2500      1.771788112819195E-002
   112.5000      1.745129004120827E-002
   123.7500      1.719302870333195E-002
   135.0000      1.696179620921612E-002
   146.2500      1.677081547677517E-002
   157.5000      1.662512309849262E-002
   168.7500      1.653342694044113E-002
   180.0000      1.648679375648499E-002
   191.2500      1.650140248239040E-002
   202.5000      1.655683107674122E-002
   213.7500      1.666386798024178E-002
   225.0000      1.680029183626175E-002
   236.2500      1.695581339299679E-002
   247.5000      1.714338548481464E-002
   258.7500      1.731457561254501E-002
   270.0000      1.749581098556519E-002
   281.2500      1.767650246620178E-002
   292.5000      1.783801242709160E-002
   303.7500      1.801215671002865E-002
   315.0000      1.816224120557308E-002
   326.2500      1.832717843353748E-002
   337.5000      1.846097223460674E-002
   348.7500      1.859451830387115E-002
   360.0000      1.870250515639782E-002
