  0.0000000E+00  2.169526182115078E-002
   11.25000      2.178348973393440E-002
   22.50000      2.180257812142372E-002
   33.75000      2.177409827709198E-002
   45.00000      2.166339382529259E-002
   56.25000      2.148900367319584E-002
   67.50000      2.124969102442265E-002
   78.75000      2.096000313758850E-002
   90.00000      2.063404209911823E-002
   101.2500      2.028931118547916E-002
   112.5000      1.994455605745316E-002
   123.7500      1.962557993829250E-002
   135.0000      1.934847049415112E-002
   146.2500      1.912952400743961E-002
   157.5000      1.897590607404709E-002
   168.7500      1.889672502875328E-002
   180.0000      1.887582615017891E-002
   191.2500      1.892694830894470E-002
   202.5000      1.902748644351959E-002
   213.7500      1.917032897472382E-002
   225.0000      1.935488171875477E-002
   236.2500      1.954998448491096E-002
   247.5000      1.977315917611122E-002
   258.7500      1.997669972479343E-002
   270.0000      2.019795216619968E-002
   281.2500      2.040035277605057E-002
   292.5000      2.060807310044765E-002
   303.7500      2.081404253840446E-002
   315.0000      2.100992016494274E-002
   326.2500      2.121331915259361E-002
   337.5000      2.139608375728130E-002
   348.7500      2.156740427017212E-002
   360.0000      2.169526182115078E-002
