  0.0000000E+00  2.477107383310795E-002
   11.25000      2.480588108301163E-002
   22.50000      2.478245645761490E-002
   33.75000      2.469352446496487E-002
   45.00000      2.452423982322216E-002
   56.25000      2.429408021271229E-002
   67.50000      2.400908991694450E-002
   78.75000      2.366828359663486E-002
   90.00000      2.330656908452511E-002
   101.2500      2.292457409203053E-002
   112.5000      2.256087958812714E-002
   123.7500      2.222063392400742E-002
   135.0000      2.192644402384758E-002
   146.2500      2.171581238508224E-002
   157.5000      2.154465205967426E-002
   168.7500      2.146494761109352E-002
   180.0000      2.145683020353317E-002
   191.2500      2.150602824985981E-002
   202.5000      2.162775024771690E-002
   213.7500      2.180839516222477E-002
   225.0000      2.202495746314526E-002
   236.2500      2.225239947438240E-002
   247.5000      2.252686209976673E-002
   258.7500      2.279338426887989E-002
   270.0000      2.306591719388962E-002
   281.2500      2.333676815032959E-002
   292.5000      2.359187044203281E-002
   303.7500      2.385586313903332E-002
   315.0000      2.408651076257229E-002
   326.2500      2.431542053818703E-002
   337.5000      2.450673840939999E-002
   348.7500      2.466534078121185E-002
   360.0000      2.477107383310795E-002
