  0.0000000E+00  1.439198944717646E-002
   11.25000      1.441372279077768E-002
   22.50000      1.439919508993626E-002
   33.75000      1.434668153524399E-002
   45.00000      1.424522977322340E-002
   56.25000      1.411052234470844E-002
   67.50000      1.393891870975494E-002
   78.75000      1.374473609030247E-002
   90.00000      1.353409606963396E-002
   101.2500      1.331758871674538E-002
   112.5000      1.311271544545889E-002
   123.7500      1.292099803686142E-002
   135.0000      1.276644133031368E-002
   146.2500      1.263405568897724E-002
   157.5000      1.255385391414165E-002
   168.7500      1.249590609222651E-002
   180.0000      1.249682810157537E-002
   191.2500      1.251606922596693E-002
   202.5000      1.258912403136492E-002
   213.7500      1.266966667026281E-002
   225.0000      1.278704684227705E-002
   236.2500      1.291152928024530E-002
   247.5000      1.305961236357689E-002
   258.7500      1.320467144250870E-002
   270.0000      1.336580328643322E-002
   281.2500      1.351774577051401E-002
   292.5000      1.368118543177843E-002
   303.7500      1.383300591260195E-002
   315.0000      1.398536562919617E-002
   326.2500      1.411820668727160E-002
   337.5000      1.423976477235556E-002
   348.7500      1.432955078780651E-002
   360.0000      1.439198944717646E-002
