  0.0000000E+00  1.753783598542213E-002
   11.25000      1.758083701133728E-002
   22.50000      1.758627220988274E-002
   33.75000      1.755917631089687E-002
   45.00000      1.748939231038094E-002
   56.25000      1.738392561674118E-002
   67.50000      1.724530756473541E-002
   78.75000      1.708019338548183E-002
   90.00000      1.690568588674068E-002
   101.2500      1.672180555760860E-002
   112.5000      1.654374971985817E-002
   123.7500      1.637468300759792E-002
   135.0000      1.624068431556225E-002
   146.2500      1.613187789916992E-002
   157.5000      1.605951972305775E-002
   168.7500      1.603208482265472E-002
   180.0000      1.603079028427601E-002
   191.2500      1.608285494148731E-002
   202.5000      1.614275388419628E-002
   213.7500      1.624037139117718E-002
   225.0000      1.634232141077518E-002
   236.2500      1.645938493311405E-002
   247.5000      1.657292619347572E-002
   258.7500      1.668055169284344E-002
   270.0000      1.678889431059361E-002
   281.2500      1.688874885439873E-002
   292.5000      1.699191331863403E-002
   303.7500      1.709136366844177E-002
   315.0000      1.719696074724197E-002
   326.2500      1.729008927941322E-002
   337.5000      1.738825067877769E-002
   348.7500      1.746646873652935E-002
   360.0000      1.753783598542213E-002
