  0.0000000E+00  2.500419318675995E-002
   11.25000      2.513169869780540E-002
   22.50000      2.519376203417778E-002
   33.75000      2.520550042390823E-002
   45.00000      2.514400333166122E-002
   56.25000      2.503858879208565E-002
   67.50000      2.488498017191887E-002
   78.75000      2.467567473649979E-002
   90.00000      2.443416789174080E-002
   101.2500      2.416133880615234E-002
   112.5000      2.387971617281437E-002
   123.7500      2.360387146472931E-002
   135.0000      2.334435097873211E-002
   146.2500      2.312123775482178E-002
   157.5000      2.293195016682148E-002
   168.7500      2.279496192932129E-002
   180.0000      2.271057479083538E-002
   191.2500      2.266479283571243E-002
   202.5000      2.267050370573997E-002
   213.7500      2.272623404860497E-002
   225.0000      2.280052378773689E-002
   236.2500      2.292088605463505E-002
   247.5000      2.304095774888992E-002
   258.7500      2.320225536823273E-002
   270.0000      2.336245402693748E-002
   281.2500      2.355782128870487E-002
   292.5000      2.375789545476437E-002
   303.7500      2.397013269364834E-002
   315.0000      2.420415356755257E-002
   326.2500      2.440882101655006E-002
   337.5000      2.463668584823608E-002
   348.7500      2.484080567955971E-002
   360.0000      2.500419318675995E-002
