  0.0000000E+00  2.383701317012310E-002
   11.25000      2.378901094198227E-002
   22.50000      2.369592897593975E-002
   33.75000      2.356480248272419E-002
   45.00000      2.336903102695942E-002
   56.25000      2.316448464989662E-002
   67.50000      2.291575260460377E-002
   78.75000      2.264850772917271E-002
   90.00000      2.238777652382851E-002
   101.2500      2.211979217827320E-002
   112.5000      2.186433412134647E-002
   123.7500      2.163181453943253E-002
   135.0000      2.142769470810890E-002
   146.2500      2.127207815647125E-002
   157.5000      2.115713991224766E-002
   168.7500      2.109324187040329E-002
   180.0000      2.108635008335114E-002
   191.2500      2.113487198948860E-002
   202.5000      2.123972401022911E-002
   213.7500      2.139549702405930E-002
   225.0000      2.159619331359863E-002
   236.2500      2.183122374117374E-002
   247.5000      2.209128811955452E-002
   258.7500      2.235882729291916E-002
   270.0000      2.262406237423420E-002
   281.2500      2.287374064326286E-002
   292.5000      2.310683391988277E-002
   303.7500      2.332451567053795E-002
   315.0000      2.350179105997086E-002
   326.2500      2.363651245832443E-002
   337.5000      2.375864982604980E-002
   348.7500      2.381904236972332E-002
   360.0000      2.383701317012310E-002
