  0.0000000E+00  2.380094863474369E-002
   11.25000      2.383613213896751E-002
   22.50000      2.382680773735046E-002
   33.75000      2.374173142015934E-002
   45.00000      2.360185608267784E-002
   56.25000      2.340279147028923E-002
   67.50000      2.314607799053192E-002
   78.75000      2.285928279161453E-002
   90.00000      2.253753691911697E-002
   101.2500      2.221252769231796E-002
   112.5000      2.190351858735085E-002
   123.7500      2.161560021340847E-002
   135.0000      2.136171981692314E-002
   146.2500      2.115658670663834E-002
   157.5000      2.100696042180061E-002
   168.7500      2.091467380523682E-002
   180.0000      2.088535390794277E-002
   191.2500      2.091435343027115E-002
   202.5000      2.100127376616001E-002
   213.7500      2.114016003906727E-002
   225.0000      2.131219580769539E-002
   236.2500      2.152034640312195E-002
   247.5000      2.174676768481731E-002
   258.7500      2.197731472551823E-002
   270.0000      2.223440259695053E-002
   281.2500      2.246996760368347E-002
   292.5000      2.272125333547592E-002
   303.7500      2.297319285571575E-002
   315.0000      2.318948879837990E-002
   326.2500      2.340365387499332E-002
   337.5000      2.357360720634460E-002
   348.7500      2.370724081993103E-002
   360.0000      2.380094863474369E-002
