  0.0000000E+00  1.273900829255581E-002
   11.25000      1.271239481866360E-002
   22.50000      1.266445219516754E-002
   33.75000      1.259643863886595E-002
   45.00000      1.251284219324589E-002
   56.25000      1.240525115281343E-002
   67.50000      1.228460576385260E-002
   78.75000      1.214666571468115E-002
   90.00000      1.200255751609802E-002
   101.2500      1.185274031013250E-002
   112.5000      1.170850265771151E-002
   123.7500      1.157284341752529E-002
   135.0000      1.145547907799482E-002
   146.2500      1.136478967964649E-002
   157.5000      1.129757519811392E-002
   168.7500      1.127538643777370E-002
   180.0000      1.127504650503397E-002
   191.2500      1.132288016378880E-002
   202.5000      1.139181666076183E-002
   213.7500      1.149033196270466E-002
   225.0000      1.161315571516752E-002
   236.2500      1.174944080412388E-002
   247.5000      1.189829502254725E-002
   258.7500      1.204418577253819E-002
   270.0000      1.218723971396685E-002
   281.2500      1.231700181961060E-002
   292.5000      1.243772823363543E-002
   303.7500      1.253755670040846E-002
   315.0000      1.262127514928579E-002
   326.2500      1.268270704895258E-002
   337.5000      1.272470224648714E-002
   348.7500      1.274260878562927E-002
   360.0000      1.273900829255581E-002
