  0.0000000E+00  1.665557920932770E-002
   11.25000      1.669578813016415E-002
   22.50000      1.667987741529942E-002
   33.75000      1.662046648561954E-002
   45.00000      1.650770008563995E-002
   56.25000      1.635053567588329E-002
   67.50000      1.615629531443119E-002
   78.75000      1.593274064362049E-002
   90.00000      1.569190248847008E-002
   101.2500      1.544637046754360E-002
   112.5000      1.521109137684107E-002
   123.7500      1.499373000115156E-002
   135.0000      1.481034699827433E-002
   146.2500      1.466044597327709E-002
   157.5000      1.456618774682283E-002
   168.7500      1.450703665614128E-002
   180.0000      1.450884342193604E-002
   191.2500      1.454113889485598E-002
   202.5000      1.462287828326225E-002
   213.7500      1.472744904458523E-002
   225.0000      1.487053465098143E-002
   236.2500      1.501617394387722E-002
   247.5000      1.518446579575539E-002
   258.7500      1.535051502287388E-002
   270.0000      1.553197856992483E-002
   281.2500      1.569978147745132E-002
   292.5000      1.587939448654652E-002
   303.7500      1.604052260518074E-002
   315.0000      1.620693132281303E-002
   326.2500      1.635381951928139E-002
   337.5000      1.648608036339283E-002
   348.7500      1.659550145268440E-002
   360.0000      1.665557920932770E-002
