  0.0000000E+00  2.367414906620979E-002
   11.25000      2.363940887153149E-002
   22.50000      2.357662469148636E-002
   33.75000      2.346332184970379E-002
   45.00000      2.333470806479454E-002
   56.25000      2.315498702228069E-002
   67.50000      2.294500917196274E-002
   78.75000      2.273583412170410E-002
   90.00000      2.248843573033810E-002
   101.2500      2.224461175501347E-002
   112.5000      2.200193516910076E-002
   123.7500      2.177251502871513E-002
   135.0000      2.157720923423767E-002
   146.2500      2.141687832772732E-002
   157.5000      2.130952477455139E-002
   168.7500      2.126740664243698E-002
   180.0000      2.126915380358696E-002
   191.2500      2.134206891059875E-002
   202.5000      2.146603353321552E-002
   213.7500      2.163675427436829E-002
   225.0000      2.184268459677696E-002
   236.2500      2.206941135227680E-002
   247.5000      2.230600826442242E-002
   258.7500      2.254267223179340E-002
   270.0000      2.277367003262043E-002
   281.2500      2.298420481383801E-002
   292.5000      2.316882647573948E-002
   303.7500      2.332397736608982E-002
   315.0000      2.345956675708294E-002
   326.2500      2.356423996388912E-002
   337.5000      2.363409101963043E-002
   348.7500      2.366947941482067E-002
   360.0000      2.367414906620979E-002
