  0.0000000E+00  2.583981677889824E-002
   11.25000      2.609726414084435E-002
   22.50000      2.626394480466843E-002
   33.75000      2.631700970232487E-002
   45.00000      2.626918815076351E-002
   56.25000      2.609384432435036E-002
   67.50000      2.581130713224411E-002
   78.75000      2.541424147784710E-002
   90.00000      2.493802271783352E-002
   101.2500      2.441051043570042E-002
   112.5000      2.384279854595661E-002
   123.7500      2.331039868295193E-002
   135.0000      2.281036972999573E-002
   146.2500      2.237250469624996E-002
   157.5000      2.202758006751537E-002
   168.7500      2.175417728722095E-002
   180.0000      2.158369682729244E-002
   191.2500      2.148581109941006E-002
   202.5000      2.146841771900654E-002
   213.7500      2.152670733630657E-002
   225.0000      2.164987474679947E-002
   236.2500      2.183733135461807E-002
   247.5000      2.205821871757507E-002
   258.7500      2.233565412461758E-002
   270.0000      2.264342084527016E-002
   281.2500      2.299864031374454E-002
   292.5000      2.339200302958488E-002
   303.7500      2.380909584462643E-002
   315.0000      2.424117736518383E-002
   326.2500      2.467745915055275E-002
   337.5000      2.509354054927826E-002
   348.7500      2.549646049737930E-002
   360.0000      2.583981677889824E-002
