  0.0000000E+00  2.482227981090546E-002
   11.25000      2.484027296304703E-002
   22.50000      2.480040863156319E-002
   33.75000      2.469486743211746E-002
   45.00000      2.450924739241600E-002
   56.25000      2.426949143409729E-002
   67.50000      2.396912686526775E-002
   78.75000      2.362100966274738E-002
   90.00000      2.325620315968990E-002
   101.2500      2.287528850138187E-002
   112.5000      2.251918986439705E-002
   123.7500      2.218806929886341E-002
   135.0000      2.191769145429134E-002
   146.2500      2.171511948108673E-002
   157.5000      2.155510894954205E-002
   168.7500      2.149649709463120E-002
   180.0000      2.149134688079357E-002
   191.2500      2.155321836471558E-002
   202.5000      2.169027365744114E-002
   213.7500      2.187560871243477E-002
   225.0000      2.209252119064331E-002
   236.2500      2.232823520898819E-002
   247.5000      2.260771207511425E-002
   258.7500      2.286927960813046E-002
   270.0000      2.314716205000877E-002
   281.2500      2.341695688664913E-002
   292.5000      2.367979846894741E-002
   303.7500      2.394307777285576E-002
   315.0000      2.417484670877457E-002
   326.2500      2.440551295876503E-002
   337.5000      2.458830736577511E-002
   348.7500      2.473791316151619E-002
   360.0000      2.482227981090546E-002
