  0.0000000E+00  2.317782305181026E-002
   11.25000      2.318812720477581E-002
   22.50000      2.317805588245392E-002
   33.75000      2.311613410711288E-002
   45.00000      2.302636206150055E-002
   56.25000      2.289344184100628E-002
   67.50000      2.272318303585052E-002
   78.75000      2.251262404024601E-002
   90.00000      2.227999083697796E-002
   101.2500      2.204306609928608E-002
   112.5000      2.179814502596855E-002
   123.7500      2.159041538834572E-002
   135.0000      2.139145880937576E-002
   146.2500      2.124600671231747E-002
   157.5000      2.114241570234299E-002
   168.7500      2.107806876301765E-002
   180.0000      2.107743732631207E-002
   191.2500      2.111487463116646E-002
   202.5000      2.119208499789238E-002
   213.7500      2.131852880120277E-002
   225.0000      2.146377600729465E-002
   236.2500      2.164084836840630E-002
   247.5000      2.182380482554436E-002
   258.7500      2.200996316969395E-002
   270.0000      2.220104821026325E-002
   281.2500      2.236650697886944E-002
   292.5000      2.253789640963078E-002
   303.7500      2.269434556365013E-002
   315.0000      2.282546088099480E-002
   326.2500      2.295123413205147E-002
   337.5000      2.304672077298164E-002
   348.7500      2.312775515019894E-002
   360.0000      2.317782305181026E-002
