  0.0000000E+00  2.208030782639980E-002
   11.25000      2.210604026913643E-002
   22.50000      2.205812558531761E-002
   33.75000      2.196440845727921E-002
   45.00000      2.180106379091740E-002
   56.25000      2.157644368708134E-002
   67.50000      2.129471302032471E-002
   78.75000      2.098096162080765E-002
   90.00000      2.063835971057415E-002
   101.2500      2.030204609036446E-002
   112.5000      1.998270861804485E-002
   123.7500      1.969924010336399E-002
   135.0000      1.946513541042805E-002
   146.2500      1.929219625890255E-002
   157.5000      1.918220333755016E-002
   168.7500      1.914262585341930E-002
   180.0000      1.917211152613163E-002
   191.2500      1.926030404865742E-002
   202.5000      1.939952000975609E-002
   213.7500      1.957841962575912E-002
   225.0000      1.977021433413029E-002
   236.2500      1.999730616807938E-002
   247.5000      2.021967060863972E-002
   258.7500      2.044677548110485E-002
   270.0000      2.067395858466625E-002
   281.2500      2.088557928800583E-002
   292.5000      2.111061662435532E-002
   303.7500      2.131505869328976E-002
   315.0000      2.152959816157818E-002
   326.2500      2.171530388295650E-002
   337.5000      2.187921665608883E-002
   348.7500      2.200638875365257E-002
   360.0000      2.208030782639980E-002
