  0.0000000E+00  2.414480224251747E-002
   11.25000      2.411862835288048E-002
   22.50000      2.405364997684956E-002
   33.75000      2.394836954772472E-002
   45.00000      2.378803305327892E-002
   56.25000      2.361481450498104E-002
   67.50000      2.339421398937702E-002
   78.75000      2.315508574247360E-002
   90.00000      2.288557030260563E-002
   101.2500      2.262476459145546E-002
   112.5000      2.237317524850368E-002
   123.7500      2.216458320617676E-002
   135.0000      2.200795710086823E-002
   146.2500      2.192692272365093E-002
   157.5000      2.191289514303207E-002
   168.7500      2.197410725057125E-002
   180.0000      2.209278568625450E-002
   191.2500      2.225681580603123E-002
   202.5000      2.246247604489326E-002
   213.7500      2.268853969871998E-002
   225.0000      2.292893454432487E-002
   236.2500      2.314966730773449E-002
   247.5000      2.335376664996147E-002
   258.7500      2.351977303624153E-002
   270.0000      2.364850603044033E-002
   281.2500      2.375642769038677E-002
   292.5000      2.383964508771896E-002
   303.7500      2.393056452274323E-002
   315.0000      2.398545108735561E-002
   326.2500      2.405714802443981E-002
   337.5000      2.409816347062588E-002
   348.7500      2.412321418523788E-002
   360.0000      2.414480224251747E-002
