  0.0000000E+00  2.337151952087879E-002
   11.25000      2.319879271090031E-002
   22.50000      2.297847531735897E-002
   33.75000      2.271548844873905E-002
   45.00000      2.242185920476913E-002
   56.25000      2.210863679647446E-002
   67.50000      2.179658412933350E-002
   78.75000      2.148756571114063E-002
   90.00000      2.120102383196354E-002
   101.2500      2.095680311322212E-002
   112.5000      2.077344991266727E-002
   123.7500      2.066645398736000E-002
   135.0000      2.064522169530392E-002
   146.2500      2.070939168334007E-002
   157.5000      2.086759544909000E-002
   168.7500      2.107344940304756E-002
   180.0000      2.134210243821144E-002
   191.2500      2.165236324071884E-002
   202.5000      2.198532037436962E-002
   213.7500      2.231308445334435E-002
   225.0000      2.263944596052170E-002
   236.2500      2.290682867169380E-002
   247.5000      2.314065769314766E-002
   258.7500      2.333341352641582E-002
   270.0000      2.348352223634720E-002
   281.2500      2.359217405319214E-002
   292.5000      2.366229705512524E-002
   303.7500      2.369676902890205E-002
   315.0000      2.370004914700985E-002
   326.2500      2.366654202342033E-002
   337.5000      2.360876277089119E-002
   348.7500      2.349446155130863E-002
   360.0000      2.337151952087879E-002
