  0.0000000E+00  2.257466316223145E-002
   11.25000      2.268279902637005E-002
   22.50000      2.275168895721436E-002
   33.75000      2.278197929263115E-002
   45.00000      2.273766137659550E-002
   56.25000      2.265132404863834E-002
   67.50000      2.249347232282162E-002
   78.75000      2.229963056743145E-002
   90.00000      2.207684516906738E-002
   101.2500      2.183426916599274E-002
   112.5000      2.159599587321281E-002
   123.7500      2.136839926242828E-002
   135.0000      2.118207886815071E-002
   146.2500      2.103956229984760E-002
   157.5000      2.093303389847279E-002
   168.7500      2.089059911668301E-002
   180.0000      2.088173106312752E-002
   191.2500      2.091531641781330E-002
   202.5000      2.097826823592186E-002
   213.7500      2.106348611414433E-002
   225.0000      2.115226164460182E-002
   236.2500      2.125626988708973E-002
   247.5000      2.134378813207150E-002
   258.7500      2.143247053027153E-002
   270.0000      2.151787094771862E-002
   281.2500      2.160464972257614E-002
   292.5000      2.170432545244694E-002
   303.7500      2.182392030954361E-002
   315.0000      2.196321450173855E-002
   326.2500      2.211996167898178E-002
   337.5000      2.228473871946335E-002
   348.7500      2.244149707257748E-002
   360.0000      2.257466316223145E-002
