  0.0000000E+00  2.538840286433697E-002
   11.25000      2.566744014620781E-002
   22.50000      2.587205357849598E-002
   33.75000      2.597454562783241E-002
   45.00000      2.599651925265789E-002
   56.25000      2.589587308466434E-002
   67.50000      2.569233253598213E-002
   78.75000      2.539649978280067E-002
   90.00000      2.500689402222633E-002
   101.2500      2.457885816693306E-002
   112.5000      2.410460263490677E-002
   123.7500      2.362661436200142E-002
   135.0000      2.318614907562733E-002
   146.2500      2.277807705104351E-002
   157.5000      2.244607172906399E-002
   168.7500      2.217352390289307E-002
   180.0000      2.198244817554951E-002
   191.2500      2.186411432921886E-002
   202.5000      2.179412543773651E-002
   213.7500      2.179885469377041E-002
   225.0000      2.184905856847763E-002
   236.2500      2.196223475039005E-002
   247.5000      2.210837788879871E-002
   258.7500      2.229962870478630E-002
   270.0000      2.251710556447506E-002
   281.2500      2.278436720371246E-002
   292.5000      2.310447953641415E-002
   303.7500      2.346927858889103E-002
   315.0000      2.385929040610790E-002
   326.2500      2.426784113049507E-002
   337.5000      2.466050721704960E-002
   348.7500      2.504342235624790E-002
   360.0000      2.538840286433697E-002
