  0.0000000E+00  2.667889744043350E-002
   11.25000      2.662220597267151E-002
   22.50000      2.642771601676941E-002
   33.75000      2.610890753567219E-002
   45.00000      2.568394131958485E-002
   56.25000      2.516326308250427E-002
   67.50000      2.460115775465965E-002
   78.75000      2.398697473108768E-002
   90.00000      2.336400002241135E-002
   101.2500      2.275145053863525E-002
   112.5000      2.218262292444706E-002
   123.7500      2.168544754385948E-002
   135.0000      2.128027752041817E-002
   146.2500      2.097768150269985E-002
   157.5000      2.080693468451500E-002
   168.7500      2.074450999498367E-002
   180.0000      2.080807276070118E-002
   191.2500      2.096664160490036E-002
   202.5000      2.125085890293121E-002
   213.7500      2.161376737058163E-002
   225.0000      2.205802500247955E-002
   236.2500      2.254657819867134E-002
   247.5000      2.305764332413673E-002
   258.7500      2.356439828872681E-002
   270.0000      2.409308031201363E-002
   281.2500      2.459058538079262E-002
   292.5000      2.507703192532063E-002
   303.7500      2.552423812448978E-002
   315.0000      2.590886689722538E-002
   326.2500      2.624419331550598E-002
   337.5000      2.648724056780338E-002
   348.7500      2.664748020470142E-002
   360.0000      2.667889744043350E-002
