  0.0000000E+00  2.466385625302792E-002
   11.25000      2.460611052811146E-002
   22.50000      2.450001426041126E-002
   33.75000      2.436185441911221E-002
   45.00000      2.417999692261219E-002
   56.25000      2.397153340280056E-002
   67.50000      2.373185940086842E-002
   78.75000      2.346742898225784E-002
   90.00000      2.319941483438015E-002
   101.2500      2.293897047638893E-002
   112.5000      2.267396636307240E-002
   123.7500      2.245407178997993E-002
   135.0000      2.226345986127853E-002
   146.2500      2.212595008313656E-002
   157.5000      2.203843183815479E-002
   168.7500      2.201400697231293E-002
   180.0000      2.206104248762131E-002
   191.2500      2.214842289686203E-002
   202.5000      2.232297509908676E-002
   213.7500      2.252686396241188E-002
   225.0000      2.275883778929710E-002
   236.2500      2.304511144757271E-002
   247.5000      2.329374663531780E-002
   258.7500      2.356363832950592E-002
   270.0000      2.380407974123955E-002
   281.2500      2.402474731206894E-002
   292.5000      2.421414852142334E-002
   303.7500      2.436280064284801E-002
   315.0000      2.449902333319187E-002
   326.2500      2.458566054701805E-002
   337.5000      2.466204203665257E-002
   348.7500      2.467584237456322E-002
   360.0000      2.466385625302792E-002
