  0.0000000E+00  2.404362708330154E-002
   11.25000      2.420502901077271E-002
   22.50000      2.431371435523033E-002
   33.75000      2.438012883067131E-002
   45.00000      2.439214847981930E-002
   56.25000      2.433322370052338E-002
   67.50000      2.422421053051949E-002
   78.75000      2.405400760471821E-002
   90.00000      2.384907938539982E-002
   101.2500      2.362717874348164E-002
   112.5000      2.340012975037098E-002
   123.7500      2.319758944213390E-002
   135.0000      2.301769144833088E-002
   146.2500      2.289886772632599E-002
   157.5000      2.281903848052025E-002
   168.7500      2.279676496982574E-002
   180.0000      2.280727028846741E-002
   191.2500      2.284791320562363E-002
   202.5000      2.289836481213570E-002
   213.7500      2.296496182680130E-002
   225.0000      2.301707491278648E-002
   236.2500      2.307084575295448E-002
   247.5000      2.310332842171192E-002
   258.7500      2.312964946031570E-002
   270.0000      2.314282022416592E-002
   281.2500      2.316552959382534E-002
   292.5000      2.321463637053967E-002
   303.7500      2.329604886472225E-002
   315.0000      2.340914681553841E-002
   326.2500      2.355006523430347E-002
   337.5000      2.370715886354446E-002
   348.7500      2.388238534331322E-002
   360.0000      2.404362708330154E-002
