  0.0000000E+00  2.444126829504967E-002
   11.25000      2.451983653008938E-002
   22.50000      2.454185113310814E-002
   33.75000      2.451733872294426E-002
   45.00000      2.442807704210281E-002
   56.25000      2.425852231681347E-002
   67.50000      2.403024397790432E-002
   78.75000      2.374715358018875E-002
   90.00000      2.342520281672478E-002
   101.2500      2.308925427496433E-002
   112.5000      2.272978611290455E-002
   123.7500      2.240285463631153E-002
   135.0000      2.209586463868618E-002
   146.2500      2.182593382894993E-002
   157.5000      2.162842079997063E-002
   168.7500      2.148966304957867E-002
   180.0000      2.142581716179848E-002
   191.2500      2.142535708844662E-002
   202.5000      2.151663601398468E-002
   213.7500      2.162247337400913E-002
   225.0000      2.179679833352566E-002
   236.2500      2.201749943196774E-002
   247.5000      2.225214056670666E-002
   258.7500      2.251789346337318E-002
   270.0000      2.277069166302681E-002
   281.2500      2.304180897772312E-002
   292.5000      2.329255454242229E-002
   303.7500      2.353558875620365E-002
   315.0000      2.376569435000420E-002
   326.2500      2.397416345775127E-002
   337.5000      2.416401170194149E-002
   348.7500      2.431927248835564E-002
   360.0000      2.444126829504967E-002
