  0.0000000E+00  2.044331468641758E-002
   11.25000      2.051427587866783E-002
   22.50000      2.054884098470211E-002
   33.75000      2.053077332675457E-002
   45.00000      2.048173174262047E-002
   56.25000      2.038348838686943E-002
   67.50000      2.024065516889095E-002
   78.75000      2.006630972027779E-002
   90.00000      1.986305788159370E-002
   101.2500      1.964753679931164E-002
   112.5000      1.943039707839489E-002
   123.7500      1.921641640365124E-002
   135.0000      1.903339289128780E-002
   146.2500      1.887166500091553E-002
   157.5000      1.876111142337322E-002
   168.7500      1.868731528520584E-002
   180.0000      1.865962333977222E-002
   191.2500      1.867805421352386E-002
   202.5000      1.871037296950817E-002
   213.7500      1.878520846366882E-002
   225.0000      1.886549405753613E-002
   236.2500      1.897728443145752E-002
   247.5000      1.908872462809086E-002
   258.7500      1.921552233397961E-002
   270.0000      1.934046670794487E-002
   281.2500      1.947619393467903E-002
   292.5000      1.960755698382854E-002
   303.7500      1.975913718342781E-002
   315.0000      1.990666799247265E-002
   326.2500      2.006030082702637E-002
   337.5000      2.020926773548126E-002
   348.7500      2.033299207687378E-002
   360.0000      2.044331468641758E-002
