  0.0000000E+00  2.338746003806591E-002
   11.25000      2.341511100530624E-002
   22.50000      2.341390773653984E-002
   33.75000      2.337138168513775E-002
   45.00000      2.328666113317013E-002
   56.25000      2.318031340837479E-002
   67.50000      2.302517183125019E-002
   78.75000      2.284776419401169E-002
   90.00000      2.265001460909843E-002
   101.2500      2.243968844413757E-002
   112.5000      2.223087474703789E-002
   123.7500      2.201046980917454E-002
   135.0000      2.181058004498482E-002
   146.2500      2.163961902260780E-002
   157.5000      2.149433456361294E-002
   168.7500      2.138607390224934E-002
   180.0000      2.130546979606152E-002
   191.2500      2.127521485090256E-002
   202.5000      2.128154225647449E-002
   213.7500      2.133592776954174E-002
   225.0000      2.142433449625969E-002
   236.2500      2.154984325170517E-002
   247.5000      2.169793844223022E-002
   258.7500      2.186237461864948E-002
   270.0000      2.206482738256454E-002
   281.2500      2.225671894848347E-002
   292.5000      2.246792055666447E-002
   303.7500      2.268764562904835E-002
   315.0000      2.287435345351696E-002
   326.2500      2.305203676223755E-002
   337.5000      2.319837920367718E-002
   348.7500      2.330857142806053E-002
   360.0000      2.338746003806591E-002
