  0.0000000E+00  2.355698123574257E-002
   11.25000      2.359077893197536E-002
   22.50000      2.357488684356213E-002
   33.75000      2.348414994776249E-002
   45.00000      2.335364744067192E-002
   56.25000      2.315888367593288E-002
   67.50000      2.292641438543797E-002
   78.75000      2.267267741262913E-002
   90.00000      2.239504642784595E-002
   101.2500      2.211639285087585E-002
   112.5000      2.184724062681198E-002
   123.7500      2.159280516207218E-002
   135.0000      2.137631922960281E-002
   146.2500      2.119221352040768E-002
   157.5000      2.105985023081303E-002
   168.7500      2.098143100738525E-002
   180.0000      2.094420790672302E-002
   191.2500      2.096979133784771E-002
   202.5000      2.103038504719734E-002
   213.7500      2.113133482635021E-002
   225.0000      2.127452380955219E-002
   236.2500      2.143484540283680E-002
   247.5000      2.163107320666313E-002
   258.7500      2.184188552200794E-002
   270.0000      2.207039855420589E-002
   281.2500      2.230442687869072E-002
   292.5000      2.253030054271221E-002
   303.7500      2.276654541492462E-002
   315.0000      2.297882363200188E-002
   326.2500      2.317763864994049E-002
   337.5000      2.333419211208820E-002
   348.7500      2.347263507544994E-002
   360.0000      2.355698123574257E-002
