  0.0000000E+00  2.566804550588131E-002
   11.25000      2.557744458317757E-002
   22.50000      2.545329183340073E-002
   33.75000      2.528790012001991E-002
   45.00000      2.506538107991219E-002
   56.25000      2.481081895530224E-002
   67.50000      2.451777644455433E-002
   78.75000      2.422435767948627E-002
   90.00000      2.391535788774490E-002
   101.2500      2.363999933004379E-002
   112.5000      2.337816730141640E-002
   123.7500      2.315397188067436E-002
   135.0000      2.298353426158428E-002
   146.2500      2.286686562001705E-002
   157.5000      2.283474989235401E-002
   168.7500      2.287610433995724E-002
   180.0000      2.298809587955475E-002
   191.2500      2.317100390791893E-002
   202.5000      2.338603697717190E-002
   213.7500      2.365698479115963E-002
   225.0000      2.392423152923584E-002
   236.2500      2.421138435602188E-002
   247.5000      2.448813058435917E-002
   258.7500      2.474534511566162E-002
   270.0000      2.497485093772411E-002
   281.2500      2.517098374664783E-002
   292.5000      2.534707263112068E-002
   303.7500      2.547959238290787E-002
   315.0000      2.559078112244606E-002
   326.2500      2.566773444414139E-002
   337.5000      2.571115083992481E-002
   348.7500      2.570757642388344E-002
   360.0000      2.566804550588131E-002
