  0.0000000E+00  2.620126120746136E-002
   11.25000      2.617253363132477E-002
   22.50000      2.603949233889580E-002
   33.75000      2.585938759148121E-002
   45.00000      2.558645419776440E-002
   56.25000      2.525751106441021E-002
   67.50000      2.487731352448463E-002
   78.75000      2.446191571652889E-002
   90.00000      2.403421327471733E-002
   101.2500      2.360787056386471E-002
   112.5000      2.321833744645119E-002
   123.7500      2.288473024964333E-002
   135.0000      2.261675149202347E-002
   146.2500      2.244347706437111E-002
   157.5000      2.234200388193130E-002
   168.7500      2.233865484595299E-002
   180.0000      2.240514568984509E-002
   191.2500      2.254342846572399E-002
   202.5000      2.275650389492512E-002
   213.7500      2.299926616251469E-002
   225.0000      2.328928560018539E-002
   236.2500      2.359636500477791E-002
   247.5000      2.391997724771500E-002
   258.7500      2.423060499131680E-002
   270.0000      2.454300783574581E-002
   281.2500      2.484464459121227E-002
   292.5000      2.513346821069717E-002
   303.7500      2.540515735745430E-002
   315.0000      2.565944381058216E-002
   326.2500      2.587901800870895E-002
   337.5000      2.604877017438412E-002
   348.7500      2.616338059306145E-002
   360.0000      2.620126120746136E-002
