  0.0000000E+00  2.401171624660492E-002
   11.25000      2.405757457017899E-002
   22.50000      2.407440356910229E-002
   33.75000      2.405266650021076E-002
   45.00000      2.397632598876953E-002
   56.25000      2.387023530900478E-002
   67.50000      2.371552772819996E-002
   78.75000      2.351948991417885E-002
   90.00000      2.329198271036148E-002
   101.2500      2.303916960954666E-002
   112.5000      2.277883328497410E-002
   123.7500      2.252854034304619E-002
   135.0000      2.227817289531231E-002
   146.2500      2.207240089774132E-002
   157.5000      2.190019376575947E-002
   168.7500      2.176901511847973E-002
   180.0000      2.169869095087051E-002
   191.2500      2.167750708758831E-002
   202.5000      2.172254957258701E-002
   213.7500      2.180766500532627E-002
   225.0000      2.194576710462570E-002
   236.2500      2.211617305874825E-002
   247.5000      2.230364829301834E-002
   258.7500      2.250843867659569E-002
   270.0000      2.272064611315727E-002
   281.2500      2.292700856924057E-002
   292.5000      2.312447130680084E-002
   303.7500      2.332020178437233E-002
   315.0000      2.349944226443768E-002
   326.2500      2.366506122052670E-002
   337.5000      2.380428090691566E-002
   348.7500      2.391848713159561E-002
   360.0000      2.401171624660492E-002
