  0.0000000E+00  1.404303312301636E-002
   11.25000      1.409937907010317E-002
   22.50000      1.411168742924929E-002
   33.75000      1.409836765378714E-002
   45.00000      1.404104009270668E-002
   56.25000      1.394120324403048E-002
   67.50000      1.380527112632990E-002
   78.75000      1.363313291221857E-002
   90.00000      1.344339642673731E-002
   101.2500      1.323316711932421E-002
   112.5000      1.303135883063078E-002
   123.7500      1.282698009163141E-002
   135.0000      1.265586819499731E-002
   146.2500      1.249904464930296E-002
   157.5000      1.239455398172140E-002
   168.7500      1.231486722826958E-002
   180.0000      1.229320280253887E-002
   191.2500      1.229404192417860E-002
   202.5000      1.234977971762419E-002
   213.7500      1.241765171289444E-002
   225.0000      1.252420805394650E-002
   236.2500      1.263880077749491E-002
   247.5000      1.277795527130365E-002
   258.7500      1.291413139551878E-002
   270.0000      1.306196581572294E-002
   281.2500      1.320253591984510E-002
   292.5000      1.334720198065042E-002
   303.7500      1.348156388849020E-002
   315.0000      1.361634489148855E-002
   326.2500      1.374282687902451E-002
   337.5000      1.386074256151915E-002
   348.7500      1.396405044943094E-002
   360.0000      1.404303312301636E-002
