  0.0000000E+00  2.400391921401024E-002
   11.25000      2.405503392219543E-002
   22.50000      2.407554164528847E-002
   33.75000      2.403480000793934E-002
   45.00000      2.394957840442657E-002
   56.25000      2.381956763565540E-002
   67.50000      2.363708615303040E-002
   78.75000      2.341893687844276E-002
   90.00000      2.316956780850887E-002
   101.2500      2.290343120694160E-002
   112.5000      2.263638190925121E-002
   123.7500      2.237358130514622E-002
   135.0000      2.213489823043346E-002
   146.2500      2.194434590637684E-002
   157.5000      2.177900075912476E-002
   168.7500      2.168080955743790E-002
   180.0000      2.163834869861603E-002
   191.2500      2.164930291473866E-002
   202.5000      2.170923538506031E-002
   213.7500      2.180871739983559E-002
   225.0000      2.195326238870621E-002
   236.2500      2.211039699614048E-002
   247.5000      2.229281514883041E-002
   258.7500      2.248861268162727E-002
   270.0000      2.268514595925808E-002
   281.2500      2.288410812616348E-002
   292.5000      2.308752015233040E-002
   303.7500      2.328506670892239E-002
   315.0000      2.346716634929180E-002
   326.2500      2.363795414566994E-002
   337.5000      2.378480322659016E-002
   348.7500      2.391300909221172E-002
   360.0000      2.400391921401024E-002
