  0.0000000E+00  2.382821775972843E-002
   11.25000      2.381217107176781E-002
   22.50000      2.375380881130695E-002
   33.75000      2.365074306726456E-002
   45.00000      2.350638806819916E-002
   56.25000      2.333120442926884E-002
   67.50000      2.313148230314255E-002
   78.75000      2.291888743638992E-002
   90.00000      2.270435728132725E-002
   101.2500      2.249095961451530E-002
   112.5000      2.229105494916439E-002
   123.7500      2.210892923176289E-002
   135.0000      2.194636128842831E-002
   146.2500      2.181051857769489E-002
   157.5000      2.169019728899002E-002
   168.7500      2.161117270588875E-002
   180.0000      2.157635800540447E-002
   191.2500      2.156701125204563E-002
   202.5000      2.161252684891224E-002
   213.7500      2.169566974043846E-002
   225.0000      2.180957049131393E-002
   236.2500      2.197697013616562E-002
   247.5000      2.215556427836418E-002
   258.7500      2.237147279083729E-002
   270.0000      2.258400991559029E-002
   281.2500      2.281068451702595E-002
   292.5000      2.304073795676231E-002
   303.7500      2.324523963034153E-002
   315.0000      2.343677729368210E-002
   326.2500      2.359703741967678E-002
   337.5000      2.372109331190586E-002
   348.7500      2.379635907709599E-002
   360.0000      2.382821775972843E-002
