  0.0000000E+00  1.492482889443636E-002
   11.25000      1.493554282933474E-002
   22.50000      1.493620220571756E-002
   33.75000      1.490088459104300E-002
   45.00000      1.483849715441465E-002
   56.25000      1.474075578153133E-002
   67.50000      1.462192647159100E-002
   78.75000      1.447494700551033E-002
   90.00000      1.431700680404902E-002
   101.2500      1.414699386805296E-002
   112.5000      1.398516539484262E-002
   123.7500      1.383565086871386E-002
   135.0000      1.371128577739000E-002
   146.2500      1.362062525004148E-002
   157.5000      1.355875376611948E-002
   168.7500      1.354583911597729E-002
   180.0000      1.355718076229095E-002
   191.2500      1.361647713929415E-002
   202.5000      1.369065977632999E-002
   213.7500      1.379923056811094E-002
   225.0000      1.391152758151293E-002
   236.2500      1.402977481484413E-002
   247.5000      1.415229309350252E-002
   258.7500      1.426758151501417E-002
   270.0000      1.437809318304062E-002
   281.2500      1.447298284620047E-002
   292.5000      1.456642895936966E-002
   303.7500      1.464073546230793E-002
   315.0000      1.471942942589521E-002
   326.2500      1.477782242000103E-002
   337.5000      1.484306342899799E-002
   348.7500      1.488486863672733E-002
   360.0000      1.492482889443636E-002
