  0.0000000E+00  2.321658656001091E-002
   11.25000      2.326518110930920E-002
   22.50000      2.325123548507690E-002
   33.75000      2.319580316543579E-002
   45.00000      2.309839613735676E-002
   56.25000      2.295611426234245E-002
   67.50000      2.277835831046104E-002
   78.75000      2.257464081048965E-002
   90.00000      2.235743217170238E-002
   101.2500      2.212774567306042E-002
   112.5000      2.190969884395599E-002
   123.7500      2.169957384467125E-002
   135.0000      2.151289395987988E-002
   146.2500      2.136635221540928E-002
   157.5000      2.123801223933697E-002
   168.7500      2.118028886616230E-002
   180.0000      2.114296332001686E-002
   191.2500      2.116313762962818E-002
   202.5000      2.122202143073082E-002
   213.7500      2.129862271249294E-002
   225.0000      2.142084948718548E-002
   236.2500      2.155434712767601E-002
   247.5000      2.170478180050850E-002
   258.7500      2.187604829668999E-002
   270.0000      2.204502187669277E-002
   281.2500      2.222827263176441E-002
   292.5000      2.240302599966526E-002
   303.7500      2.256894111633301E-002
   315.0000      2.274674549698830E-002
   326.2500      2.289364859461784E-002
   337.5000      2.302937395870686E-002
   348.7500      2.314284443855286E-002
   360.0000      2.321658656001091E-002
