  0.0000000E+00  7.346898317337036E-002
   11.25000      7.321239262819290E-002
   22.50000      7.315530627965927E-002
   33.75000      7.316062599420547E-002
   45.00000      7.353552430868149E-002
   56.25000      7.399133592844009E-002
   67.50000      7.463841140270233E-002
   78.75000      7.551451772451401E-002
   90.00000      7.637821882963181E-002
   101.2500      7.732889056205750E-002
   112.5000      7.827576994895935E-002
   123.7500      7.911557704210281E-002
   135.0000      7.986196130514145E-002
   146.2500      8.038093149662018E-002
   157.5000      8.071767538785934E-002
   168.7500      8.083769679069519E-002
   180.0000      8.076111227273941E-002
   191.2500      8.050135523080826E-002
   202.5000      8.006501197814941E-002
   213.7500      7.953897863626480E-002
   225.0000      7.893746346235275E-002
   236.2500      7.834332436323166E-002
   247.5000      7.775076478719711E-002
   258.7500      7.727134227752686E-002
   270.0000      7.684765756130219E-002
   281.2500      7.645659148693085E-002
   292.5000      7.613072544336319E-002
   303.7500      7.571636140346527E-002
   315.0000      7.526009529829025E-002
   326.2500      7.491701096296310E-002
   337.5000      7.436750084161758E-002
   348.7500      7.391456514596939E-002
   360.0000      7.346898317337036E-002
