  0.0000000E+00  6.501463800668716E-002
   11.25000      6.435676664113998E-002
   22.50000      6.409726291894913E-002
   33.75000      6.397210061550140E-002
   45.00000      6.433106958866119E-002
   56.25000      6.488718837499619E-002
   67.50000      6.593884527683258E-002
   78.75000      6.712856143712997E-002
   90.00000      6.852047890424728E-002
   101.2500      6.990642845630646E-002
   112.5000      7.118816673755646E-002
   123.7500      7.223565131425858E-002
   135.0000      7.294212281703949E-002
   146.2500      7.328721880912781E-002
   157.5000      7.321314513683319E-002
   168.7500      7.280721515417099E-002
   180.0000      7.206347584724426E-002
   191.2500      7.127624005079269E-002
   202.5000      7.034868001937866E-002
   213.7500      6.955920159816742E-002
   225.0000      6.893900781869888E-002
   236.2500      6.849408894777298E-002
   247.5000      6.843033432960510E-002
   258.7500      6.844156235456467E-002
   270.0000      6.864812225103378E-002
   281.2500      6.867197901010513E-002
   292.5000      6.875996291637421E-002
   303.7500      6.846100836992264E-002
   315.0000      6.799238175153732E-002
   326.2500      6.734715402126312E-002
   337.5000      6.651736050844193E-002
   348.7500      6.572104245424271E-002
   360.0000      6.501463800668716E-002
