  0.0000000E+00  0.131109699606895     
   11.25000      0.130280271172523     
   22.50000      0.129529029130936     
   33.75000      0.129031747579575     
   45.00000      0.128852248191833     
   56.25000      0.129072651267052     
   67.50000      0.129600256681442     
   78.75000      0.130558118224144     
   90.00000      0.131694972515106     
   101.2500      0.133167654275894     
   112.5000      0.134635061025620     
   123.7500      0.136197999119759     
   135.0000      0.137506306171417     
   146.2500      0.138725131750107     
   157.5000      0.139544934034348     
   168.7500      0.140200331807137     
   180.0000      0.140406563878059     
   191.2500      0.140466764569283     
   202.5000      0.140155300498009     
   213.7500      0.139764264225960     
   225.0000      0.139119982719421     
   236.2500      0.138620227575302     
   247.5000      0.138019651174545     
   258.7500      0.137493476271629     
   270.0000      0.137034133076668     
   281.2500      0.136474162340164     
   292.5000      0.136071354150772     
   303.7500      0.135370850563049     
   315.0000      0.134770169854164     
   326.2500      0.133881822228432     
   337.5000      0.133003711700439     
   348.7500      0.132017269730568     
   360.0000      0.131109699606895     
