  0.0000000E+00  6.014935299754143E-002
   11.25000      5.877819657325745E-002
   22.50000      5.758967995643616E-002
   33.75000      5.677647516131401E-002
   45.00000      5.646145716309547E-002
   56.25000      5.635722726583481E-002
   67.50000      5.691831558942795E-002
   78.75000      5.771683156490326E-002
   90.00000      5.880293995141983E-002
   101.2500      6.014153733849525E-002
   112.5000      6.137637421488762E-002
   123.7500      6.250298023223877E-002
   135.0000      6.339412182569504E-002
   146.2500      6.398683041334152E-002
   157.5000      6.440800428390503E-002
   168.7500      6.446161121129990E-002
   180.0000      6.458491086959839E-002
   191.2500      6.446790695190430E-002
   202.5000      6.454902142286301E-002
   213.7500      6.461299210786819E-002
   225.0000      6.496570259332657E-002
   236.2500      6.543809920549393E-002
   247.5000      6.616985797882080E-002
   258.7500      6.683439016342163E-002
   270.0000      6.748818606138229E-002
   281.2500      6.782915443181992E-002
   292.5000      6.788471341133118E-002
   303.7500      6.741933524608612E-002
   315.0000      6.650406122207642E-002
   326.2500      6.517196446657181E-002
   337.5000      6.358753144741058E-002
   348.7500      6.186590716242790E-002
   360.0000      6.014935299754143E-002
