  0.0000000E+00  6.321165710687637E-002
   11.25000      6.233816221356392E-002
   22.50000      6.171541288495064E-002
   33.75000      6.133652478456497E-002
   45.00000      6.127625703811646E-002
   56.25000      6.155838072299957E-002
   67.50000      6.208464875817299E-002
   78.75000      6.290013343095779E-002
   90.00000      6.390972435474396E-002
   101.2500      6.498194485902786E-002
   112.5000      6.612426042556763E-002
   123.7500      6.710463017225266E-002
   135.0000      6.796984374523163E-002
   146.2500      6.856054812669754E-002
   157.5000      6.890503317117691E-002
   168.7500      6.906991451978683E-002
   180.0000      6.894925981760025E-002
   191.2500      6.878770887851715E-002
   202.5000      6.856145709753036E-002
   213.7500      6.823565065860748E-002
   225.0000      6.803670525550842E-002
   236.2500      6.782895326614380E-002
   247.5000      6.782972067594528E-002
   258.7500      6.780505180358887E-002
   270.0000      6.795141845941544E-002
   281.2500      6.795863062143326E-002
   292.5000      6.773956120014191E-002
   303.7500      6.748802959918976E-002
   315.0000      6.680905073881149E-002
   326.2500      6.608166545629501E-002
   337.5000      6.520972400903702E-002
   348.7500      6.415100395679474E-002
   360.0000      6.321165710687637E-002
