  0.0000000E+00  7.054103910923004E-002
   11.25000      6.997685134410858E-002
   22.50000      6.957910954952240E-002
   33.75000      6.943824887275696E-002
   45.00000      6.944926083087921E-002
   56.25000      6.967297941446304E-002
   67.50000      7.021895051002502E-002
   78.75000      7.093539088964462E-002
   90.00000      7.182794064283371E-002
   101.2500      7.292071729898453E-002
   112.5000      7.401160150766373E-002
   123.7500      7.506942003965378E-002
   135.0000      7.596880197525024E-002
   146.2500      7.680104672908783E-002
   157.5000      7.722781598567963E-002
   168.7500      7.757669687271118E-002
   180.0000      7.764612883329391E-002
   191.2500      7.749709486961365E-002
   202.5000      7.731168717145920E-002
   213.7500      7.698224484920502E-002
   225.0000      7.663670182228088E-002
   236.2500      7.623960077762604E-002
   247.5000      7.586010545492172E-002
   258.7500      7.557003200054169E-002
   270.0000      7.521718740463257E-002
   281.2500      7.487209141254425E-002
   292.5000      7.445428520441055E-002
   303.7500      7.393784821033478E-002
   315.0000      7.337079942226410E-002
   326.2500      7.266952097415924E-002
   337.5000      7.195663452148438E-002
   348.7500      7.120979577302933E-002
   360.0000      7.054103910923004E-002
