  0.0000000E+00  0.158558219671249     
   11.25000      0.157866254448891     
   22.50000      0.157320976257324     
   33.75000      0.157009795308113     
   45.00000      0.156777799129486     
   56.25000      0.156929716467857     
   67.50000      0.157157003879547     
   78.75000      0.157779797911644     
   90.00000      0.158433213829994     
   101.2500      0.159393325448036     
   112.5000      0.160261660814285     
   123.7500      0.161311402916908     
   135.0000      0.162126600742340     
   146.2500      0.163026899099350     
   157.5000      0.163595557212830     
   168.7500      0.164167135953903     
   180.0000      0.164387479424477     
   191.2500      0.164600566029549     
   202.5000      0.164585128426552     
   213.7500      0.164597898721695     
   225.0000      0.164514496922493     
   236.2500      0.164426982402802     
   247.5000      0.164297074079514     
   258.7500      0.164084553718567     
   270.0000      0.163900524377823     
   281.2500      0.163510829210281     
   292.5000      0.163151949644089     
   303.7500      0.162500739097595     
   315.0000      0.161881327629089     
   326.2500      0.161072224378586     
   337.5000      0.160226002335548     
   348.7500      0.159371376037598     
   360.0000      0.158558219671249     
