  0.0000000E+00  4.899785295128822E-002
   11.25000      4.787735641002655E-002
   22.50000      4.702091962099075E-002
   33.75000      4.668843746185303E-002
   45.00000      4.671158269047737E-002
   56.25000      4.721355810761452E-002
   67.50000      4.820705205202103E-002
   78.75000      4.952622205018997E-002
   90.00000      5.121394246816635E-002
   101.2500      5.321843549609184E-002
   112.5000      5.515652522444725E-002
   123.7500      5.714610964059830E-002
   135.0000      5.879932269454002E-002
   146.2500      6.027474999427795E-002
   157.5000      6.126674264669418E-002
   168.7500      6.205612048506737E-002
   180.0000      6.253221631050110E-002
   191.2500      6.269761919975281E-002
   202.5000      6.265576183795929E-002
   213.7500      6.241870298981667E-002
   225.0000      6.215898692607880E-002
   236.2500      6.169872358441353E-002
   247.5000      6.130919605493546E-002
   258.7500      6.071642413735390E-002
   270.0000      6.010149419307709E-002
   281.2500      5.917211994528770E-002
   292.5000      5.815299227833748E-002
   303.7500      5.680382624268532E-002
   315.0000      5.539352446794510E-002
   326.2500      5.370111018419266E-002
   337.5000      5.203995108604431E-002
   348.7500      5.043983832001686E-002
   360.0000      4.899785295128822E-002
