  0.0000000E+00  7.892987877130508E-002
   11.25000      7.863656431436539E-002
   22.50000      7.846769690513611E-002
   33.75000      7.853667438030243E-002
   45.00000      7.873988151550293E-002
   56.25000      7.915458828210831E-002
   67.50000      7.977452874183655E-002
   78.75000      8.055342733860016E-002
   90.00000      8.147692680358887E-002
   101.2500      8.245959132909775E-002
   112.5000      8.346107602119446E-002
   123.7500      8.441455662250519E-002
   135.0000      8.521582931280136E-002
   146.2500      8.583680540323257E-002
   157.5000      8.629833161830902E-002
   168.7500      8.644402027130127E-002
   180.0000      8.639317750930786E-002
   191.2500      8.614969253540039E-002
   202.5000      8.577997982501984E-002
   213.7500      8.529277145862579E-002
   225.0000      8.473668992519379E-002
   236.2500      8.420387655496597E-002
   247.5000      8.363709598779678E-002
   258.7500      8.312485367059708E-002
   270.0000      8.264140784740448E-002
   281.2500      8.216357976198196E-002
   292.5000      8.167981356382370E-002
   303.7500      8.121382445096970E-002
   315.0000      8.074090629816055E-002
   326.2500      8.024382591247559E-002
   337.5000      7.976781576871872E-002
   348.7500      7.929835468530655E-002
   360.0000      7.892987877130508E-002
