  0.0000000E+00  5.807385593652725E-002
   11.25000      5.724449828267097E-002
   22.50000      5.674122646450996E-002
   33.75000      5.659651756286621E-002
   45.00000      5.668104439973831E-002
   56.25000      5.722067505121231E-002
   67.50000      5.815603956580162E-002
   78.75000      5.932896211743355E-002
   90.00000      6.082777306437492E-002
   101.2500      6.233664229512215E-002
   112.5000      6.388796120882034E-002
   123.7500      6.526276469230652E-002
   135.0000      6.639508157968521E-002
   146.2500      6.727053225040436E-002
   157.5000      6.770070642232895E-002
   168.7500      6.788004934787750E-002
   180.0000      6.763050705194473E-002
   191.2500      6.718334555625916E-002
   202.5000      6.654131412506104E-002
   213.7500      6.588897854089737E-002
   225.0000      6.525153666734695E-002
   236.2500      6.473923474550247E-002
   247.5000      6.433694064617157E-002
   258.7500      6.405879557132721E-002
   270.0000      6.381198018789291E-002
   281.2500      6.359786540269852E-002
   292.5000      6.323421746492386E-002
   303.7500      6.269220262765884E-002
   315.0000      6.197499483823776E-002
   326.2500      6.101927906274796E-002
   337.5000      6.007646024227142E-002
   348.7500      5.895037949085236E-002
   360.0000      5.807385593652725E-002
