  0.0000000E+00  5.144766718149185E-002
   11.25000      5.063782632350922E-002
   22.50000      5.017469823360443E-002
   33.75000      5.026343092322350E-002
   45.00000      5.081228166818619E-002
   56.25000      5.195738375186920E-002
   67.50000      5.360838398337364E-002
   78.75000      5.563652887940407E-002
   90.00000      5.797411501407623E-002
   101.2500      6.046263501048088E-002
   112.5000      6.275366246700287E-002
   123.7500      6.512348353862762E-002
   135.0000      6.684236973524094E-002
   146.2500      6.816124171018600E-002
   157.5000      6.924585998058319E-002
   168.7500      6.940130144357681E-002
   180.0000      6.944397836923599E-002
   191.2500      6.894172728061676E-002
   202.5000      6.823109835386276E-002
   213.7500      6.745970994234085E-002
   225.0000      6.634742021560669E-002
   236.2500      6.538178771734238E-002
   247.5000      6.432753801345825E-002
   258.7500      6.339509040117264E-002
   270.0000      6.249143555760384E-002
   281.2500      6.150573119521141E-002
   292.5000      6.031687930226326E-002
   303.7500      5.892744660377502E-002
   315.0000      5.736768990755081E-002
   326.2500      5.574972927570343E-002
   337.5000      5.415650457143784E-002
   348.7500      5.273590981960297E-002
   360.0000      5.144766718149185E-002
