  0.0000000E+00  0.165674433112144     
   11.25000      0.165482029318810     
   22.50000      0.165326967835426     
   33.75000      0.165293753147125     
   45.00000      0.165303319692612     
   56.25000      0.165659546852112     
   67.50000      0.166113734245300     
   78.75000      0.166889995336533     
   90.00000      0.167739033699036     
   101.2500      0.168794333934784     
   112.5000      0.169803410768509     
   123.7500      0.170825317502022     
   135.0000      0.171604275703430     
   146.2500      0.172211661934853     
   157.5000      0.172473162412643     
   168.7500      0.172403201460838     
   180.0000      0.172161623835564     
   191.2500      0.171442627906799     
   202.5000      0.170785382390022     
   213.7500      0.169910818338394     
   225.0000      0.169067248702049     
   236.2500      0.168260276317596     
   247.5000      0.167580470442772     
   258.7500      0.167092666029930     
   270.0000      0.166731685400009     
   281.2500      0.166531175374985     
   292.5000      0.166418164968491     
   303.7500      0.166394442319870     
   315.0000      0.166313558816910     
   326.2500      0.166242107748985     
   337.5000      0.166081681847572     
   348.7500      0.165910422801971     
   360.0000      0.165674433112144     
