  0.0000000E+00  7.749059051275253E-002
   11.25000      7.718914002180099E-002
   22.50000      7.696778327226639E-002
   33.75000      7.701829075813293E-002
   45.00000      7.726702839136124E-002
   56.25000      7.773901522159576E-002
   67.50000      7.849620282649994E-002
   78.75000      7.934396713972092E-002
   90.00000      8.034420758485794E-002
   101.2500      8.141614496707916E-002
   112.5000      8.244683593511581E-002
   123.7500      8.342084288597107E-002
   135.0000      8.422623574733734E-002
   146.2500      8.482414484024048E-002
   157.5000      8.529646694660187E-002
   168.7500      8.545359969139099E-002
   180.0000      8.541459590196609E-002
   191.2500      8.515174686908722E-002
   202.5000      8.471228927373886E-002
   213.7500      8.421658724546432E-002
   225.0000      8.362683653831482E-002
   236.2500      8.306893706321716E-002
   247.5000      8.252973854541779E-002
   258.7500      8.201628923416138E-002
   270.0000      8.155777305364609E-002
   281.2500      8.107522130012512E-002
   292.5000      8.064999431371689E-002
   303.7500      8.015331625938416E-002
   315.0000      7.966189086437225E-002
   326.2500      7.903584837913513E-002
   337.5000      7.849336415529251E-002
   348.7500      7.797030359506607E-002
   360.0000      7.749059051275253E-002
