  0.0000000E+00  5.217838659882545E-002
   11.25000      5.202355608344078E-002
   22.50000      5.227293446660042E-002
   33.75000      5.308844894170761E-002
   45.00000      5.422009527683258E-002
   56.25000      5.577857792377472E-002
   67.50000      5.771686136722565E-002
   78.75000      5.999677255749702E-002
   90.00000      6.242248788475990E-002
   101.2500      6.488586962223053E-002
   112.5000      6.718182563781738E-002
   123.7500      6.903418153524399E-002
   135.0000      7.048036158084869E-002
   146.2500      7.142291218042374E-002
   157.5000      7.142989337444305E-002
   168.7500      7.134509086608887E-002
   180.0000      7.050356268882751E-002
   191.2500      6.909528374671936E-002
   202.5000      6.773199141025543E-002
   213.7500      6.601113826036453E-002
   225.0000      6.451985985040665E-002
   236.2500      6.309565901756287E-002
   247.5000      6.170649081468582E-002
   258.7500      6.061767041683197E-002
   270.0000      5.958983674645424E-002
   281.2500      5.866326019167900E-002
   292.5000      5.767623335123062E-002
   303.7500      5.668920278549194E-002
   315.0000      5.559013411402702E-002
   326.2500      5.451631546020508E-002
   337.5000      5.351477116346359E-002
   348.7500      5.272295325994492E-002
   360.0000      5.217838659882545E-002
