  0.0000000E+00  6.394117325544357E-002
   11.25000      6.288971006870270E-002
   22.50000      6.205676868557930E-002
   33.75000      6.151391193270683E-002
   45.00000      6.122008711099625E-002
   56.25000      6.135829910635948E-002
   67.50000      6.189059838652611E-002
   78.75000      6.268396228551865E-002
   90.00000      6.378731131553650E-002
   101.2500      6.486457586288452E-002
   112.5000      6.602788716554642E-002
   123.7500      6.679845601320267E-002
   135.0000      6.748347729444504E-002
   146.2500      6.767344474792480E-002
   157.5000      6.764627993106842E-002
   168.7500      6.722830981016159E-002
   180.0000      6.668099761009216E-002
   191.2500      6.600349396467209E-002
   202.5000      6.544369459152222E-002
   213.7500      6.493029743432999E-002
   225.0000      6.479194760322571E-002
   236.2500      6.489189714193344E-002
   247.5000      6.532436609268188E-002
   258.7500      6.598374992609024E-002
   270.0000      6.671395152807236E-002
   281.2500      6.736069172620773E-002
   292.5000      6.782461702823639E-002
   303.7500      6.789052486419678E-002
   315.0000      6.761174649000168E-002
   326.2500      6.693486124277115E-002
   337.5000      6.611099839210510E-002
   348.7500      6.494075804948807E-002
   360.0000      6.394117325544357E-002
