  0.0000000E+00  6.575284153223038E-002
   11.25000      6.495297700166702E-002
   22.50000      6.462569534778595E-002
   33.75000      6.453850865364075E-002
   45.00000      6.495477259159088E-002
   56.25000      6.570719927549362E-002
   67.50000      6.679631769657135E-002
   78.75000      6.821569800376892E-002
   90.00000      6.983307003974915E-002
   101.2500      7.154899090528488E-002
   112.5000      7.312193512916565E-002
   123.7500      7.448684424161911E-002
   135.0000      7.540339976549149E-002
   146.2500      7.597223669290543E-002
   157.5000      7.600724697113037E-002
   168.7500      7.574176043272018E-002
   180.0000      7.518981397151947E-002
   191.2500      7.438666373491287E-002
   202.5000      7.361370325088501E-002
   213.7500      7.269742339849472E-002
   225.0000      7.211211323738098E-002
   236.2500      7.151219248771667E-002
   247.5000      7.134577631950378E-002
   258.7500      7.120766490697861E-002
   270.0000      7.127257436513901E-002
   281.2500      7.125990837812424E-002
   292.5000      7.099696993827820E-002
   303.7500      7.052598148584366E-002
   315.0000      6.976969540119171E-002
   326.2500      6.877715140581131E-002
   337.5000      6.774979829788208E-002
   348.7500      6.666094809770584E-002
   360.0000      6.575284153223038E-002
