  0.0000000E+00  0.141823247075081     
   11.25000      0.141334727406502     
   22.50000      0.140753597021103     
   33.75000      0.140466108918190     
   45.00000      0.140365257859230     
   56.25000      0.140623301267624     
   67.50000      0.141079619526863     
   78.75000      0.141845121979713     
   90.00000      0.142739817500114     
   101.2500      0.143819049000740     
   112.5000      0.144877180457115     
   123.7500      0.145869687199593     
   135.0000      0.146667987108231     
   146.2500      0.147175610065460     
   157.5000      0.147490173578262     
   168.7500      0.147391900420189     
   180.0000      0.147186353802681     
   191.2500      0.146615415811539     
   202.5000      0.146091505885124     
   213.7500      0.145383402705193     
   225.0000      0.144833445549011     
   236.2500      0.144418925046921     
   247.5000      0.144103288650513     
   258.7500      0.143973439931870     
   270.0000      0.143884986639023     
   281.2500      0.143967181444168     
   292.5000      0.143916964530945     
   303.7500      0.143966674804688     
   315.0000      0.143713980913162     
   326.2500      0.143518805503845     
   337.5000      0.142976090312004     
   348.7500      0.142509281635284     
   360.0000      0.141823247075081     
