  0.0000000E+00  6.244770437479019E-002
   11.25000      6.106166914105415E-002
   22.50000      6.008227169513702E-002
   33.75000      5.926410108804703E-002
   45.00000      5.897041410207748E-002
   56.25000      5.903849750757217E-002
   67.50000      5.942714214324951E-002
   78.75000      6.025318801403046E-002
   90.00000      6.126208230853081E-002
   101.2500      6.237946078181267E-002
   112.5000      6.353279948234558E-002
   123.7500      6.444995105266571E-002
   135.0000      6.522715836763382E-002
   146.2500      6.548476219177246E-002
   157.5000      6.564545631408691E-002
   168.7500      6.536615639925003E-002
   180.0000      6.508900225162506E-002
   191.2500      6.466006487607956E-002
   202.5000      6.442666053771973E-002
   213.7500      6.426715850830078E-002
   225.0000      6.445502489805222E-002
   236.2500      6.478118151426315E-002
   247.5000      6.547355651855469E-002
   258.7500      6.622931361198425E-002
   270.0000      6.709364801645279E-002
   281.2500      6.772659718990326E-002
   292.5000      6.804001331329346E-002
   303.7500      6.792160123586655E-002
   315.0000      6.740776449441910E-002
   326.2500      6.647704541683197E-002
   337.5000      6.528013944625854E-002
   348.7500      6.390357762575150E-002
   360.0000      6.244770437479019E-002
