  0.0000000E+00  7.897465676069260E-002
   11.25000      7.795475423336029E-002
   22.50000      7.723660022020340E-002
   33.75000      7.666855305433273E-002
   45.00000      7.652840018272400E-002
   56.25000      7.672750949859619E-002
   67.50000      7.726328819990158E-002
   78.75000      7.819214463233948E-002
   90.00000      7.927595824003220E-002
   101.2500      8.058224618434906E-002
   112.5000      8.178105950355530E-002
   123.7500      8.287198096513748E-002
   135.0000      8.370684087276459E-002
   146.2500      8.420813828706741E-002
   157.5000      8.435995131731033E-002
   168.7500      8.423074334859848E-002
   180.0000      8.382306247949600E-002
   191.2500      8.326713740825653E-002
   202.5000      8.272593468427658E-002
   213.7500      8.217134326696396E-002
   225.0000      8.190713077783585E-002
   236.2500      8.180557936429977E-002
   247.5000      8.190017193555832E-002
   258.7500      8.218971639871597E-002
   270.0000      8.256136626005173E-002
   281.2500      8.288826793432236E-002
   292.5000      8.308295905590057E-002
   303.7500      8.300128579139709E-002
   315.0000      8.264181762933731E-002
   326.2500      8.194628357887268E-002
   337.5000      8.108919858932495E-002
   348.7500      7.997570931911469E-002
   360.0000      7.897465676069260E-002
