  0.0000000E+00  5.312671139836311E-002
   11.25000      5.192640796303749E-002
   22.50000      5.106097832322121E-002
   33.75000      5.072085931897163E-002
   45.00000      5.084067210555077E-002
   56.25000      5.146527662873268E-002
   67.50000      5.258981883525848E-002
   78.75000      5.428272485733032E-002
   90.00000      5.615655332803726E-002
   101.2500      5.844547972083092E-002
   112.5000      6.065272912383080E-002
   123.7500      6.257806718349457E-002
   135.0000      6.457148492336273E-002
   146.2500      6.582507491111755E-002
   157.5000      6.691148877143860E-002
   168.7500      6.757348775863647E-002
   180.0000      6.784518063068390E-002
   191.2500      6.791483610868454E-002
   202.5000      6.760641187429428E-002
   213.7500      6.734321266412735E-002
   225.0000      6.696468591690063E-002
   236.2500      6.656014174222946E-002
   247.5000      6.615243107080460E-002
   258.7500      6.553420424461365E-002
   270.0000      6.489904224872589E-002
   281.2500      6.409105658531189E-002
   292.5000      6.303789466619492E-002
   303.7500      6.171588972210884E-002
   315.0000      6.011037155985832E-002
   326.2500      5.834142491221428E-002
   337.5000      5.650013312697411E-002
   348.7500      5.472569167613983E-002
   360.0000      5.312671139836311E-002
