  0.0000000E+00  7.928614318370819E-002
   11.25000      7.925607264041901E-002
   22.50000      7.932802289724350E-002
   33.75000      7.950872182846069E-002
   45.00000      7.982452958822250E-002
   56.25000      8.025179058313370E-002
   67.50000      8.078413456678391E-002
   78.75000      8.138446509838104E-002
   90.00000      8.205955475568771E-002
   101.2500      8.275354653596878E-002
   112.5000      8.343531936407089E-002
   123.7500      8.408894389867783E-002
   135.0000      8.467905968427658E-002
   146.2500      8.517347276210785E-002
   157.5000      8.551044017076492E-002
   168.7500      8.564088493585587E-002
   180.0000      8.565190434455872E-002
   191.2500      8.547839522361755E-002
   202.5000      8.511567115783691E-002
   213.7500      8.472176641225815E-002
   225.0000      8.418548852205276E-002
   236.2500      8.361699432134628E-002
   247.5000      8.307978510856628E-002
   258.7500      8.249863982200623E-002
   270.0000      8.201114088296890E-002
   281.2500      8.147950470447540E-002
   292.5000      8.105600625276566E-002
   303.7500      8.065099269151688E-002
   315.0000      8.025433868169785E-002
   326.2500      7.994118332862854E-002
   337.5000      7.965669035911560E-002
   348.7500      7.944570481777191E-002
   360.0000      7.928614318370819E-002
