  0.0000000E+00  7.745473086833954E-002
   11.25000      7.729972153902054E-002
   22.50000      7.736928015947342E-002
   33.75000      7.749723643064499E-002
   45.00000      7.787532359361649E-002
   56.25000      7.835526764392853E-002
   67.50000      7.894586771726608E-002
   78.75000      7.969372719526291E-002
   90.00000      8.049494773149490E-002
   101.2500      8.135744929313660E-002
   112.5000      8.217311650514603E-002
   123.7500      8.289799839258194E-002
   135.0000      8.352269977331161E-002
   146.2500      8.400257676839828E-002
   157.5000      8.433988690376282E-002
   168.7500      8.447922021150589E-002
   180.0000      8.446811139583588E-002
   191.2500      8.432175964117050E-002
   202.5000      8.396044373512268E-002
   213.7500      8.349580317735672E-002
   225.0000      8.297111093997955E-002
   236.2500      8.235246688127518E-002
   247.5000      8.180116117000580E-002
   258.7500      8.124496042728424E-002
   270.0000      8.070667088031769E-002
   281.2500      8.023786544799805E-002
   292.5000      7.974597811698914E-002
   303.7500      7.930043339729309E-002
   315.0000      7.882154732942581E-002
   326.2500      7.837790995836258E-002
   337.5000      7.801301777362823E-002
   348.7500      7.765823602676392E-002
   360.0000      7.745473086833954E-002
