  0.0000000E+00  6.455461680889130E-002
   11.25000      6.384092569351196E-002
   22.50000      6.329755485057831E-002
   33.75000      6.300483644008636E-002
   45.00000      6.308586150407791E-002
   56.25000      6.332967430353165E-002
   67.50000      6.401789188385010E-002
   78.75000      6.487007439136505E-002
   90.00000      6.608356535434723E-002
   101.2500      6.720285862684250E-002
   112.5000      6.841541081666946E-002
   123.7500      6.929804384708405E-002
   135.0000      6.992380321025848E-002
   146.2500      7.012101262807846E-002
   157.5000      6.998889148235321E-002
   168.7500      6.952900439500809E-002
   180.0000      6.886828690767288E-002
   191.2500      6.805240362882614E-002
   202.5000      6.729317456483841E-002
   213.7500      6.662400811910629E-002
   225.0000      6.613462418317795E-002
   236.2500      6.598013639450073E-002
   247.5000      6.606066972017288E-002
   258.7500      6.642718613147736E-002
   270.0000      6.696881353855133E-002
   281.2500      6.741666793823242E-002
   292.5000      6.775609403848648E-002
   303.7500      6.773960590362549E-002
   315.0000      6.759281456470490E-002
   326.2500      6.695149093866348E-002
   337.5000      6.633684784173965E-002
   348.7500      6.546542793512344E-002
   360.0000      6.455461680889130E-002
