  0.0000000E+00  0.116703435778618     
   11.25000      0.115855008363724     
   22.50000      0.115274183452129     
   33.75000      0.114887289702892     
   45.00000      0.114826843142509     
   56.25000      0.115054115653038     
   67.50000      0.115571483969688     
   78.75000      0.116355784237385     
   90.00000      0.117287300527096     
   101.2500      0.118363492190838     
   112.5000      0.119399778544903     
   123.7500      0.120447367429733     
   135.0000      0.121193975210190     
   146.2500      0.121810257434845     
   157.5000      0.122157864272594     
   168.7500      0.122258760035038     
   180.0000      0.122228272259235     
   191.2500      0.121893621981144     
   202.5000      0.121669195592403     
   213.7500      0.121268056333065     
   225.0000      0.121012054383755     
   236.2500      0.120763450860977     
   247.5000      0.120656415820122     
   258.7500      0.120676025748253     
   270.0000      0.120700776576996     
   281.2500      0.120763778686523     
   292.5000      0.120645657181740     
   303.7500      0.120426960289478     
   315.0000      0.119937203824520     
   326.2500      0.119340375065804     
   337.5000      0.118501245975494     
   348.7500      0.117625936865807     
   360.0000      0.116703435778618     
