  0.0000000E+00  5.638698115944862E-002
   11.25000      5.568312481045723E-002
   22.50000      5.508376657962799E-002
   33.75000      5.465401709079742E-002
   45.00000      5.455204471945763E-002
   56.25000      5.466204509139061E-002
   67.50000      5.520068109035492E-002
   78.75000      5.590674653649330E-002
   90.00000      5.688709765672684E-002
   101.2500      5.790501832962036E-002
   112.5000      5.892510712146759E-002
   123.7500      5.971075966954231E-002
   135.0000      6.033754721283913E-002
   146.2500      6.056025624275208E-002
   157.5000      6.060880422592163E-002
   168.7500      6.034618243575096E-002
   180.0000      5.984390899538994E-002
   191.2500      5.926959589123726E-002
   202.5000      5.861295387148857E-002
   213.7500      5.809308588504791E-002
   225.0000      5.778299272060394E-002
   236.2500      5.770369619131088E-002
   247.5000      5.786483734846115E-002
   258.7500      5.818903818726540E-002
   270.0000      5.868124589323997E-002
   281.2500      5.908707529306412E-002
   292.5000      5.939595028758049E-002
   303.7500      5.940975993871689E-002
   315.0000      5.918855220079422E-002
   326.2500      5.870107561349869E-002
   337.5000      5.797228217124939E-002
   348.7500      5.721431970596313E-002
   360.0000      5.638698115944862E-002
