  0.0000000E+00  0.112818740308285     
   11.25000      0.111962899565697     
   22.50000      0.111294373869896     
   33.75000      0.110838018357754     
   45.00000      0.110709570348263     
   56.25000      0.110845118761063     
   67.50000      0.111365385353565     
   78.75000      0.112109906971455     
   90.00000      0.113089874386787     
   101.2500      0.114206634461880     
   112.5000      0.115438453853130     
   123.7500      0.116599299013615     
   135.0000      0.117698431015015     
   146.2500      0.118577845394611     
   157.5000      0.119207575917244     
   168.7500      0.119673237204552     
   180.0000      0.119834326207638     
   191.2500      0.119900576770306     
   202.5000      0.119674205780029     
   213.7500      0.119426436722279     
   225.0000      0.119163028895855     
   236.2500      0.118756599724293     
   247.5000      0.118565350770950     
   258.7500      0.118240907788277     
   270.0000      0.118098758161068     
   281.2500      0.117776364088058     
   292.5000      0.117456421256065     
   303.7500      0.116955213248730     
   315.0000      0.116286844015121     
   326.2500      0.115538179874420     
   337.5000      0.114655047655106     
   348.7500      0.113792069256306     
   360.0000      0.112818740308285     
