  0.0000000E+00  0.125940114259720     
   11.25000      0.125204548239708     
   22.50000      0.124799713492393     
   33.75000      0.124697983264923     
   45.00000      0.124992497265339     
   56.25000      0.125658005475998     
   67.50000      0.126682445406914     
   78.75000      0.127979338169098     
   90.00000      0.129477858543396     
   101.2500      0.131074056029320     
   112.5000      0.132632628083229     
   123.7500      0.134089231491089     
   135.0000      0.135240882635117     
   146.2500      0.136209875345230     
   157.5000      0.136673048138618     
   168.7500      0.136947229504585     
   180.0000      0.136741787195206     
   191.2500      0.136431917548180     
   202.5000      0.135786190629005     
   213.7500      0.135184630751610     
   225.0000      0.134359344840050     
   236.2500      0.133747115731239     
   247.5000      0.133058294653893     
   258.7500      0.132592901587486     
   270.0000      0.131989985704422     
   281.2500      0.131572112441063     
   292.5000      0.130923047661781     
   303.7500      0.130340993404388     
   315.0000      0.129533976316452     
   326.2500      0.128634497523308     
   337.5000      0.127719908952713     
   348.7500      0.126660808920860     
   360.0000      0.125940114259720     
