  0.0000000E+00  6.612947583198547E-002
   11.25000      6.525082141160965E-002
   22.50000      6.485145539045334E-002
   33.75000      6.473448127508163E-002
   45.00000      6.509423255920410E-002
   56.25000      6.586964428424835E-002
   67.50000      6.697733700275421E-002
   78.75000      6.841512024402618E-002
   90.00000      7.004123926162720E-002
   101.2500      7.179573178291321E-002
   112.5000      7.342095673084259E-002
   123.7500      7.487245649099350E-002
   135.0000      7.587013393640518E-002
   146.2500      7.651892304420471E-002
   157.5000      7.664646953344345E-002
   168.7500      7.638683170080185E-002
   180.0000      7.591672241687775E-002
   191.2500      7.511220127344131E-002
   202.5000      7.439119368791580E-002
   213.7500      7.348226010799408E-002
   225.0000      7.290980964899063E-002
   236.2500      7.230918109416962E-002
   247.5000      7.211696356534958E-002
   258.7500      7.198017090559006E-002
   270.0000      7.197020947933197E-002
   281.2500      7.196120172739029E-002
   292.5000      7.169698923826218E-002
   303.7500      7.118089497089386E-002
   315.0000      7.040712237358093E-002
   326.2500      6.935089081525803E-002
   337.5000      6.825239211320877E-002
   348.7500      6.709887832403183E-002
   360.0000      6.612947583198547E-002
