  0.0000000E+00  5.083756893873215E-002
   11.25000      5.096472799777985E-002
   22.50000      5.149309709668159E-002
   33.75000      5.236020311713219E-002
   45.00000      5.366845056414604E-002
   56.25000      5.530658364295959E-002
   67.50000      5.719277635216713E-002
   78.75000      5.937713012099266E-002
   90.00000      6.169363856315613E-002
   101.2500      6.406342238187790E-002
   112.5000      6.606581807136536E-002
   123.7500      6.787139922380447E-002
   135.0000      6.907695531845093E-002
   146.2500      6.967794150114059E-002
   157.5000      6.986573338508606E-002
   168.7500      6.937175244092941E-002
   180.0000      6.830168515443802E-002
   191.2500      6.706264615058899E-002
   202.5000      6.538990139961243E-002
   213.7500      6.377913802862167E-002
   225.0000      6.197864189743996E-002
   236.2500      6.045546010136604E-002
   247.5000      5.904747173190117E-002
   258.7500      5.782217904925346E-002
   270.0000      5.670842155814171E-002
   281.2500      5.581692233681679E-002
   292.5000      5.482122674584389E-002
   303.7500      5.400645360350609E-002
   315.0000      5.302228406071663E-002
   326.2500      5.218005925416946E-002
   337.5000      5.150425061583519E-002
   348.7500      5.095658078789711E-002
   360.0000      5.083756893873215E-002
