  0.0000000E+00  0.153176218271255     
   11.25000      0.152206122875214     
   22.50000      0.151518598198891     
   33.75000      0.151021346449852     
   45.00000      0.150783672928810     
   56.25000      0.150994986295700     
   67.50000      0.151451900601387     
   78.75000      0.152410998940468     
   90.00000      0.153522148728371     
   101.2500      0.155028373003006     
   112.5000      0.156470239162445     
   123.7500      0.158109441399574     
   135.0000      0.159445151686668     
   146.2500      0.160814926028252     
   157.5000      0.161733537912369     
   168.7500      0.162572935223579     
   180.0000      0.162853688001633     
   191.2500      0.163043648004532     
   202.5000      0.162711352109909     
   213.7500      0.162422463297844     
   225.0000      0.161844208836555     
   236.2500      0.161299869418144     
   247.5000      0.160612255334854     
   258.7500      0.160037472844124     
   270.0000      0.159389600157738     
   281.2500      0.158850118517876     
   292.5000      0.158212304115295     
   303.7500      0.157551825046539     
   315.0000      0.156817853450775     
   326.2500      0.155955806374550     
   337.5000      0.155102267861366     
   348.7500      0.154045000672340     
   360.0000      0.153176218271255     
