  0.0000000E+00  7.367556542158127E-002
   11.25000      7.325331866741180E-002
   22.50000      7.315105199813843E-002
   33.75000      7.323328405618668E-002
   45.00000      7.350329309701920E-002
   56.25000      7.411592453718185E-002
   67.50000      7.484403997659683E-002
   78.75000      7.578435540199280E-002
   90.00000      7.684604823589325E-002
   101.2500      7.785940915346146E-002
   112.5000      7.887678593397141E-002
   123.7500      7.977752387523651E-002
   135.0000      8.051642775535583E-002
   146.2500      8.108863979578018E-002
   157.5000      8.142559975385666E-002
   168.7500      8.152852952480316E-002
   180.0000      8.138868212699890E-002
   191.2500      8.109459280967712E-002
   202.5000      8.065856248140335E-002
   213.7500      8.015471696853638E-002
   225.0000      7.958548516035080E-002
   236.2500      7.901035249233246E-002
   247.5000      7.851302623748779E-002
   258.7500      7.800604403018951E-002
   270.0000      7.756917923688889E-002
   281.2500      7.713595032691956E-002
   292.5000      7.663356512784958E-002
   303.7500      7.626428455114365E-002
   315.0000      7.570287585258484E-002
   326.2500      7.515020668506622E-002
   337.5000      7.466048747301102E-002
   348.7500      7.409750670194626E-002
   360.0000      7.367556542158127E-002
