  0.0000000E+00  7.300595194101334E-002
   11.25000      7.249919325113297E-002
   22.50000      7.213874161243439E-002
   33.75000      7.196971029043198E-002
   45.00000      7.199803739786148E-002
   56.25000      7.235075533390045E-002
   67.50000      7.277588546276093E-002
   78.75000      7.352802902460098E-002
   90.00000      7.440145313739777E-002
   101.2500      7.534503936767578E-002
   112.5000      7.642021030187607E-002
   123.7500      7.730588316917419E-002
   135.0000      7.810389995574951E-002
   146.2500      7.865022867918015E-002
   157.5000      7.892574369907379E-002
   168.7500      7.902498543262482E-002
   180.0000      7.883170247077942E-002
   191.2500      7.853206992149353E-002
   202.5000      7.813293486833572E-002
   213.7500      7.763756066560745E-002
   225.0000      7.718524336814880E-002
   236.2500      7.673738151788712E-002
   247.5000      7.639403641223907E-002
   258.7500      7.613906264305115E-002
   270.0000      7.597331702709198E-002
   281.2500      7.585588842630386E-002
   292.5000      7.568621635437012E-002
   303.7500      7.546318322420120E-002
   315.0000      7.510031759738922E-002
   326.2500      7.467100769281387E-002
   337.5000      7.413825392723083E-002
   348.7500      7.354832440614700E-002
   360.0000      7.300595194101334E-002
