  0.0000000E+00  8.241920173168182E-002
   11.25000      8.190580457448959E-002
   22.50000      8.156245201826096E-002
   33.75000      8.146979659795761E-002
   45.00000      8.172702789306641E-002
   56.25000      8.224999904632568E-002
   67.50000      8.306413888931274E-002
   78.75000      8.417461812496185E-002
   90.00000      8.541218191385269E-002
   101.2500      8.675701171159744E-002
   112.5000      8.812474459409714E-002
   123.7500      8.922551572322845E-002
   135.0000      9.016824513673782E-002
   146.2500      9.066802263259888E-002
   157.5000      9.090714901685715E-002
   168.7500      9.074373543262482E-002
   180.0000      9.036165475845337E-002
   191.2500      8.975370973348618E-002
   202.5000      8.904183655977249E-002
   213.7500      8.832625299692154E-002
   225.0000      8.770965039730072E-002
   236.2500      8.717948198318481E-002
   247.5000      8.685815334320068E-002
   258.7500      8.659129589796066E-002
   270.0000      8.651202917098999E-002
   281.2500      8.637424558401108E-002
   292.5000      8.621008694171906E-002
   303.7500      8.591116219758987E-002
   315.0000      8.535858243703842E-002
   326.2500      8.477088809013367E-002
   337.5000      8.390363305807114E-002
   348.7500      8.321424573659897E-002
   360.0000      8.241920173168182E-002
