  0.0000000E+00  7.782860845327377E-002
   11.25000      7.761812955141068E-002
   22.50000      7.754641026258469E-002
   33.75000      7.754399627447128E-002
   45.00000      7.777331769466400E-002
   56.25000      7.806670665740967E-002
   67.50000      7.857467234134674E-002
   78.75000      7.913469523191452E-002
   90.00000      7.987132668495178E-002
   101.2500      8.065988123416901E-002
   112.5000      8.148459345102310E-002
   123.7500      8.233207464218140E-002
   135.0000      8.304279297590256E-002
   146.2500      8.362131565809250E-002
   157.5000      8.400328457355499E-002
   168.7500      8.415317535400391E-002
   180.0000      8.407150208950043E-002
   191.2500      8.383421599864960E-002
   202.5000      8.343815058469772E-002
   213.7500      8.294575661420822E-002
   225.0000      8.235549181699753E-002
   236.2500      8.180995285511017E-002
   247.5000      8.123902231454849E-002
   258.7500      8.072488009929657E-002
   270.0000      8.032461255788803E-002
   281.2500      7.990919798612595E-002
   292.5000      7.959061861038208E-002
   303.7500      7.929632812738419E-002
   315.0000      7.899311929941177E-002
   326.2500      7.871532440185547E-002
   337.5000      7.836960256099701E-002
   348.7500      7.809557020664215E-002
   360.0000      7.782860845327377E-002
