  0.0000000E+00  5.417814105749130E-002
   11.25000      5.295854806900024E-002
   22.50000      5.195984244346619E-002
   33.75000      5.136220529675484E-002
   45.00000      5.103737115859985E-002
   56.25000      5.111904814839363E-002
   67.50000      5.152812227606773E-002
   78.75000      5.225962027907372E-002
   90.00000      5.321357399225235E-002
   101.2500      5.430001392960548E-002
   112.5000      5.546847730875015E-002
   123.7500      5.637834221124649E-002
   135.0000      5.722571164369583E-002
   146.2500      5.769208446145058E-002
   157.5000      5.803694203495979E-002
   168.7500      5.810622870922089E-002
   180.0000      5.821008980274200E-002
   191.2500      5.809601768851280E-002
   202.5000      5.814636126160622E-002
   213.7500      5.814182013273239E-002
   225.0000      5.835423618555069E-002
   236.2500      5.870152637362480E-002
   247.5000      5.922454595565796E-002
   258.7500      5.973994359374046E-002
   270.0000      6.020825728774071E-002
   281.2500      6.051912158727646E-002
   292.5000      6.049108132719994E-002
   303.7500      6.009773537516594E-002
   315.0000      5.936143547296524E-002
   326.2500      5.824301391839981E-002
   337.5000      5.695834010839462E-002
   348.7500      5.549957230687141E-002
   360.0000      5.417814105749130E-002
