  0.0000000E+00  8.310136198997498E-002
   11.25000      8.248648792505264E-002
   22.50000      8.217186480760574E-002
   33.75000      8.206591010093689E-002
   45.00000      8.234851062297821E-002
   56.25000      8.300641924142838E-002
   67.50000      8.391937613487244E-002
   78.75000      8.511663973331451E-002
   90.00000      8.651540428400040E-002
   101.2500      8.788434416055679E-002
   112.5000      8.932860940694809E-002
   123.7500      9.051087498664856E-002
   135.0000      9.150978922843933E-002
   146.2500      9.209363162517548E-002
   157.5000      9.235865622758865E-002
   168.7500      9.224434942007065E-002
   180.0000      9.184311330318451E-002
   191.2500      9.124896675348282E-002
   202.5000      9.051119536161423E-002
   213.7500      8.981574326753616E-002
   225.0000      8.921019732952118E-002
   236.2500      8.865827322006226E-002
   247.5000      8.834949880838394E-002
   258.7500      8.808950334787369E-002
   270.0000      8.793593198060989E-002
   281.2500      8.776773512363434E-002
   292.5000      8.743102103471756E-002
   303.7500      8.706640452146530E-002
   315.0000      8.635323494672775E-002
   326.2500      8.567380905151367E-002
   337.5000      8.471821248531342E-002
   348.7500      8.389362692832947E-002
   360.0000      8.310136198997498E-002
