  0.0000000E+00  7.567458599805832E-002
   11.25000      7.528437674045563E-002
   22.50000      7.493220269680023E-002
   33.75000      7.478103786706924E-002
   45.00000      7.481414824724197E-002
   56.25000      7.510098814964294E-002
   67.50000      7.561314851045609E-002
   78.75000      7.633138447999954E-002
   90.00000      7.721689343452454E-002
   101.2500      7.823030650615692E-002
   112.5000      7.928443700075150E-002
   123.7500      8.028984069824219E-002
   135.0000      8.122637122869492E-002
   146.2500      8.200575411319733E-002
   157.5000      8.258798718452454E-002
   168.7500      8.297020941972733E-002
   180.0000      8.305688202381134E-002
   191.2500      8.300969749689102E-002
   202.5000      8.273722976446152E-002
   213.7500      8.226299285888672E-002
   225.0000      8.182688802480698E-002
   236.2500      8.128631860017776E-002
   247.5000      8.082009851932526E-002
   258.7500      8.027335256338120E-002
   270.0000      7.975853234529495E-002
   281.2500      7.930739223957062E-002
   292.5000      7.880951464176178E-002
   303.7500      7.833259552717209E-002
   315.0000      7.780887186527252E-002
   326.2500      7.725198566913605E-002
   337.5000      7.676132768392563E-002
   348.7500      7.618207484483719E-002
   360.0000      7.567458599805832E-002
