  0.0000000E+00  0.105560094118118     
   11.25000      0.104728817939758     
   22.50000      0.104160919785500     
   33.75000      0.103975504636765     
   45.00000      0.104097448289394     
   56.25000      0.104729957878590     
   67.50000      0.105605117976665     
   78.75000      0.106815643608570     
   90.00000      0.108294710516930     
   101.2500      0.109854444861412     
   112.5000      0.111428074538708     
   123.7500      0.112869419157505     
   135.0000      0.114043965935707     
   146.2500      0.114938154816628     
   157.5000      0.115445457398891     
   168.7500      0.115624420344830     
   180.0000      0.115498013794422     
   191.2500      0.115086570382118     
   202.5000      0.114542990922928     
   213.7500      0.113841876387596     
   225.0000      0.113212525844574     
   236.2500      0.112526357173920     
   247.5000      0.112057678401470     
   258.7500      0.111648768186569     
   270.0000      0.111347116529942     
   281.2500      0.111074596643448     
   292.5000      0.110609039664268     
   303.7500      0.110052347183228     
   315.0000      0.109392426908016     
   326.2500      0.108463212847710     
   337.5000      0.107611164450645     
   348.7500      0.106493502855301     
   360.0000      0.105560094118118     
