  0.0000000E+00  0.117491163313389     
   11.25000      0.116638809442520     
   22.50000      0.116044916212559     
   33.75000      0.115668594837189     
   45.00000      0.115603223443031     
   56.25000      0.115850679576397     
   67.50000      0.116376057267189     
   78.75000      0.117194645106792     
   90.00000      0.118120700120926     
   101.2500      0.119219258427620     
   112.5000      0.120240665972233     
   123.7500      0.121287718415260     
   135.0000      0.122049584984779     
   146.2500      0.122607544064522     
   157.5000      0.122955009341240     
   168.7500      0.122966021299362     
   180.0000      0.122899726033211     
   191.2500      0.122489094734192     
   202.5000      0.122161470353603     
   213.7500      0.121717505156994     
   225.0000      0.121391348540783     
   236.2500      0.121123015880585     
   247.5000      0.120994530618191     
   258.7500      0.121029265224934     
   270.0000      0.121064372360706     
   281.2500      0.121168531477451     
   292.5000      0.121111445128918     
   303.7500      0.120960332453251     
   315.0000      0.120530620217323     
   326.2500      0.119988799095154     
   337.5000      0.119222663342953     
   348.7500      0.118395239114761     
   360.0000      0.117491163313389     
