  0.0000000E+00  6.661896407604218E-002
   11.25000      6.615671515464783E-002
   22.50000      6.594135612249374E-002
   33.75000      6.598344445228577E-002
   45.00000      6.622723489999771E-002
   56.25000      6.676296144723892E-002
   67.50000      6.750144064426422E-002
   78.75000      6.837945431470871E-002
   90.00000      6.951073557138443E-002
   101.2500      7.057166844606400E-002
   112.5000      7.162783294916153E-002
   123.7500      7.259275019168854E-002
   135.0000      7.335212826728821E-002
   146.2500      7.387004047632217E-002
   157.5000      7.407498359680176E-002
   168.7500      7.414016127586365E-002
   180.0000      7.382628321647644E-002
   191.2500      7.336876541376114E-002
   202.5000      7.290123403072357E-002
   213.7500      7.219741493463516E-002
   225.0000      7.162195444107056E-002
   236.2500      7.110071927309036E-002
   247.5000      7.067118585109711E-002
   258.7500      7.031235843896866E-002
   270.0000      7.000843435525894E-002
   281.2500      6.981565803289413E-002
   292.5000      6.945880502462387E-002
   303.7500      6.918390840291977E-002
   315.0000      6.868816912174225E-002
   326.2500      6.822412461042404E-002
   337.5000      6.765890121459961E-002
   348.7500      6.706100702285767E-002
   360.0000      6.661896407604218E-002
