  0.0000000E+00  0.104868657886982     
   11.25000      0.104064151644707     
   22.50000      0.103589564561844     
   33.75000      0.103458769619465     
   45.00000      0.103667058050632     
   56.25000      0.104341611266136     
   67.50000      0.105233572423458     
   78.75000      0.106481403112411     
   90.00000      0.107951536774635     
   101.2500      0.109488599002361     
   112.5000      0.111036360263824     
   123.7500      0.112418167293072     
   135.0000      0.113544635474682     
   146.2500      0.114382952451706     
   157.5000      0.114831872284412     
   168.7500      0.114963658154011     
   180.0000      0.114771164953709     
   191.2500      0.114353276789188     
   202.5000      0.113783635199070     
   213.7500      0.113084658980370     
   225.0000      0.112442471086979     
   236.2500      0.111774474382401     
   247.5000      0.111332044005394     
   258.7500      0.110875979065895     
   270.0000      0.110606886446476     
   281.2500      0.110265098512173     
   292.5000      0.109779521822929     
   303.7500      0.109268277883530     
   315.0000      0.108580552041531     
   326.2500      0.107696071267128     
   337.5000      0.106838174164295     
   348.7500      0.105749055743217     
   360.0000      0.104868657886982     
