  0.0000000E+00  4.769327864050865E-002
   11.25000      4.706367105245590E-002
   22.50000      4.687623307108879E-002
   33.75000      4.724736511707306E-002
   45.00000      4.801688715815544E-002
   56.25000      4.939965531229973E-002
   67.50000      5.107854679226875E-002
   78.75000      5.322423577308655E-002
   90.00000      5.548669397830963E-002
   101.2500      5.785633623600006E-002
   112.5000      6.026776507496834E-002
   123.7500      6.234641000628471E-002
   135.0000      6.413781642913818E-002
   146.2500      6.553806364536285E-002
   157.5000      6.625262647867203E-002
   168.7500      6.658338010311127E-002
   180.0000      6.630371510982513E-002
   191.2500      6.586980819702148E-002
   202.5000      6.492721289396286E-002
   213.7500      6.380917876958847E-002
   225.0000      6.252928078174591E-002
   236.2500      6.120162457227707E-002
   247.5000      5.993873253464699E-002
   258.7500      5.887755751609802E-002
   270.0000      5.770837515592575E-002
   281.2500      5.656066909432411E-002
   292.5000      5.529360845685005E-002
   303.7500      5.385500565171242E-002
   315.0000      5.248694121837616E-002
   326.2500      5.100556463003159E-002
   337.5000      4.972941800951958E-002
   348.7500      4.849449545145035E-002
   360.0000      4.769327864050865E-002
