  0.0000000E+00  5.642065405845642E-002
   11.25000      5.601171404123306E-002
   22.50000      5.576844513416290E-002
   33.75000      5.572342500090599E-002
   45.00000      5.597538873553276E-002
   56.25000      5.651535093784332E-002
   67.50000      5.731154605746269E-002
   78.75000      5.825493112206459E-002
   90.00000      5.943074449896812E-002
   101.2500      6.052654236555099E-002
   112.5000      6.162406131625175E-002
   123.7500      6.253164261579514E-002
   135.0000      6.314260512590408E-002
   146.2500      6.352613866329193E-002
   157.5000      6.351918727159500E-002
   168.7500      6.319499760866165E-002
   180.0000      6.268880516290665E-002
   191.2500      6.192799285054207E-002
   202.5000      6.124806776642799E-002
   213.7500      6.047066301107407E-002
   225.0000      5.989583209156990E-002
   236.2500      5.942750349640846E-002
   247.5000      5.920343846082687E-002
   258.7500      5.913537368178368E-002
   270.0000      5.918361619114876E-002
   281.2500      5.923628062009811E-002
   292.5000      5.916644632816315E-002
   303.7500      5.901149660348892E-002
   315.0000      5.863866955041885E-002
   326.2500      5.815149098634720E-002
   337.5000      5.755876377224922E-002
   348.7500      5.697138234972954E-002
   360.0000      5.642065405845642E-002
