  0.0000000E+00  8.623779565095901E-002
   11.25000      8.531428873538971E-002
   22.50000      8.472644537687302E-002
   33.75000      8.435932546854019E-002
   45.00000      8.450547605752945E-002
   56.25000      8.496189862489700E-002
   67.50000      8.588918298482895E-002
   78.75000      8.711331337690353E-002
   90.00000      8.862490206956863E-002
   101.2500      9.025908261537552E-002
   112.5000      9.190429002046585E-002
   123.7500      9.342475980520248E-002
   135.0000      9.462992101907730E-002
   146.2500      9.553723782300949E-002
   157.5000      9.600906819105148E-002
   168.7500      9.617488831281662E-002
   180.0000      9.598641097545624E-002
   191.2500      9.555696696043015E-002
   202.5000      9.495131671428680E-002
   213.7500      9.431567043066025E-002
   225.0000      9.363285452127457E-002
   236.2500      9.315249323844910E-002
   247.5000      9.267488867044449E-002
   258.7500      9.250618517398834E-002
   270.0000      9.224490821361542E-002
   281.2500      9.210336953401566E-002
   292.5000      9.176508337259293E-002
   303.7500      9.124898910522461E-002
   315.0000      9.055463969707489E-002
   326.2500      8.953920751810074E-002
   337.5000      8.848142623901367E-002
   348.7500      8.728662878274918E-002
   360.0000      8.623779565095901E-002
