  0.0000000E+00  5.296511575579643E-002
   11.25000      5.168578401207924E-002
   22.50000      5.071094259619713E-002
   33.75000      5.005182325839996E-002
   45.00000      4.970695823431015E-002
   56.25000      4.984481260180473E-002
   67.50000      5.027270689606667E-002
   78.75000      5.109558627009392E-002
   90.00000      5.213292688131332E-002
   101.2500      5.337587371468544E-002
   112.5000      5.458175018429756E-002
   123.7500      5.567720159888268E-002
   135.0000      5.670059099793434E-002
   146.2500      5.738278478384018E-002
   157.5000      5.800507962703705E-002
   168.7500      5.833142250776291E-002
   180.0000      5.865805596113205E-002
   191.2500      5.871022865176201E-002
   202.5000      5.892039462924004E-002
   213.7500      5.898746103048325E-002
   225.0000      5.931156873703003E-002
   236.2500      5.958237498998642E-002
   247.5000      6.002142652869225E-002
   258.7500      6.036825105547905E-002
   270.0000      6.069752573966980E-002
   281.2500      6.074617058038712E-002
   292.5000      6.046235933899879E-002
   303.7500      5.982457473874092E-002
   315.0000      5.877119675278664E-002
   326.2500      5.740949511528015E-002
   337.5000      5.591259151697159E-002
   348.7500      5.435102060437202E-002
   360.0000      5.296511575579643E-002
