  0.0000000E+00  7.874950766563416E-002
   11.25000      7.858815044164658E-002
   22.50000      7.861925661563873E-002
   33.75000      7.877484709024429E-002
   45.00000      7.912790030241013E-002
   56.25000      7.966915518045425E-002
   67.50000      8.036378026008606E-002
   78.75000      8.120055496692657E-002
   90.00000      8.210901170969009E-002
   101.2500      8.302697539329529E-002
   112.5000      8.390293270349503E-002
   123.7500      8.465643972158432E-002
   135.0000      8.528319746255875E-002
   146.2500      8.570823818445206E-002
   157.5000      8.592015504837036E-002
   168.7500      8.601059019565582E-002
   180.0000      8.593748509883881E-002
   191.2500      8.566393703222275E-002
   202.5000      8.538229763507843E-002
   213.7500      8.494062721729279E-002
   225.0000      8.450064808130264E-002
   236.2500      8.397208154201508E-002
   247.5000      8.346155285835266E-002
   258.7500      8.294096589088440E-002
   270.0000      8.239655196666718E-002
   281.2500      8.191662281751633E-002
   292.5000      8.140933513641357E-002
   303.7500      8.090166002511978E-002
   315.0000      8.038927614688873E-002
   326.2500      7.990999519824982E-002
   337.5000      7.944411039352417E-002
   348.7500      7.904686033725739E-002
   360.0000      7.874950766563416E-002
