  0.0000000E+00  7.377232611179352E-002
   11.25000      7.334782183170319E-002
   22.50000      7.316888123750687E-002
   33.75000      7.326365262269974E-002
   45.00000      7.350663095712662E-002
   56.25000      7.409749925136566E-002
   67.50000      7.486470043659210E-002
   78.75000      7.580045610666275E-002
   90.00000      7.691270858049393E-002
   101.2500      7.797753065824509E-002
   112.5000      7.901889085769653E-002
   123.7500      7.995843142271042E-002
   135.0000      8.072999119758606E-002
   146.2500      8.130578696727753E-002
   157.5000      8.164786547422409E-002
   168.7500      8.176518976688385E-002
   180.0000      8.162756264209747E-002
   191.2500      8.131638169288635E-002
   202.5000      8.086100965738297E-002
   213.7500      8.034376055002213E-002
   225.0000      7.979086041450500E-002
   236.2500      7.919472455978394E-002
   247.5000      7.872802764177322E-002
   258.7500      7.824472337961197E-002
   270.0000      7.779332995414734E-002
   281.2500      7.739996910095215E-002
   292.5000      7.685745507478714E-002
   303.7500      7.644137740135193E-002
   315.0000      7.592058181762695E-002
   326.2500      7.530490309000015E-002
   337.5000      7.479124516248703E-002
   348.7500      7.421075552701950E-002
   360.0000      7.377232611179352E-002
