  0.0000000E+00  7.840707153081894E-002
   11.25000      7.799345254898071E-002
   22.50000      7.776884734630585E-002
   33.75000      7.768205553293228E-002
   45.00000      7.775798439979553E-002
   56.25000      7.808881253004074E-002
   67.50000      7.855455577373505E-002
   78.75000      7.918334752321243E-002
   90.00000      8.005370944738388E-002
   101.2500      8.095538616180420E-002
   112.5000      8.193428069353104E-002
   123.7500      8.281779289245605E-002
   135.0000      8.366382122039795E-002
   146.2500      8.445250988006592E-002
   157.5000      8.501190692186356E-002
   168.7500      8.539151400327682E-002
   180.0000      8.554464578628540E-002
   191.2500      8.550685644149780E-002
   202.5000      8.532267808914185E-002
   213.7500      8.495704829692841E-002
   225.0000      8.450899273157120E-002
   236.2500      8.394908159971237E-002
   247.5000      8.335676044225693E-002
   258.7500      8.276952058076859E-002
   270.0000      8.223860710859299E-002
   281.2500      8.169140666723251E-002
   292.5000      8.118605613708496E-002
   303.7500      8.076796680688858E-002
   315.0000      8.022700995206833E-002
   326.2500      7.976556569337845E-002
   337.5000      7.933092862367630E-002
   348.7500      7.884518057107925E-002
   360.0000      7.840707153081894E-002
