  0.0000000E+00  6.125559285283089E-002
   11.25000      6.041504442691803E-002
   22.50000      5.985452607274055E-002
   33.75000      5.949628725647926E-002
   45.00000      5.949059873819351E-002
   56.25000      5.972463637590408E-002
   67.50000      6.026173010468483E-002
   78.75000      6.114644184708595E-002
   90.00000      6.218689307570457E-002
   101.2500      6.344224512577057E-002
   112.5000      6.467663496732712E-002
   123.7500      6.587138772010803E-002
   135.0000      6.692697852849960E-002
   146.2500      6.771013885736465E-002
   157.5000      6.829533725976944E-002
   168.7500      6.852301955223083E-002
   180.0000      6.858126074075699E-002
   191.2500      6.841955333948135E-002
   202.5000      6.817469745874405E-002
   213.7500      6.790386140346527E-002
   225.0000      6.763682514429092E-002
   236.2500      6.739332526922226E-002
   247.5000      6.724634021520615E-002
   258.7500      6.702678650617599E-002
   270.0000      6.690497696399689E-002
   281.2500      6.667556613683701E-002
   292.5000      6.642375886440277E-002
   303.7500      6.586842983961105E-002
   315.0000      6.522022187709808E-002
   326.2500      6.438947468996048E-002
   337.5000      6.326427310705185E-002
   348.7500      6.225381046533585E-002
   360.0000      6.125559285283089E-002
