  0.0000000E+00  6.526760756969452E-002
   11.25000      6.457544863224030E-002
   22.50000      6.432705372571945E-002
   33.75000      6.426030397415161E-002
   45.00000      6.469179689884186E-002
   56.25000      6.533314287662506E-002
   67.50000      6.641424447298050E-002
   78.75000      6.777719408273697E-002
   90.00000      6.931585073471069E-002
   101.2500      7.088529318571091E-002
   112.5000      7.230696827173233E-002
   123.7500      7.348939031362534E-002
   135.0000      7.427132874727249E-002
   146.2500      7.469718903303146E-002
   157.5000      7.465458661317825E-002
   168.7500      7.435365021228790E-002
   180.0000      7.366485893726349E-002
   191.2500      7.287165522575378E-002
   202.5000      7.199401408433914E-002
   213.7500      7.111641764640808E-002
   225.0000      7.051280140876770E-002
   236.2500      6.996398419141769E-002
   247.5000      6.984549015760422E-002
   258.7500      6.977158784866333E-002
   270.0000      6.993937492370605E-002
   281.2500      6.987503916025162E-002
   292.5000      6.973377615213394E-002
   303.7500      6.936591118574142E-002
   315.0000      6.869906187057495E-002
   326.2500      6.789529323577881E-002
   337.5000      6.698620319366455E-002
   348.7500      6.603433191776276E-002
   360.0000      6.526760756969452E-002
