  0.0000000E+00  7.918000221252441E-002
   11.25000      7.892005145549774E-002
   22.50000      7.873028516769409E-002
   33.75000      7.867826521396637E-002
   45.00000      7.884510606527328E-002
   56.25000      7.912600040435791E-002
   67.50000      7.961253821849823E-002
   78.75000      8.027211576700211E-002
   90.00000      8.107927441596985E-002
   101.2500      8.199738711118698E-002
   112.5000      8.294804394245148E-002
   123.7500      8.386038988828659E-002
   135.0000      8.474981784820557E-002
   146.2500      8.544725924730301E-002
   157.5000      8.598132431507111E-002
   168.7500      8.634615689516068E-002
   180.0000      8.645816147327423E-002
   191.2500      8.638666570186615E-002
   202.5000      8.608642220497131E-002
   213.7500      8.567278087139130E-002
   225.0000      8.511950820684433E-002
   236.2500      8.452597260475159E-002
   247.5000      8.393536508083344E-002
   258.7500      8.335474878549576E-002
   270.0000      8.280572295188904E-002
   281.2500      8.231073617935181E-002
   292.5000      8.184995502233505E-002
   303.7500      8.137187361717224E-002
   315.0000      8.091455698013306E-002
   326.2500      8.044235408306122E-002
   337.5000      8.000009506940842E-002
   348.7500      7.958164811134338E-002
   360.0000      7.918000221252441E-002
