  0.0000000E+00  0.114369526505470     
   11.25000      0.113536953926086     
   22.50000      0.112923510372639     
   33.75000      0.112491272389889     
   45.00000      0.112402498722076     
   56.25000      0.112549401819706     
   67.50000      0.113048553466797     
   78.75000      0.113789997994900     
   90.00000      0.114744588732719     
   101.2500      0.115795105695724     
   112.5000      0.116924978792667     
   123.7500      0.117978505790234     
   135.0000      0.118891775608063     
   146.2500      0.119686879217625     
   157.5000      0.120142720639706     
   168.7500      0.120536439120770     
   180.0000      0.120603494346142     
   191.2500      0.120587266981602     
   202.5000      0.120450809597969     
   213.7500      0.120128080248833     
   225.0000      0.119973443448544     
   236.2500      0.119653001427650     
   247.5000      0.119539737701416     
   258.7500      0.119387269020081     
   270.0000      0.119318373501301     
   281.2500      0.119150362908840     
   292.5000      0.118869386613369     
   303.7500      0.118476368486881     
   315.0000      0.117835432291031     
   326.2500      0.117086276412010     
   337.5000      0.116156324744225     
   348.7500      0.115289650857449     
   360.0000      0.114369526505470     
