  0.0000000E+00  5.097987502813339E-002
   11.25000      4.970160871744156E-002
   22.50000      4.869228973984718E-002
   33.75000      4.807126149535179E-002
   45.00000      4.791473597288132E-002
   56.25000      4.814544692635536E-002
   67.50000      4.875814169645309E-002
   78.75000      4.982615262269974E-002
   90.00000      5.104694887995720E-002
   101.2500      5.256210640072823E-002
   112.5000      5.406899005174637E-002
   123.7500      5.564501881599426E-002
   135.0000      5.698919668793678E-002
   146.2500      5.816895514726639E-002
   157.5000      5.912431702017784E-002
   168.7500      5.970503017306328E-002
   180.0000      6.019198894500732E-002
   191.2500      6.044921651482582E-002
   202.5000      6.071203947067261E-002
   213.7500      6.073801591992378E-002
   225.0000      6.090341135859489E-002
   236.2500      6.085149943828583E-002
   247.5000      6.101749464869499E-002
   258.7500      6.097885966300964E-002
   270.0000      6.087932363152504E-002
   281.2500      6.040616706013680E-002
   292.5000      5.971303582191467E-002
   303.7500      5.857937037944794E-002
   315.0000      5.720350518822670E-002
   326.2500      5.567342415452003E-002
   337.5000      5.403273552656174E-002
   348.7500      5.244271457195282E-002
   360.0000      5.097987502813339E-002
