  0.0000000E+00   6.00925827258444     
   11.25000       5.96362032340829     
   22.50000       5.90563996895291     
   33.75000       5.83956240019158     
   45.00000       5.77305042779924     
   56.25000       5.71002015630862     
   67.50000       5.65230672150322     
   78.75000       5.60157234531932     
   90.00000       5.56180488528838     
   101.2500       5.53282383815475     
   112.5000       5.51693858685783     
   123.7500       5.51538084033046     
   135.0000       5.52886864620464     
   146.2500       5.55676859733305     
   157.5000       5.59763469741728     
   168.7500       5.64992616196004     
   180.0000       5.71180918950800     
   191.2500       5.78099764018466     
   202.5000       5.85176307826660     
   213.7500       5.92280854313403     
   225.0000       5.96920676665084     
   236.2500       6.03056581614011     
   247.5000       6.08639572923638     
   258.7500       6.13031115232455     
   270.0000       6.16318214965831     
   281.2500       6.18423240359714     
   292.5000       6.19116587721243     
   303.7500       6.18656058089085     
   315.0000       6.16977707723441     
   326.2500       6.14340266114013     
   337.5000       6.10842674225211     
   348.7500       6.06220408338782     
   360.0000       6.00925827258444     
