  0.0000000E+00   4.95378140594073     
   11.25000       4.86759103999461     
   22.50000       4.77558728883131     
   33.75000       4.67727244008489     
   45.00000       4.61831976375764     
   56.25000       4.53049105349304     
   67.50000       4.44323088249757     
   78.75000       4.36725311418474     
   90.00000       4.30781761299361     
   101.2500       4.26518828252890     
   112.5000       4.24379264259885     
   123.7500       4.24247180286278     
   135.0000       4.25471216797096     
   146.2500       4.28988953099983     
   157.5000       4.33543919624914     
   168.7500       4.40049980633660     
   180.0000       4.47541800087227     
   191.2500       4.56152324588589     
   202.5000       4.61897773841358     
   213.7500       4.69622411504006     
   225.0000       4.78681702095251     
   236.2500       4.87305993857607     
   247.5000       4.95640090996123     
   258.7500       5.02742590223565     
   270.0000       5.04460275413568     
   281.2500       5.08664779828203     
   292.5000       5.11320892883294     
   303.7500       5.12228661857617     
   315.0000       5.11455949800509     
   326.2500       5.08892913382984     
   337.5000       5.04590236444889     
   348.7500       5.02739659208209     
   360.0000       4.95378140594073     
