  0.0000000E+00   4.98711480153075     
   11.25000       4.90496340333438     
   22.50000       4.81755917970268     
   33.75000       4.73053461737924     
   45.00000       4.64148993693627     
   56.25000       4.60224589520409     
   67.50000       4.52609181936357     
   78.75000       4.46434086124628     
   90.00000       4.41560247597955     
   101.2500       4.38447713284180     
   112.5000       4.37003796987614     
   123.7500       4.37304297585562     
   135.0000       4.39395442510761     
   146.2500       4.43055387414571     
   157.5000       4.48338812806020     
   168.7500       4.54799259883016     
   180.0000       4.61837334196574     
   191.2500       4.65782696583209     
   202.5000       4.74192581927365     
   213.7500       4.82652976129721     
   225.0000       4.91148753061939     
   236.2500       4.99058220475862     
   247.5000       5.02976285292945     
   258.7500       5.08030942311484     
   270.0000       5.12635976520567     
   281.2500       5.15872860714150     
   292.5000       5.17510947674520     
   303.7500       5.17749381800326     
   315.0000       5.16001024137809     
   326.2500       5.12903217188534     
   337.5000       5.08174601536178     
   348.7500       5.02993148749657     
   360.0000       4.98711480153075     
