  0.0000000E+00   5.52511453064268     
   11.25000       5.47666893705439     
   22.50000       5.43346667328451     
   33.75000       5.36969322747117     
   45.00000       5.30552285652056     
   56.25000       5.24395947051190     
   67.50000       5.18747682470586     
   78.75000       5.13771630006607     
   90.00000       5.09761034118988     
   101.2500       5.06737908930341     
   112.5000       5.05051159280184     
   123.7500       5.04598350967620     
   135.0000       5.05624518667635     
   146.2500       5.07876811328589     
   157.5000       5.11475743006496     
   168.7500       5.16197261826131     
   180.0000       5.21917649486981     
   191.2500       5.28212065657942     
   202.5000       5.35161742205295     
   213.7500       5.42287246987918     
   225.0000       5.47674148341613     
   236.2500       5.52450708132693     
   247.5000       5.58249549400190     
   258.7500       5.62888387663098     
   270.0000       5.66558004522611     
   281.2500       5.68875622946425     
   292.5000       5.69897245323831     
   303.7500       5.69766141005139     
   315.0000       5.68185367666103     
   326.2500       5.65830988546151     
   337.5000       5.62219374895266     
   348.7500       5.57798571135290     
   360.0000       5.52511453064268     
