  0.0000000E+00   5.47658872513794     
   11.25000       5.41786862556104     
   22.50000       5.34851477363871     
   33.75000       5.27906865428625     
   45.00000       5.20939309577079     
   56.25000       5.14496046762676     
   67.50000       5.08581163552480     
   78.75000       5.03456856834088     
   90.00000       5.02743404386460     
   101.2500       4.99888858513054     
   112.5000       4.98368966246300     
   123.7500       4.98429212135133     
   135.0000       4.99768582499209     
   146.2500       5.02556485506611     
   157.5000       5.03358928986406     
   168.7500       5.08371234108337     
   180.0000       5.14356927482033     
   191.2500       5.21097670021145     
   202.5000       5.28486247917958     
   213.7500       5.35682570402645     
   225.0000       5.43014377225006     
   236.2500       5.47687942871684     
   247.5000       5.52420371373172     
   258.7500       5.57386300346011     
   270.0000       5.60909513495588     
   281.2500       5.63324219045991     
   292.5000       5.64285584038194     
   303.7500       5.64028962794269     
   315.0000       5.62560365892759     
   326.2500       5.59685715529882     
   337.5000       5.55899829276680     
   348.7500       5.50765201227153     
   360.0000       5.47658872513794     
