  0.0000000E+00   5.81427671121047     
   11.25000       5.75786958620905     
   22.50000       5.69874092424295     
   33.75000       5.63720761147183     
   45.00000       5.57597547088936     
   56.25000       5.51533922363036     
   67.50000       5.47671899846032     
   78.75000       5.44006063554849     
   90.00000       5.40076163297372     
   101.2500       5.37360288288309     
   112.5000       5.35658804739002     
   123.7500       5.35406377946387     
   135.0000       5.36506285864473     
   146.2500       5.38992459540703     
   157.5000       5.42895880274967     
   168.7500       5.47658582597950     
   180.0000       5.50699091574061     
   191.2500       5.56870489466390     
   202.5000       5.63230710190580     
   213.7500       5.69747280309051     
   225.0000       5.76012493913291     
   236.2500       5.81870773967918     
   247.5000       5.87085391076713     
   258.7500       5.91311896869896     
   270.0000       5.94590543242226     
   281.2500       5.96341432478503     
   292.5000       5.96372877891459     
   303.7500       5.96368209821386     
   315.0000       5.96150877617794     
   326.2500       5.93872300006178     
   337.5000       5.90567453165832     
   348.7500       5.86465183262637     
   360.0000       5.81427671121047     
