  0.0000000E+00   5.86746080628774     
   11.25000       5.80595098659540     
   22.50000       5.74359647010111     
   33.75000       5.68132105652541     
   45.00000       5.62001332016763     
   56.25000       5.56719934919817     
   67.50000       5.51781198576199     
   78.75000       5.47801288426251     
   90.00000       5.47574399135210     
   101.2500       5.45545840159072     
   112.5000       5.44646092390199     
   123.7500       5.44870055206859     
   135.0000       5.46253431875651     
   146.2500       5.47675368708628     
   157.5000       5.49482797876882     
   168.7500       5.53926726509333     
   180.0000       5.59199675660079     
   191.2500       5.65106413693110     
   202.5000       5.71564950912617     
   213.7500       5.78147709956572     
   225.0000       5.84669748965953     
   236.2500       5.90761649413020     
   247.5000       5.96191032038741     
   258.7500       5.98375796894541     
   270.0000       6.01585884908588     
   281.2500       6.03606762741940     
   292.5000       6.04332468382365     
   303.7500       6.03894916228043     
   315.0000       6.02046916815469     
   326.2500       5.98977638395101     
   337.5000       5.96361213713586     
   348.7500       5.92295119437087     
   360.0000       5.86746080628774     
