  0.0000000E+00   5.43926805319398     
   11.25000       5.37574858529403     
   22.50000       5.30911190214253     
   33.75000       5.24172712539639     
   45.00000       5.17458676355930     
   56.25000       5.11110117913710     
   67.50000       5.05269931954673     
   78.75000       5.02949374349695     
   90.00000       4.99900704248580     
   101.2500       4.97032382083243     
   112.5000       4.95375431640899     
   123.7500       4.95071596912621     
   135.0000       4.96097465110743     
   146.2500       4.98587151669086     
   157.5000       5.02237434185183     
   168.7500       5.03438329386763     
   180.0000       5.08913225484418     
   191.2500       5.15141290538043     
   202.5000       5.22064859046990     
   213.7500       5.28957689216710     
   225.0000       5.36067989459047     
   236.2500       5.42751583414934     
   247.5000       5.47658315085445     
   258.7500       5.51042607616460     
   270.0000       5.54908612496840     
   281.2500       5.57761198323983     
   292.5000       5.59105068381043     
   303.7500       5.59248899905979     
   315.0000       5.57910864408629     
   326.2500       5.55208262646349     
   337.5000       5.51377805653974     
   348.7500       5.47673542882777     
   360.0000       5.43926805319398     
