  0.0000000E+00   5.37913509055184     
   11.25000       5.31052714447025     
   22.50000       5.23627070015679     
   33.75000       5.16253528183021     
   45.00000       5.08974684726137     
   56.25000       5.02968722663328     
   67.50000       4.99876765218655     
   78.75000       4.95004328849518     
   90.00000       4.90854173250080     
   101.2500       4.88536100368399     
   112.5000       4.87735880741135     
   123.7500       4.88435881656406     
   135.0000       4.90388707747037     
   146.2500       4.93751291091686     
   157.5000       4.98217167678530     
   168.7500       5.02931093406570     
   180.0000       5.06156266407075     
   191.2500       5.12589053469154     
   202.5000       5.19458486884572     
   213.7500       5.26321497320372     
   225.0000       5.32966020517400     
   236.2500       5.39189050436779     
   247.5000       5.44766704159310     
   258.7500       5.47670289058037     
   270.0000       5.50551116434067     
   281.2500       5.53367865859101     
   292.5000       5.54606656047233     
   303.7500       5.54490771308370     
   315.0000       5.53126767085025     
   326.2500       5.50209250468721     
   337.5000       5.47683051644557     
   348.7500       5.44130051273230     
   360.0000       5.37913509055184     
