  0.0000000E+00   4.97379316102821     
   11.25000       4.88113772609684     
   22.50000       4.78118197378095     
   33.75000       4.67629000265245     
   45.00000       4.61861870783831     
   56.25000       4.52217826604907     
   67.50000       4.43142569261620     
   78.75000       4.35774431093956     
   90.00000       4.30183532388861     
   101.2500       4.26534317338019     
   112.5000       4.24908640094729     
   123.7500       4.25361791314042     
   135.0000       4.27598290764594     
   146.2500       4.31701618251536     
   157.5000       4.37669543388729     
   168.7500       4.44451781543361     
   180.0000       4.52961609926198     
   191.2500       4.61865588218706     
   202.5000       4.66823639805074     
   213.7500       4.76239325875601     
   225.0000       4.85193213131837     
   236.2500       4.93895815842544     
   247.5000       5.01875873238473     
   258.7500       5.04952477411283     
   270.0000       5.10467030588214     
   281.2500       5.14617271253042     
   292.5000       5.16908094294429     
   303.7500       5.17340907904502     
   315.0000       5.16020783259496     
   326.2500       5.12819873047110     
   337.5000       5.07914768621678     
   348.7500       5.02988374506957     
   360.0000       4.97379316102821     
