  0.0000000E+00   5.27196651307511     
   11.25000       5.20254045678595     
   22.50000       5.13083308627380     
   33.75000       5.05560774178076     
   45.00000       5.01992197534740     
   56.25000       4.94860753089477     
   67.50000       4.88465214936992     
   78.75000       4.82837619712921     
   90.00000       4.78467115214130     
   101.2500       4.75254138988787     
   112.5000       4.73549518834785     
   123.7500       4.73300294146201     
   135.0000       4.74549244511296     
   146.2500       4.77294153718068     
   157.5000       4.81391185493986     
   168.7500       4.86582549579152     
   180.0000       4.92735540905548     
   191.2500       4.99556693188052     
   202.5000       5.03654870557093     
   213.7500       5.11080998706108     
   225.0000       5.18509630435978     
   236.2500       5.25535529912427     
   247.5000       5.31864429372399     
   258.7500       5.37381189836955     
   270.0000       5.41590974204800     
   281.2500       5.44696222976563     
   292.5000       5.46352247103507     
   303.7500       5.46500864423596     
   315.0000       5.45271973384167     
   326.2500       5.42687797467713     
   337.5000       5.38566596659571     
   348.7500       5.33390337256412     
   360.0000       5.27196651307511     
