  0.0000000E+00   5.47694439977816     
   11.25000       5.43422413894132     
   22.50000       5.36234609418056     
   33.75000       5.29377899228769     
   45.00000       5.22644784855512     
   56.25000       5.16243711241602     
   67.50000       5.10634604032060     
   78.75000       5.05605388094842     
   90.00000       5.02953299294936     
   101.2500       5.02770529238756     
   112.5000       5.01281592522817     
   123.7500       5.01381778126155     
   135.0000       5.02898676343527     
   146.2500       5.02955707464926     
   157.5000       5.06070509349448     
   168.7500       5.11133753949650     
   180.0000       5.17244681535604     
   191.2500       5.23778169923663     
   202.5000       5.31060664575230     
   213.7500       5.38446985613474     
   225.0000       5.45529135971679     
   236.2500       5.49266821051599     
   247.5000       5.55046273304768     
   258.7500       5.60010482003895     
   270.0000       5.63664229743305     
   281.2500       5.66083424811502     
   292.5000       5.67244355872558     
   303.7500       5.66835925010394     
   315.0000       5.65298871085073     
   326.2500       5.62189846639679     
   337.5000       5.58234068976313     
   348.7500       5.53046989576614     
   360.0000       5.47694439977816     
