  0.0000000E+00   6.85269220727695     
   11.25000       6.80437183264422     
   22.50000       6.75338540016495     
   33.75000       6.69865227309141     
   45.00000       6.64419485162255     
   56.25000       6.59386177729057     
   67.50000       6.54569370963212     
   78.75000       6.50660836768325     
   90.00000       6.48727199244533     
   101.2500       6.46424524963829     
   112.5000       6.45344607223611     
   123.7500       6.45260760793347     
   135.0000       6.46355783117347     
   146.2500       6.48328260544357     
   157.5000       6.50147587925859     
   168.7500       6.53602389950142     
   180.0000       6.57713088741170     
   191.2500       6.62228387645222     
   202.5000       6.67055976977942     
   213.7500       6.72017895691395     
   225.0000       6.76848920245750     
   236.2500       6.81502720881749     
   247.5000       6.85661682518670     
   258.7500       6.89224935005651     
   270.0000       6.92211884768819     
   281.2500       6.94465238410295     
   292.5000       6.95897314671215     
   303.7500       6.96473515051324     
   315.0000       6.96123361188407     
   326.2500       6.94908561098192     
   337.5000       6.92518537978684     
   348.7500       6.89315071641032     
   360.0000       6.85269220727695     
