  0.0000000E+00   5.49491269915375     
   11.25000       5.45888040726974     
   22.50000       5.38890296573677     
   33.75000       5.31886114949575     
   45.00000       5.24947880305145     
   56.25000       5.18532969997832     
   67.50000       5.12791462773322     
   78.75000       5.08123474967842     
   90.00000       5.04576935607323     
   101.2500       5.02972050465982     
   112.5000       5.02961647999393     
   123.7500       5.02962796440631     
   135.0000       5.03939610905495     
   146.2500       5.07042289263849     
   157.5000       5.11311345567603     
   168.7500       5.16423235692941     
   180.0000       5.22408735357429     
   191.2500       5.28637403248374     
   202.5000       5.35278797135028     
   213.7500       5.41822768880045     
   225.0000       5.47658396679507     
   236.2500       5.51383777117420     
   247.5000       5.56590103487882     
   258.7500       5.60980479239986     
   270.0000       5.64556792519606     
   281.2500       5.66842595001027     
   292.5000       5.68127923967638     
   303.7500       5.67975383774150     
   315.0000       5.66685211302524     
   326.2500       5.64006494877718     
   337.5000       5.60317887834786     
   348.7500       5.55353486823704     
   360.0000       5.49491269915375     
