  0.0000000E+00   5.57956906103232     
   11.25000       5.51498649439380     
   22.50000       5.47655653662641     
   33.75000       5.41040100698780     
   45.00000       5.34246820592015     
   56.25000       5.28310370536137     
   67.50000       5.22912221200488     
   78.75000       5.18547614062629     
   90.00000       5.15083236191269     
   101.2500       5.13144899360957     
   112.5000       5.12575997390414     
   123.7500       5.13375052187884     
   135.0000       5.15342781260953     
   146.2500       5.18420480034195     
   157.5000       5.22571263392271     
   168.7500       5.27533989901623     
   180.0000       5.33264703848836     
   191.2500       5.39247513598663     
   202.5000       5.45668934426480     
   213.7500       5.48947153317054     
   225.0000       5.54986796660593     
   236.2500       5.60536437499360     
   247.5000       5.65616877894093     
   258.7500       5.69808017481224     
   270.0000       5.73090952402616     
   281.2500       5.75290193089038     
   292.5000       5.76583665351187     
   303.7500       5.76625436837001     
   315.0000       5.75262360555611     
   326.2500       5.72458203728475     
   337.5000       5.68620935012348     
   348.7500       5.63636151570687     
   360.0000       5.57956906103232     
