  0.0000000E+00   6.85887959180501     
   11.25000       6.81711154751684     
   22.50000       6.77005773367422     
   33.75000       6.72218531113630     
   45.00000       6.67140862283320     
   56.25000       6.62304622183914     
   67.50000       6.57930043617466     
   78.75000       6.53929919263379     
   90.00000       6.50952841753131     
   101.2500       6.49389988472550     
   112.5000       6.48947052975903     
   123.7500       6.48832988808547     
   135.0000       6.49377027764177     
   146.2500       6.50738189673193     
   157.5000       6.53789165823306     
   168.7500       6.57704636023873     
   180.0000       6.62304582244577     
   191.2500       6.67327353382258     
   202.5000       6.72389330374275     
   213.7500       6.77405244067695     
   225.0000       6.82148881321973     
   236.2500       6.86436840621218     
   247.5000       6.90271945257886     
   258.7500       6.93395167675832     
   270.0000       6.95707912582655     
   281.2500       6.97099672933366     
   292.5000       6.97608135280157     
   303.7500       6.97369689781104     
   315.0000       6.96405385686352     
   326.2500       6.94761709259839     
   337.5000       6.92516352910943     
   348.7500       6.89437231027200     
   360.0000       6.85887959180501     
