  0.0000000E+00   6.02120397956625     
   11.25000       5.96608952910532     
   22.50000       5.92159565800543     
   33.75000       5.85583219605641     
   45.00000       5.79007509152777     
   56.25000       5.72712946616379     
   67.50000       5.66990325660016     
   78.75000       5.61939793860461     
   90.00000       5.57920722417168     
   101.2500       5.54993720303171     
   112.5000       5.53271740990882     
   123.7500       5.52960068609842     
   135.0000       5.54101131306339     
   146.2500       5.56698784516112     
   157.5000       5.60577932901784     
   168.7500       5.65697077537344     
   180.0000       5.71797034934940     
   191.2500       5.78545028298604     
   202.5000       5.85803928510213     
   213.7500       5.93003475271118     
   225.0000       5.97572220479973     
   236.2500       6.03899329232212     
   247.5000       6.09591291940891     
   258.7500       6.14191399059114     
   270.0000       6.17622543578596     
   281.2500       6.19840394763456     
   292.5000       6.20580611199193     
   303.7500       6.20166293538780     
   315.0000       6.18439823194765     
   326.2500       6.15601576653299     
   337.5000       6.12034766036294     
   348.7500       6.07454360559963     
   360.0000       6.02120397956625     
