  0.0000000E+00   5.60872588565133     
   11.25000       5.55520218525517     
   22.50000       5.49782065769052     
   33.75000       5.46773693534830     
   45.00000       5.40906708458946     
   56.25000       5.35318455615302     
   67.50000       5.30216373232361     
   78.75000       5.25676121030077     
   90.00000       5.22013390731850     
   101.2500       5.19168846142916     
   112.5000       5.17495181184411     
   123.7500       5.16838422868709     
   135.0000       5.17531492174941     
   146.2500       5.19387395529848     
   157.5000       5.22434936000006     
   168.7500       5.26442563873502     
   180.0000       5.31329664421945     
   191.2500       5.37065062640410     
   202.5000       5.43409084102523     
   213.7500       5.47673425344542     
   225.0000       5.53242685842124     
   236.2500       5.59180115305099     
   247.5000       5.64757180457464     
   258.7500       5.69452335684888     
   270.0000       5.73348378912487     
   281.2500       5.75957005540881     
   292.5000       5.77273864617223     
   303.7500       5.77258230082653     
   315.0000       5.76013600790039     
   326.2500       5.73625940271480     
   337.5000       5.70066579977092     
   348.7500       5.65911110365743     
   360.0000       5.60872588565133     
