  0.0000000E+00   4.95315053385830     
   11.25000       4.86664772558520     
   22.50000       4.77483101555812     
   33.75000       4.67719284051476     
   45.00000       4.61857971964535     
   56.25000       4.53418614079158     
   67.50000       4.44587336188856     
   78.75000       4.37103402616973     
   90.00000       4.31312653100313     
   101.2500       4.27041029554901     
   112.5000       4.24836902836843     
   123.7500       4.24571745131679     
   135.0000       4.25878865564903     
   146.2500       4.29347769469752     
   157.5000       4.33953173532401     
   168.7500       4.40297187666640     
   180.0000       4.47771783394711     
   191.2500       4.56198010244843     
   202.5000       4.61955591262196     
   213.7500       4.69433912239609     
   225.0000       4.78375585607853     
   236.2500       4.86923958900158     
   247.5000       4.94821280709128     
   258.7500       5.02014294162464     
   270.0000       5.03870723818439     
   281.2500       5.08044017882849     
   292.5000       5.10769831722356     
   303.7500       5.11727089720365     
   315.0000       5.10898864200566     
   326.2500       5.08334084088201     
   337.5000       5.04097164108684     
   348.7500       5.02661013845215     
   360.0000       4.95315053385830     
