  0.0000000E+00   5.05994518809565     
   11.25000       5.02408110653981     
   22.50000       4.94206937017072     
   33.75000       4.85567183149690     
   45.00000       4.77156552774932     
   56.25000       4.68962321134181     
   67.50000       4.61933867957364     
   78.75000       4.59649965631675     
   90.00000       4.54531525248144     
   101.2500       4.51108136069359     
   112.5000       4.49085469484428     
   123.7500       4.49227732727206     
   135.0000       4.50415110388769     
   146.2500       4.54015270425817     
   157.5000       4.58913660419106     
   168.7500       4.61901985697420     
   180.0000       4.67629696526669     
   191.2500       4.75260997761552     
   202.5000       4.83428030072088     
   213.7500       4.91690098910697     
   225.0000       5.00024620097107     
   236.2500       5.03638916979955     
   247.5000       5.10319284312553     
   258.7500       5.16110151611475     
   270.0000       5.20762349369500     
   281.2500       5.24083708912207     
   292.5000       5.25773490313019     
   303.7500       5.26315268177760     
   315.0000       5.25055788728731     
   326.2500       5.22470138762886     
   337.5000       5.18208633151050     
   348.7500       5.12649336864962     
   360.0000       5.05994518809565     
