  0.0000000E+00   6.40066681934581     
   11.25000       6.34356290713124     
   22.50000       6.28434432889563     
   33.75000       6.22162096199482     
   45.00000       6.15877565157230     
   56.25000       6.09975742026452     
   67.50000       6.04316658534304     
   78.75000       5.99460942202257     
   90.00000       5.96394881841602     
   101.2500       5.94873084659364     
   112.5000       5.93271415323208     
   123.7500       5.93149889362074     
   135.0000       5.94274485434063     
   146.2500       5.96351368077655     
   157.5000       5.98542770270077     
   168.7500       6.03428452396967     
   180.0000       6.09234486335814     
   191.2500       6.15681181318251     
   202.5000       6.22571199761254     
   213.7500       6.29489633204477     
   225.0000       6.36220834315772     
   236.2500       6.42288430391198     
   247.5000       6.47537071820143     
   258.7500       6.50587612555688     
   270.0000       6.53501282012448     
   281.2500       6.55328072804142     
   292.5000       6.56041322430376     
   303.7500       6.55682127878286     
   315.0000       6.54009425907699     
   326.2500       6.51574970738518     
   337.5000       6.49381229209800     
   348.7500       6.45147300879975     
   360.0000       6.40066681934581     
