  0.0000000E+00   5.52827792544395     
   11.25000       5.47682001974359     
   22.50000       5.45112283363511     
   33.75000       5.39502505254125     
   45.00000       5.34038854086323     
   56.25000       5.28726913304421     
   67.50000       5.23945881561566     
   78.75000       5.19764949063303     
   90.00000       5.16576041963080     
   101.2500       5.14289188189413     
   112.5000       5.13229763220559     
   123.7500       5.13255048550513     
   135.0000       5.14609330754030     
   146.2500       5.17255177808371     
   157.5000       5.20892015962197     
   168.7500       5.25676578622733     
   180.0000       5.31039554243066     
   191.2500       5.37144844030233     
   202.5000       5.43332717278319     
   213.7500       5.47673274032389     
   225.0000       5.52528350938007     
   236.2500       5.57805563390539     
   247.5000       5.62281153313773     
   258.7500       5.65873767614368     
   270.0000       5.68453219252538     
   281.2500       5.69909730789873     
   292.5000       5.70404351656625     
   303.7500       5.69669533357478     
   315.0000       5.68065225399740     
   326.2500       5.65309781729964     
   337.5000       5.61845500904782     
   348.7500       5.57584942700475     
   360.0000       5.52827792544395     
