  0.0000000E+00   5.31819804653302     
   11.25000       5.25554215405930     
   22.50000       5.18684113931564     
   33.75000       5.11738069227878     
   45.00000       5.04633004885229     
   56.25000       5.01617232292000     
   67.50000       4.95396459945519     
   78.75000       4.90021626225662     
   90.00000       4.85842942187196     
   101.2500       4.82939079124612     
   112.5000       4.81501902446681     
   123.7500       4.81596963939803     
   135.0000       4.83100569606836     
   146.2500       4.86190995741731     
   157.5000       4.90374493460990     
   168.7500       4.95821109356126     
   180.0000       5.02057510808170     
   191.2500       5.04970334899127     
   202.5000       5.11761341132049     
   213.7500       5.18659881055455     
   225.0000       5.25384618836856     
   236.2500       5.31749057846583     
   247.5000       5.37252888701025     
   258.7500       5.41915346000768     
   270.0000       5.45510718102899     
   281.2500       5.47651547562827     
   292.5000       5.47685415382939     
   303.7500       5.47677313195226     
   315.0000       5.47665231389428     
   326.2500       5.45603195516401     
   337.5000       5.42056853612475     
   348.7500       5.37278881998904     
   360.0000       5.31819804653302     
