  0.0000000E+00   5.53837629034238     
   11.25000       5.47845511112552     
   22.50000       5.44500110093149     
   33.75000       5.38333314849825     
   45.00000       5.32525459832212     
   56.25000       5.27282328309181     
   67.50000       5.22852136172803     
   78.75000       5.19139132118320     
   90.00000       5.16381100263677     
   101.2500       5.14684781828703     
   112.5000       5.13901209672884     
   123.7500       5.14440764264950     
   135.0000       5.15942783092917     
   146.2500       5.18641443284072     
   157.5000       5.22203071921235     
   168.7500       5.26723736745085     
   180.0000       5.32043944292488     
   191.2500       5.37955389894927     
   202.5000       5.44334321950915     
   213.7500       5.47977277667268     
   225.0000       5.54165583003599     
   236.2500       5.59895390089696     
   247.5000       5.65119494724707     
   258.7500       5.69256456187145     
   270.0000       5.72400744429908     
   281.2500       5.74162788234427     
   292.5000       5.74699921682309     
   303.7500       5.73855813982364     
   315.0000       5.71780097218881     
   326.2500       5.68529469587967     
   337.5000       5.64429240245668     
   348.7500       5.59362076168223     
   360.0000       5.53837629034238     
