  0.0000000E+00   5.44700310424202     
   11.25000       5.38388365338333     
   22.50000       5.31673834389314     
   33.75000       5.24923805059367     
   45.00000       5.18284684177144     
   56.25000       5.12103312580042     
   67.50000       5.06399481918981     
   78.75000       5.02955514063131     
   90.00000       5.01200495958936     
   101.2500       4.98534834442338     
   112.5000       4.97088553132058     
   123.7500       4.96952782977088     
   135.0000       4.98038187861011     
   146.2500       5.00363974491616     
   157.5000       5.02927181004542     
   168.7500       5.04990082689495     
   180.0000       5.10371147724876     
   191.2500       5.16240859962166     
   202.5000       5.22911661453203     
   213.7500       5.29635563755952     
   225.0000       5.36350931393054     
   236.2500       5.42995747803974     
   247.5000       5.47655747247657     
   258.7500       5.50945228518184     
   270.0000       5.54857871923340     
   281.2500       5.57820046428904     
   292.5000       5.59338821337304     
   303.7500       5.59564880177072     
   315.0000       5.58519608781461     
   326.2500       5.56040762998449     
   337.5000       5.52362327697950     
   348.7500       5.47705924203499     
   360.0000       5.44700310424202     
