  0.0000000E+00   5.27908019319832     
   11.25000       5.20724528647150     
   22.50000       5.12694408116514     
   33.75000       5.04263330216914     
   45.00000       4.99661634599199     
   56.25000       4.91512629624859     
   67.50000       4.84135778344581     
   78.75000       4.77961382224602     
   90.00000       4.73063624128954     
   101.2500       4.69851641891713     
   112.5000       4.68193711644622     
   123.7500       4.68274842057468     
   135.0000       4.70024329082732     
   146.2500       4.73289839801169     
   157.5000       4.78145164333564     
   168.7500       4.83973115858844     
   180.0000       4.91070589059228     
   191.2500       4.98781045929008     
   202.5000       5.03175478711789     
   213.7500       5.10976892114574     
   225.0000       5.18695026369864     
   236.2500       5.25914211814611     
   247.5000       5.32357694332942     
   258.7500       5.37985460021849     
   270.0000       5.42545987665751     
   281.2500       5.45888759009299     
   292.5000       5.47640545462573     
   303.7500       5.47629475562440     
   315.0000       5.46547530468947     
   326.2500       5.43827298902470     
   337.5000       5.39614271152929     
   348.7500       5.34466222417021     
   360.0000       5.27908019319832     
