  0.0000000E+00   6.17146947246813     
   11.25000       6.12178244505853     
   22.50000       6.06786508417336     
   33.75000       6.01003941542285     
   45.00000       5.96363897384569     
   56.25000       5.91880114787902     
   67.50000       5.86524489507000     
   78.75000       5.81776379741103     
   90.00000       5.78061164764745     
   101.2500       5.75401135541578     
   112.5000       5.74061584829205     
   123.7500       5.74001256476391     
   135.0000       5.75138192351595     
   146.2500       5.77619040584730     
   157.5000       5.81003921124386     
   168.7500       5.85419978422921     
   180.0000       5.90538599077024     
   191.2500       5.96146284680505     
   202.5000       5.99700895871051     
   213.7500       6.05499682215196     
   225.0000       6.11120558331795     
   236.2500       6.16332099705091     
   247.5000       6.20814230438658     
   258.7500       6.24674695385762     
   270.0000       6.27570515112502     
   281.2500       6.29525396408788     
   292.5000       6.30724463234018     
   303.7500       6.30744517775589     
   315.0000       6.29840020001017     
   326.2500       6.28034804474280     
   337.5000       6.25224321662753     
   348.7500       6.21639854835494     
   360.0000       6.17146947246813     
