  0.0000000E+00   5.55287570614919     
   11.25000       5.48967719554395     
   22.50000       5.45404106587331     
   33.75000       5.38971573317787     
   45.00000       5.32728371894102     
   56.25000       5.27185519267347     
   67.50000       5.22364438263570     
   78.75000       5.18495262897707     
   90.00000       5.15566931356509     
   101.2500       5.14056433205407     
   112.5000       5.13543315676247     
   123.7500       5.14267983443960     
   135.0000       5.16011947489035     
   146.2500       5.18902349316431     
   157.5000       5.22736245958925     
   168.7500       5.27366928688715     
   180.0000       5.32701501181765     
   191.2500       5.38541044922988     
   202.5000       5.44806111400388     
   213.7500       5.48297158763958     
   225.0000       5.54398191107105     
   236.2500       5.60029320626408     
   247.5000       5.65221298399956     
   258.7500       5.69578696231632     
   270.0000       5.73080652384030     
   281.2500       5.75187570513479     
   292.5000       5.75949461954162     
   303.7500       5.75388211800418     
   315.0000       5.73541728935014     
   326.2500       5.70357383635826     
   337.5000       5.66181315563474     
   348.7500       5.60997369650206     
   360.0000       5.55287570614919     
