  0.0000000E+00   5.52692433266014     
   11.25000       5.47670549261354     
   22.50000       5.44679548824794     
   33.75000       5.39100406314814     
   45.00000       5.33768050584633     
   56.25000       5.28626636551981     
   67.50000       5.23949347549285     
   78.75000       5.19857590455510     
   90.00000       5.16752429180313     
   101.2500       5.14547254626949     
   112.5000       5.13546309797167     
   123.7500       5.13632918123669     
   135.0000       5.14898492089745     
   146.2500       5.17520620341975     
   157.5000       5.21112786954214     
   168.7500       5.25884783649900     
   180.0000       5.31253095175927     
   191.2500       5.37381775569428     
   202.5000       5.43764656119001     
   213.7500       5.47685095717129     
   225.0000       5.53075297089897     
   236.2500       5.58489212128299     
   247.5000       5.63126922554868     
   258.7500       5.66744956963582     
   270.0000       5.69408420701662     
   281.2500       5.70806882515195     
   292.5000       5.71191872518255     
   303.7500       5.70352081005781     
   315.0000       5.68592139464267     
   326.2500       5.65720855855537     
   337.5000       5.62051312377307     
   348.7500       5.57616666365647     
   360.0000       5.52692433266014     
