  0.0000000E+00   5.53102410210667     
   11.25000       5.47964137889670     
   22.50000       5.45451113332352     
   33.75000       5.39847564823459     
   45.00000       5.34208228448028     
   56.25000       5.28739115456086     
   67.50000       5.23827190744963     
   78.75000       5.19563796022736     
   90.00000       5.16289898577266     
   101.2500       5.13929983799301     
   112.5000       5.12831617589964     
   123.7500       5.12862522127918     
   135.0000       5.14308786982871     
   146.2500       5.16939565587240     
   157.5000       5.20608944783778     
   168.7500       5.25357574266053     
   180.0000       5.30682561986976     
   191.2500       5.36737333940960     
   202.5000       5.42827207586367     
   213.7500       5.47679927269771     
   225.0000       5.51847314475829     
   236.2500       5.56980168407837     
   247.5000       5.61371913655806     
   258.7500       5.64940552189049     
   270.0000       5.67549755942182     
   281.2500       5.69134916576569     
   292.5000       5.69708746587691     
   303.7500       5.69140600880311     
   315.0000       5.67686047643387     
   326.2500       5.65064495646858     
   337.5000       5.61816535059170     
   348.7500       5.57715467220581     
   360.0000       5.53102410210667     
