  0.0000000E+00   5.32202382324676     
   11.25000       5.26038640470139     
   22.50000       5.19380457198875     
   33.75000       5.12698405989328     
   45.00000       5.06030323955188     
   56.25000       5.02932412356725     
   67.50000       4.97542715257767     
   78.75000       4.92592081071920     
   90.00000       4.88656606269042     
   101.2500       4.86026800697332     
   112.5000       4.84574554386938     
   123.7500       4.84666995570849     
   135.0000       4.86067752127766     
   146.2500       4.88836714623458     
   157.5000       4.93019303091798     
   168.7500       4.98182032368010     
   180.0000       5.02941079143132     
   191.2500       5.07596518185658     
   202.5000       5.14618025557183     
   213.7500       5.21800452027037     
   225.0000       5.28670859090129     
   236.2500       5.35018709304605     
   247.5000       5.40703679237818     
   258.7500       5.45198147536320     
   270.0000       5.47658627591983     
   281.2500       5.48162257433675     
   292.5000       5.49040387979886     
   303.7500       5.48547069581624     
   315.0000       5.47685415782917     
   326.2500       5.46639659269411     
   337.5000       5.42648652634263     
   348.7500       5.37929711220615     
   360.0000       5.32202382324676     
