  0.0000000E+00   5.77642292703942     
   11.25000       5.71516785022175     
   22.50000       5.64793581807872     
   33.75000       5.57977649711350     
   45.00000       5.51074604806638     
   56.25000       5.47494189415071     
   67.50000       5.41588678190056     
   78.75000       5.36459522816700     
   90.00000       5.32432496696961     
   101.2500       5.29608685423289     
   112.5000       5.28382722277856     
   123.7500       5.28266845283397     
   135.0000       5.29554774169813     
   146.2500       5.32133563226657     
   157.5000       5.35651253323922     
   168.7500       5.40353465532425     
   180.0000       5.45792569002568     
   191.2500       5.48808428053852     
   202.5000       5.55148184919100     
   213.7500       5.61611466299111     
   225.0000       5.68058174789295     
   236.2500       5.74090438438837     
   247.5000       5.79521203735804     
   258.7500       5.84402340172009     
   270.0000       5.88294189494984     
   281.2500       5.91222000736999     
   292.5000       5.92919957982861     
   303.7500       5.93381820993447     
   315.0000       5.92599368490282     
   326.2500       5.90490146287088     
   337.5000       5.87261281492024     
   348.7500       5.82887746866193     
   360.0000       5.77642292703942     
