  0.0000000E+00   4.97191395303601     
   11.25000       4.88141402254371     
   22.50000       4.78749561690468     
   33.75000       4.69303589687801     
   45.00000       4.61920759340514     
   56.25000       4.56107535437241     
   67.50000       4.48653503081676     
   78.75000       4.42700836822386     
   90.00000       4.38456052688903     
   101.2500       4.35993951058381     
   112.5000       4.35350117807429     
   123.7500       4.36481717109984     
   135.0000       4.39368874274475     
   146.2500       4.43715452859442     
   157.5000       4.49634055466768     
   168.7500       4.56888594239052     
   180.0000       4.61925197539697     
   191.2500       4.68440767224902     
   202.5000       4.77412799634258     
   213.7500       4.86363537831968     
   225.0000       4.95381754017169     
   236.2500       5.02903871811308     
   247.5000       5.06577876322069     
   258.7500       5.12431217831962     
   270.0000       5.16965786727187     
   281.2500       5.20120151803602     
   292.5000       5.21438835446089     
   303.7500       5.20979204349176     
   315.0000       5.18713662452039     
   326.2500       5.14608627718430     
   337.5000       5.08952370593020     
   348.7500       5.02995441575033     
   360.0000       4.97191395303601     
