  0.0000000E+00   5.13445779836018     
   11.25000       5.06432907056670     
   22.50000       5.02916025834670     
   33.75000       4.94888546874881     
   45.00000       4.87032484127082     
   56.25000       4.79387620981906     
   67.50000       4.72691396736346     
   78.75000       4.66857216782423     
   90.00000       4.62382562270451     
   101.2500       4.61846772665226     
   112.5000       4.61823110946822     
   123.7500       4.61884850422633     
   135.0000       4.61906724501229     
   146.2500       4.63018770583420     
   157.5000       4.67562791026690     
   168.7500       4.73289492978096     
   180.0000       4.79899954277703     
   191.2500       4.87393850575311     
   202.5000       4.95056989367637     
   213.7500       5.02935791271108     
   225.0000       5.06681885967306     
   236.2500       5.13449134530623     
   247.5000       5.19561232766942     
   258.7500       5.24782891542050     
   270.0000       5.28860327747630     
   281.2500       5.31741490643739     
   292.5000       5.33268899844860     
   303.7500       5.33356361179908     
   315.0000       5.31929512409809     
   326.2500       5.29144549206653     
   337.5000       5.25011189752057     
   348.7500       5.19700346731757     
   360.0000       5.13445779836018     
