  0.0000000E+00   5.83366099162896     
   11.25000       5.77781647265455     
   22.50000       5.71975010597239     
   33.75000       5.65881395542201     
   45.00000       5.60151933376676     
   56.25000       5.54538937014995     
   67.50000       5.49391600208059     
   78.75000       5.47651217931787     
   90.00000       5.44312182160947     
   101.2500       5.41765360700405     
   112.5000       5.40440598653125     
   123.7500       5.40255958981712     
   135.0000       5.41402930319866     
   146.2500       5.43733800158530     
   157.5000       5.47248774251078     
   168.7500       5.49238105712486     
   180.0000       5.54639798015653     
   191.2500       5.60862701533462     
   202.5000       5.67428929002044     
   213.7500       5.74068393974307     
   225.0000       5.80519638142849     
   236.2500       5.86435059477292     
   247.5000       5.91766201743928     
   258.7500       5.96014756489675     
   270.0000       5.97090209719112     
   281.2500       5.98954912204405     
   292.5000       5.99660632192019     
   303.7500       5.99131247873853     
   315.0000       5.97449905944071     
   326.2500       5.96346142986359     
   337.5000       5.93094618167525     
   348.7500       5.88430935426920     
   360.0000       5.83366099162896     
