  0.0000000E+00   5.02940165128928     
   11.25000       4.94968772214222     
   22.50000       4.85762790051388     
   33.75000       4.76733342076633     
   45.00000       4.67672736325494     
   56.25000       4.61865835707189     
   67.50000       4.56491701669305     
   78.75000       4.49857818622021     
   90.00000       4.44955788058361     
   101.2500       4.41653707168188     
   112.5000       4.40346466476885     
   123.7500       4.40742081649890     
   135.0000       4.42947819910252     
   146.2500       4.46578670156888     
   157.5000       4.51715691941406     
   168.7500       4.57940596425945     
   180.0000       4.61937423358861     
   191.2500       4.68780004867747     
   202.5000       4.76823417466885     
   213.7500       4.85238802540439     
   225.0000       4.93343434791127     
   236.2500       5.01589847241017     
   247.5000       5.04664885406646     
   258.7500       5.10752359298999     
   270.0000       5.15540971323458     
   281.2500       5.19232257679972     
   292.5000       5.21233773331970     
   303.7500       5.21509633635367     
   315.0000       5.20233074961787     
   326.2500       5.17214349050046     
   337.5000       5.12578060148067     
   348.7500       5.06507222410873     
   360.0000       5.02940165128928     
