  0.0000000E+00   5.09533389779000     
   11.25000       5.02988260485019     
   22.50000       4.98001712711407     
   33.75000       4.89654114125855     
   45.00000       4.81107023744166     
   56.25000       4.73395313790318     
   67.50000       4.66227126901245     
   78.75000       4.61912446908208     
   90.00000       4.59874223356480     
   101.2500       4.56781566094215     
   112.5000       4.55272854567145     
   123.7500       4.55446936846800     
   135.0000       4.57302254882235     
   146.2500       4.60443729681924     
   157.5000       4.61914887922299     
   168.7500       4.66270121004106     
   180.0000       4.72776580491990     
   191.2500       4.79991850258918     
   202.5000       4.87854328743111     
   213.7500       4.95672468666773     
   225.0000       5.02912256622481     
   236.2500       5.06803918424490     
   247.5000       5.13212855504102     
   258.7500       5.18983246711276     
   270.0000       5.23501915636773     
   281.2500       5.26864948802315     
   292.5000       5.28879628857212     
   303.7500       5.29372695338412     
   315.0000       5.28358424938775     
   326.2500       5.25644540513628     
   337.5000       5.21432993069893     
   348.7500       5.16020226922369     
   360.0000       5.09533389779000     
