  0.0000000E+00   5.04455989020412     
   11.25000       5.00635426729256     
   22.50000       4.92238802523859     
   33.75000       4.83287253098993     
   45.00000       4.74546435768502     
   56.25000       4.66075021888655     
   67.50000       4.61841095713349     
   78.75000       4.56109607363881     
   90.00000       4.51058806644258     
   101.2500       4.47463960708502     
   112.5000       4.45946053355021     
   123.7500       4.46338354201922     
   135.0000       4.48312038411554     
   146.2500       4.51981641280566     
   157.5000       4.56475966810752     
   168.7500       4.61880521039655     
   180.0000       4.65736750969720     
   191.2500       4.73570757806625     
   202.5000       4.81586061436101     
   213.7500       4.89979024279261     
   225.0000       4.98047178664681     
   236.2500       5.02972574145354     
   247.5000       5.08655437952830     
   258.7500       5.14466555650257     
   270.0000       5.19126141040846     
   281.2500       5.22547618948548     
   292.5000       5.24399399806997     
   303.7500       5.24746624995650     
   315.0000       5.23516781340886     
   326.2500       5.20904839143375     
   337.5000       5.16578982719935     
   348.7500       5.11233069566986     
   360.0000       5.04455989020412     
