  0.0000000E+00   6.29219590387950     
   11.25000       6.23077083588368     
   22.50000       6.16521377513460     
   33.75000       6.10130546388825     
   45.00000       6.03913843496870     
   56.25000       5.98288733994802     
   67.50000       5.95605896554631     
   78.75000       5.91869797807911     
   90.00000       5.89038241512816     
   101.2500       5.87392358671578     
   112.5000       5.87113444135294     
   123.7500       5.88091116288764     
   135.0000       5.90113711772482     
   146.2500       5.93387029532602     
   157.5000       5.96369993414147     
   168.7500       5.99887248431039     
   180.0000       6.05275656339748     
   191.2500       6.10877744812550     
   202.5000       6.16697559060598     
   213.7500       6.22659455529338     
   225.0000       6.28356697094327     
   236.2500       6.33905296258179     
   247.5000       6.38763850244137     
   258.7500       6.42759598178918     
   270.0000       6.45816218240187     
   281.2500       6.47859344079614     
   292.5000       6.48874965451062     
   303.7500       6.48300757498752     
   315.0000       6.46568941190097     
   326.2500       6.43768613889612     
   337.5000       6.39926427387882     
   348.7500       6.34945587975044     
   360.0000       6.29219590387950     
