  0.0000000E+00   6.04596498867494     
   11.25000       5.98765330037298     
   22.50000       5.94836826179015     
   33.75000       5.88424558808267     
   45.00000       5.82064172463574     
   56.25000       5.75903041323042     
   67.50000       5.70336484054965     
   78.75000       5.65439557374500     
   90.00000       5.61417218940306     
   101.2500       5.58511017428653     
   112.5000       5.56770062551844     
   123.7500       5.56290381903953     
   135.0000       5.57104496187447     
   146.2500       5.59302150035096     
   157.5000       5.62814565898138     
   168.7500       5.67549841663764     
   180.0000       5.73267616294503     
   191.2500       5.79770364299263     
   202.5000       5.86826722180434     
   213.7500       5.93715551312408     
   225.0000       5.98673009566089     
   236.2500       6.05125917922263     
   247.5000       6.10901426190405     
   258.7500       6.15876708977690     
   270.0000       6.19600613206839     
   281.2500       6.22189770615005     
   292.5000       6.23313512439520     
   303.7500       6.23054403129017     
   315.0000       6.21486257152015     
   326.2500       6.18496379191099     
   337.5000       6.14601842621291     
   348.7500       6.10050079200445     
   360.0000       6.04596498867494     
