  0.0000000E+00   5.46296579559590     
   11.25000       5.40704483039105     
   22.50000       5.34712780788499     
   33.75000       5.28487436224899     
   45.00000       5.22365406812637     
   56.25000       5.16421793998165     
   67.50000       5.11091014396646     
   78.75000       5.06334646069829     
   90.00000       5.02962838810918     
   101.2500       5.02937442953465     
   112.5000       5.02128654940250     
   123.7500       5.02283905148542     
   135.0000       5.02935992991074     
   146.2500       5.03281997718082     
   157.5000       5.06974773105712     
   168.7500       5.11921363404696     
   180.0000       5.17553029214587     
   191.2500       5.23818853279344     
   202.5000       5.30350750729949     
   213.7500       5.36932977405470     
   225.0000       5.43177969616772     
   236.2500       5.47683661630368     
   247.5000       5.50786806105382     
   258.7500       5.54763104233729     
   270.0000       5.57747238875384     
   281.2500       5.59624584140751     
   292.5000       5.60465692270446     
   303.7500       5.60069825965330     
   315.0000       5.58658527315362     
   326.2500       5.56114857567225     
   337.5000       5.52735309646954     
   348.7500       5.48435206680221     
   360.0000       5.46296579559590     
