  0.0000000E+00   4.97980320834710     
   11.25000       4.89984230389032     
   22.50000       4.81140233236046     
   33.75000       4.72396172285371     
   45.00000       4.63527828288262     
   56.25000       4.59419159697711     
   67.50000       4.51849938842384     
   78.75000       4.45661941814329     
   90.00000       4.40750861731837     
   101.2500       4.37641116620677     
   112.5000       4.36137923620847     
   123.7500       4.36482185046749     
   135.0000       4.38592708299670     
   146.2500       4.42300108599829     
   157.5000       4.47591127317254     
   168.7500       4.54047228782778     
   180.0000       4.61688251657545     
   191.2500       4.65229983345970     
   202.5000       4.73567942905992     
   213.7500       4.82005995358473     
   225.0000       4.90412003835409     
   236.2500       4.98184849239778     
   247.5000       5.02983333672947     
   258.7500       5.07315789619897     
   270.0000       5.11817089848993     
   281.2500       5.15094528941581     
   292.5000       5.16829824378487     
   303.7500       5.16950168933664     
   315.0000       5.15222860230666     
   326.2500       5.12186090359978     
   337.5000       5.07386908123147     
   348.7500       5.02994737099808     
   360.0000       4.97980320834710     
