  0.0000000E+00   4.97698339839970     
   11.25000       4.89228338167158     
   22.50000       4.80499846520755     
   33.75000       4.71776001913659     
   45.00000       4.63548356188545     
   56.25000       4.60051255366999     
   67.50000       4.53560108052384     
   78.75000       4.48363147213779     
   90.00000       4.44644777935970     
   101.2500       4.42528991890994     
   112.5000       4.42059911210321     
   123.7500       4.43230985034594     
   135.0000       4.45976715563584     
   146.2500       4.50214024150147     
   157.5000       4.55884016161889     
   168.7500       4.61829388959610     
   180.0000       4.65737551063458     
   191.2500       4.73788590429261     
   202.5000       4.82285552954748     
   213.7500       4.90855491484085     
   225.0000       4.99377107661974     
   236.2500       5.02958548623327     
   247.5000       5.09277512347570     
   258.7500       5.14564129056546     
   270.0000       5.18515149715966     
   281.2500       5.21006364225106     
   292.5000       5.21768614564468     
   303.7500       5.20844896530197     
   315.0000       5.18217977466788     
   326.2500       5.14025316642327     
   337.5000       5.08435449683811     
   348.7500       5.02969372560661     
   360.0000       4.97698339839970     
