  0.0000000E+00   5.11773695526618     
   11.25000       5.04612386115539     
   22.50000       5.00355050624962     
   33.75000       4.92294809562007     
   45.00000       4.84055905543958     
   56.25000       4.76358289476542     
   67.50000       4.69463908404028     
   78.75000       4.63450217488965     
   90.00000       4.61850314782666     
   101.2500       4.59837083527396     
   112.5000       4.58563455980528     
   123.7500       4.58778675091027     
   135.0000       4.60703416595468     
   146.2500       4.61930202667774     
   157.5000       4.64648729803930     
   168.7500       4.70238716043218     
   180.0000       4.76801697548204     
   191.2500       4.83906242122019     
   202.5000       4.91458907123383     
   213.7500       4.99174191329432     
   225.0000       5.03016682345172     
   236.2500       5.09715750310798     
   247.5000       5.15967831001480     
   258.7500       5.21336172313417     
   270.0000       5.25711234435166     
   281.2500       5.28786026174972     
   292.5000       5.30478775077427     
   303.7500       5.30797879357617     
   315.0000       5.29680921295115     
   326.2500       5.27148548484936     
   337.5000       5.23266953742397     
   348.7500       5.18100132961238     
   360.0000       5.11773695526618     
