  0.0000000E+00   5.59797847266184     
   11.25000       5.52962396987524     
   22.50000       5.47694482874282     
   33.75000       5.41368471286686     
   45.00000       5.33767196023902     
   56.25000       5.26665762448276     
   67.50000       5.20351015221090     
   78.75000       5.14993092899891     
   90.00000       5.10796904380195     
   101.2500       5.07932095690391     
   112.5000       5.06790542112112     
   123.7500       5.07029570366259     
   135.0000       5.08779074025639     
   146.2500       5.12228752695530     
   157.5000       5.16661408413885     
   168.7500       5.22253802126550     
   180.0000       5.28738483699930     
   191.2500       5.35741025203986     
   202.5000       5.42997471839563     
   213.7500       5.47709514809703     
   225.0000       5.54337591247242     
   236.2500       5.60597285389110     
   247.5000       5.66293480904947     
   258.7500       5.70918715273729     
   270.0000       5.74480704859203     
   281.2500       5.77027626194374     
   292.5000       5.78154018546385     
   303.7500       5.78272047158697     
   315.0000       5.76987855813970     
   326.2500       5.74445431298393     
   337.5000       5.70726844229765     
   348.7500       5.65672891479991     
   360.0000       5.59797847266184     
