  0.0000000E+00   4.94721518692461     
   11.25000       4.86739813631259     
   22.50000       4.78017256331677     
   33.75000       4.69109248492469     
   45.00000       4.61921924325344     
   56.25000       4.55684439200190     
   67.50000       4.47965644150558     
   78.75000       4.41432599640280     
   90.00000       4.36509732549556     
   101.2500       4.33319355549685     
   112.5000       4.31862789512914     
   123.7500       4.32323242555227     
   135.0000       4.34328203155919     
   146.2500       4.38221036443748     
   157.5000       4.43216844768953     
   168.7500       4.49784139720546     
   180.0000       4.57068574612220     
   191.2500       4.61933128746621     
   202.5000       4.68548784734188     
   213.7500       4.76804509686820     
   225.0000       4.84778864084077     
   236.2500       4.92570010894548     
   247.5000       4.99477586858352     
   258.7500       5.03014189952964     
   270.0000       5.05889757009367     
   281.2500       5.09331790749291     
   292.5000       5.11334199084812     
   303.7500       5.11792171879209     
   315.0000       5.10554304074320     
   326.2500       5.07837667102107     
   337.5000       5.03505006685795     
   348.7500       5.01689615195104     
   360.0000       4.94721518692461     
