  0.0000000E+00   5.02992058722346     
   11.25000       4.96922929432694     
   22.50000       4.87807348615567     
   33.75000       4.78705826615752     
   45.00000       4.69595993677375     
   56.25000       4.61904065207649     
   67.50000       4.57649941254315     
   78.75000       4.51150995858341     
   90.00000       4.46268274498077     
   101.2500       4.43163863001672     
   112.5000       4.41849962906297     
   123.7500       4.42262444276110     
   135.0000       4.44505379986892     
   146.2500       4.48266204583854     
   157.5000       4.53517714541434     
   168.7500       4.59993608177064     
   180.0000       4.62575169722394     
   191.2500       4.70335021234663     
   202.5000       4.78343893813947     
   213.7500       4.86797788624101     
   225.0000       4.94829027943584     
   236.2500       5.02722407426325     
   247.5000       5.05657941563189     
   258.7500       5.11625447994844     
   270.0000       5.16373733885923     
   281.2500       5.19798817655850     
   292.5000       5.21991501246922     
   303.7500       5.22621551006926     
   315.0000       5.21462164324341     
   326.2500       5.18638531833861     
   337.5000       5.14145967477435     
   348.7500       5.08200272509912     
   360.0000       5.02992058722346     
