  0.0000000E+00   5.57764388581437     
   11.25000       5.52572100748350     
   22.50000       5.47680629345634     
   33.75000       5.44809944772357     
   45.00000       5.39865221814287     
   56.25000       5.35003203360138     
   67.50000       5.30814213161601     
   78.75000       5.27135529620312     
   90.00000       5.24448243598582     
   101.2500       5.22566871357265     
   112.5000       5.21761316893593     
   123.7500       5.21977141342337     
   135.0000       5.23433697208876     
   146.2500       5.25895118614896     
   157.5000       5.29553865306254     
   168.7500       5.34126197903705     
   180.0000       5.39360617441944     
   191.2500       5.45351255848551     
   202.5000       5.48556521880527     
   213.7500       5.54666432737851     
   225.0000       5.60429251141646     
   236.2500       5.65720265603982     
   247.5000       5.70114333507518     
   258.7500       5.73634900844674     
   270.0000       5.75974050609738     
   281.2500       5.77219629752910     
   292.5000       5.77298114158079     
   303.7500       5.76198313111347     
   315.0000       5.74078484441858     
   326.2500       5.71032637062727     
   337.5000       5.67171454969655     
   348.7500       5.62689771808960     
   360.0000       5.57764388581437     
