  0.0000000E+00   5.46254354555563     
   11.25000       5.40352972096806     
   22.50000       5.34328001669089     
   33.75000       5.28249582108826     
   45.00000       5.22356378128111     
   56.25000       5.16642002865251     
   67.50000       5.11619088769736     
   78.75000       5.07180907484075     
   90.00000       5.03717341593075     
   101.2500       5.02972821572163     
   112.5000       5.02934945631120     
   123.7500       5.02929986772646     
   135.0000       5.02971921032989     
   146.2500       5.04163751756276     
   157.5000       5.07894364940349     
   168.7500       5.12720512142756     
   180.0000       5.18364408386149     
   191.2500       5.24638915124598     
   202.5000       5.31221065215468     
   213.7500       5.37913880195736     
   225.0000       5.44398143519770     
   236.2500       5.47727105448926     
   247.5000       5.52513942166416     
   258.7500       5.56562952514229     
   270.0000       5.59547889238121     
   281.2500       5.61270649300187     
   292.5000       5.61894999380455     
   303.7500       5.61286307251766     
   315.0000       5.59591954750806     
   326.2500       5.56760301607747     
   337.5000       5.53049228863695     
   348.7500       5.48513277983517     
   360.0000       5.46254354555563     
