  0.0000000E+00   5.35079285529112     
   11.25000       5.28022511865419     
   22.50000       5.20351965992529     
   33.75000       5.12564329237048     
   45.00000       5.04758809951673     
   56.25000       5.00849806244110     
   67.50000       4.94130540699528     
   78.75000       4.88273503358041     
   90.00000       4.83637225375489     
   101.2500       4.80241617997328     
   112.5000       4.78393880964943     
   123.7500       4.77985840891328     
   135.0000       4.79145999331009     
   146.2500       4.81963011810549     
   157.5000       4.86171156286359     
   168.7500       4.91859994862267     
   180.0000       4.98572761507757     
   191.2500       5.02953904999825     
   202.5000       5.09568408712061     
   213.7500       5.17243712278046     
   225.0000       5.24940883392410     
   236.2500       5.32288546138190     
   247.5000       5.38924102698031     
   258.7500       5.44828521497114     
   270.0000       5.47676399506641     
   281.2500       5.49240078622288     
   292.5000       5.50841780885879     
   303.7500       5.51204656402445     
   315.0000       5.49894564195564     
   326.2500       5.47684594670315     
   337.5000       5.46466932069079     
   348.7500       5.41218545129319     
   360.0000       5.35079285529112     
