  0.0000000E+00   4.94322607199215     
   11.25000       4.86310738432090     
   22.50000       4.77648026823120     
   33.75000       4.68699065433758     
   45.00000       4.61852195416318     
   56.25000       4.55234589875616     
   67.50000       4.47489748243694     
   78.75000       4.40970103676180     
   90.00000       4.36061158085144     
   101.2500       4.32789249127847     
   112.5000       4.31310408479775     
   123.7500       4.31716849370191     
   135.0000       4.33724077405173     
   146.2500       4.37535877282969     
   157.5000       4.42428170714260     
   168.7500       4.48891971266596     
   180.0000       4.55988172764848     
   191.2500       4.61925207727417     
   202.5000       4.67572173660950     
   213.7500       4.75767276163318     
   225.0000       4.83733229363702     
   236.2500       4.91527047237965     
   247.5000       4.98440551779091     
   258.7500       5.02905690330143     
   270.0000       5.05150328970431     
   281.2500       5.08688476907045     
   292.5000       5.10747794934448     
   303.7500       5.11249945057083     
   315.0000       5.10090172965091     
   326.2500       5.07446958559200     
   337.5000       5.03181075944347     
   348.7500       5.01176492802600     
   360.0000       4.94322607199215     
