  0.0000000E+00   931.605430995319     
   11.25000       933.605335032474     
   22.50000       935.330907146174     
   33.75000       936.194079975923     
   45.00000       936.828879696214     
   56.25000       937.187668207300     
   67.50000       937.412091972897     
   78.75000       937.521376283548     
   90.00000       936.989017660588     
   101.2500       936.224292433800     
   112.5000       934.267906046522     
   123.7500       931.592145312229     
   135.0000       928.162364516510     
   146.2500       923.669982998855     
   157.5000       919.179349161913     
   168.7500       913.595733242841     
   180.0000       908.250188553724     
   191.2500       902.534146585882     
   202.5000       897.234478591196     
   213.7500       892.904139614916     
   225.0000       889.390426037276     
   236.2500       888.128242091803     
   247.5000       887.533540376538     
   258.7500       889.195890531368     
   270.0000       891.786252197149     
   281.2500       895.975179692559     
   292.5000       901.087418552040     
   303.7500       907.125569766996     
   315.0000       912.742069768514     
   326.2500       918.728015192711     
   337.5000       923.523655558971     
   348.7500       927.793411333877     
   360.0000       931.605430995319     
