  0.0000000E+00   646.979379015327     
   11.25000       643.731564070823     
   22.50000       640.263898546795     
   33.75000       636.417371000394     
   45.00000       632.262871765832     
   56.25000       628.848599225059     
   67.50000       625.072682207332     
   78.75000       622.594374524464     
   90.00000       620.174155744129     
   101.2500       618.560521833317     
   112.5000       617.488763453690     
   123.7500       616.948069879407     
   135.0000       616.766873756133     
   146.2500       616.639687512782     
   157.5000       616.642017442288     
   168.7500       616.760781735928     
   180.0000       617.105804571304     
   191.2500       617.713720804233     
   202.5000       618.901273367114     
   213.7500       620.261963434985     
   225.0000       622.735863546743     
   236.2500       625.235631136332     
   247.5000       628.428269535421     
   258.7500       632.159458106643     
   270.0000       636.171271854053     
   281.2500       640.236969471617     
   292.5000       644.086343331347     
   303.7500       647.051498833218     
   315.0000       649.450142034416     
   326.2500       650.268313843036     
   337.5000       650.535832434732     
   348.7500       648.996193944018     
   360.0000       646.979379015327     
