  0.0000000E+00   684.272319691528     
   11.25000       686.108811576580     
   22.50000       687.524074029302     
   33.75000       688.674922147436     
   45.00000       689.668021899492     
   56.25000       690.005329770222     
   67.50000       689.949576799321     
   78.75000       689.688557452972     
   90.00000       689.449979109760     
   101.2500       689.050630592001     
   112.5000       688.975390340067     
   123.7500       688.916672278386     
   135.0000       688.946648978161     
   146.2500       689.235001843780     
   157.5000       689.054249684039     
   168.7500       689.627241859741     
   180.0000       689.546012541371     
   191.2500       689.704725269562     
   202.5000       689.455374909605     
   213.7500       688.543569735923     
   225.0000       687.704378097029     
   236.2500       686.223429744397     
   247.5000       684.618365409214     
   258.7500       683.223836805224     
   270.0000       681.633012216285     
   281.2500       680.623711127873     
   292.5000       679.926520571707     
   303.7500       679.448435361483     
   315.0000       679.880670721847     
   326.2500       680.478882110873     
   337.5000       681.459960818032     
   348.7500       682.835878444402     
   360.0000       684.272319691528     
