  0.0000000E+00   1523.63786800913     
   11.25000       1519.46196933447     
   22.50000       1515.54488632931     
   33.75000       1512.65735541351     
   45.00000       1509.62367913771     
   56.25000       1507.83135156433     
   67.50000       1506.88243934932     
   78.75000       1506.35981707504     
   90.00000       1505.79098828409     
   101.2500       1506.18114669813     
   112.5000       1505.27999031637     
   123.7500       1504.97980652142     
   135.0000       1503.84674121332     
   146.2500       1503.02517522082     
   157.5000       1502.63760803948     
   168.7500       1501.98410529834     
   180.0000       1502.24348288968     
   191.2500       1502.96459489278     
   202.5000       1504.35411740327     
   213.7500       1507.53207125026     
   225.0000       1510.88783515782     
   236.2500       1515.37935335639     
   247.5000       1520.01491077955     
   258.7500       1525.13690014745     
   270.0000       1529.67708849281     
   281.2500       1533.57490333873     
   292.5000       1536.07656059755     
   303.7500       1536.88377006909     
   315.0000       1536.64058607982     
   326.2500       1534.51694367446     
   337.5000       1531.51259616920     
   348.7500       1527.71101876750     
   360.0000       1523.63786800913     
