  0.0000000E+00   1495.69435156808     
   11.25000       1489.31445627161     
   22.50000       1482.32468611909     
   33.75000       1475.45790603335     
   45.00000       1468.86390885360     
   56.25000       1462.71303356560     
   67.50000       1456.78282714161     
   78.75000       1453.02009141985     
   90.00000       1449.24227226563     
   101.2500       1447.69076615227     
   112.5000       1446.99913451383     
   123.7500       1446.56967890660     
   135.0000       1446.96886299279     
   146.2500       1446.56975248970     
   157.5000       1446.49187891260     
   168.7500       1446.92982287738     
   180.0000       1447.23313985953     
   191.2500       1448.91026598895     
   202.5000       1450.23077761152     
   213.7500       1452.99660084936     
   225.0000       1456.07424997563     
   236.2500       1460.55702372217     
   247.5000       1466.05524612498     
   258.7500       1472.63919269855     
   270.0000       1479.94498913689     
   281.2500       1487.12633694419     
   292.5000       1494.31464384440     
   303.7500       1499.86213878468     
   315.0000       1503.56166260176     
   326.2500       1504.98828313226     
   337.5000       1504.04149935253     
   348.7500       1500.76454611349     
   360.0000       1495.69435156808     
