  0.0000000E+00   495.773717575552     
   11.25000       497.017120150853     
   22.50000       497.893295319984     
   33.75000       498.580915650349     
   45.00000       499.246924388788     
   56.25000       499.563937733683     
   67.50000       499.965089538419     
   78.75000       500.503451479054     
   90.00000       500.801472954842     
   101.2500       501.382821194186     
   112.5000       501.664621388962     
   123.7500       501.709546899836     
   135.0000       501.714277056549     
   146.2500       501.094944379905     
   157.5000       500.221589744056     
   168.7500       498.788096234004     
   180.0000       497.142569566682     
   191.2500       495.282733507091     
   202.5000       493.112513488861     
   213.7500       491.024988818761     
   225.0000       488.978771059778     
   236.2500       487.241001174361     
   247.5000       485.973473147085     
   258.7500       485.375621969247     
   270.0000       485.312282653236     
   281.2500       485.794881240148     
   292.5000       486.821633623109     
   303.7500       488.163095602556     
   315.0000       489.805788112492     
   326.2500       491.383579478897     
   337.5000       493.017373962065     
   348.7500       494.576011692289     
   360.0000       495.773717575552     
