  0.0000000E+00   801.003962237366     
   11.25000       801.344893624207     
   22.50000       799.180863886535     
   33.75000       796.168203824630     
   45.00000       791.609505584075     
   56.25000       786.236529991269     
   67.50000       780.707512264252     
   78.75000       774.632665399088     
   90.00000       768.929080699687     
   101.2500       763.626475457258     
   112.5000       758.827768266098     
   123.7500       755.089212679816     
   135.0000       752.128038189885     
   146.2500       749.982058495497     
   157.5000       748.988642248069     
   168.7500       748.549170246549     
   180.0000       748.983264123613     
   191.2500       749.790376823749     
   202.5000       751.178553488874     
   213.7500       753.140030176332     
   225.0000       755.320444353530     
   236.2500       758.045846456291     
   247.5000       760.945441594362     
   258.7500       764.908533385839     
   270.0000       768.770585342878     
   281.2500       773.845765358863     
   292.5000       779.070077367004     
   303.7500       784.065647819904     
   315.0000       789.295098038214     
   326.2500       793.705252980251     
   337.5000       797.038288668017     
   348.7500       800.046496005426     
   360.0000       801.003962237366     
