  0.0000000E+00   1513.60197204794     
   11.25000       1508.34430612877     
   22.50000       1503.12807062065     
   33.75000       1498.81659858595     
   45.00000       1494.49668013573     
   56.25000       1490.97190408979     
   67.50000       1488.58311738008     
   78.75000       1487.28560429505     
   90.00000       1485.94846513087     
   101.2500       1486.25831265516     
   112.5000       1485.66742552826     
   123.7500       1485.54991953828     
   135.0000       1485.04003283045     
   146.2500       1484.09858366296     
   157.5000       1483.91510176616     
   168.7500       1483.58771265348     
   180.0000       1483.84940433941     
   191.2500       1484.86289967404     
   202.5000       1485.99272293459     
   213.7500       1489.08458429647     
   225.0000       1492.38275488176     
   236.2500       1497.10617276361     
   247.5000       1502.32282083979     
   258.7500       1508.29348757870     
   270.0000       1514.10259850869     
   281.2500       1519.45206305137     
   292.5000       1523.74104349780     
   303.7500       1525.95045144362     
   315.0000       1526.79588538382     
   326.2500       1525.51087934345     
   337.5000       1522.63713032294     
   348.7500       1518.47216352182     
   360.0000       1513.60197204794     
