  0.0000000E+00   995.204040208564     
   11.25000       998.195213120567     
   22.50000       1000.24119015412     
   33.75000       1001.26995465184     
   45.00000       1001.46019806842     
   56.25000       999.511004611200     
   67.50000       996.651874337848     
   78.75000       992.460351602129     
   90.00000       987.327350161455     
   101.2500       981.223204311615     
   112.5000       973.929563036263     
   123.7500       967.266023567814     
   135.0000       959.583652882805     
   146.2500       952.465057284802     
   157.5000       946.778727998941     
   168.7500       941.848394495845     
   180.0000       938.612157176088     
   191.2500       936.931368905558     
   202.5000       936.949415495598     
   213.7500       937.464443440405     
   225.0000       940.037083661800     
   236.2500       943.559249406572     
   247.5000       947.664036427931     
   258.7500       952.921710763824     
   270.0000       958.037853846510     
   281.2500       963.994953525198     
   292.5000       969.297293807153     
   303.7500       974.678615550021     
   315.0000       979.667880780818     
   326.2500       984.172941929328     
   337.5000       988.258642248296     
   348.7500       992.020962915406     
   360.0000       995.204040208564     
