  0.0000000E+00   1500.40258027952     
   11.25000       1495.27463176462     
   22.50000       1488.44806617933     
   33.75000       1483.32937455566     
   45.00000       1476.73224676945     
   56.25000       1472.31746688539     
   67.50000       1467.51492975140     
   78.75000       1465.22343607626     
   90.00000       1463.09203478428     
   101.2500       1462.24395133455     
   112.5000       1461.54626809644     
   123.7500       1461.13972192457     
   135.0000       1460.61404067622     
   146.2500       1460.03129086845     
   157.5000       1459.84335000974     
   168.7500       1459.82149841999     
   180.0000       1460.61165164145     
   191.2500       1461.07877196846     
   202.5000       1462.98421409027     
   213.7500       1464.86410460887     
   225.0000       1468.39614654605     
   236.2500       1472.87586169805     
   247.5000       1478.15832467899     
   258.7500       1485.01523945645     
   270.0000       1491.70000674687     
   281.2500       1499.03734599072     
   292.5000       1503.88282107112     
   303.7500       1509.11132394880     
   315.0000       1511.11666407922     
   326.2500       1511.25040902586     
   337.5000       1509.77680948209     
   348.7500       1505.58007762391     
   360.0000       1500.40258027952     
