  0.0000000E+00   2004.51805642738     
   11.25000       2004.84212124914     
   22.50000       2001.28885090860     
   33.75000       1993.96432563849     
   45.00000       1983.87181365194     
   56.25000       1970.08147017415     
   67.50000       1955.62883496976     
   78.75000       1939.80710303673     
   90.00000       1924.95615815070     
   101.2500       1910.09644346776     
   112.5000       1896.66860898234     
   123.7500       1885.55002800225     
   135.0000       1875.98721336749     
   146.2500       1869.07483324986     
   157.5000       1865.37135004386     
   168.7500       1863.36342831524     
   180.0000       1864.27688323054     
   191.2500       1866.13609245894     
   202.5000       1871.27412019603     
   213.7500       1877.34452637529     
   225.0000       1885.40673969478     
   236.2500       1894.62265366460     
   247.5000       1904.72301935885     
   258.7500       1914.91685919075     
   270.0000       1927.31388747083     
   281.2500       1939.75812767642     
   292.5000       1953.15683309474     
   303.7500       1966.18291193387     
   315.0000       1977.60505394415     
   326.2500       1988.15740489196     
   337.5000       1996.02586512511     
   348.7500       2002.26570434392     
   360.0000       2004.51805642738     
