  0.0000000E+00   1071.56547606031     
   11.25000       1068.59027442980     
   22.50000       1063.33763665350     
   33.75000       1058.04508449595     
   45.00000       1051.29357614127     
   56.25000       1044.09115567325     
   67.50000       1037.45775044277     
   78.75000       1031.10749508718     
   90.00000       1025.50429095504     
   101.2500       1021.72162639306     
   112.5000       1018.19488514720     
   123.7500       1015.95454043050     
   135.0000       1014.36052481315     
   146.2500       1013.61892570215     
   157.5000       1013.56705532765     
   168.7500       1014.26009180671     
   180.0000       1015.34302398015     
   191.2500       1016.66952105962     
   202.5000       1018.44559903887     
   213.7500       1020.60594089840     
   225.0000       1022.60002864122     
   236.2500       1026.35068927230     
   247.5000       1029.72183533964     
   258.7500       1035.07940402197     
   270.0000       1040.59806147311     
   281.2500       1047.19103126620     
   292.5000       1054.37933271218     
   303.7500       1060.52003289834     
   315.0000       1066.74746672365     
   326.2500       1070.19725231939     
   337.5000       1073.03049406787     
   348.7500       1073.20454634649     
   360.0000       1071.56547606031     
