  0.0000000E+00   1393.81264055838     
   11.25000       1396.71739506083     
   22.50000       1397.31430606868     
   33.75000       1395.26836584600     
   45.00000       1391.43026367839     
   56.25000       1384.74529089462     
   67.50000       1376.80158695089     
   78.75000       1367.00268450100     
   90.00000       1357.12076702980     
   101.2500       1346.64726530710     
   112.5000       1337.16768987593     
   123.7500       1327.73373884915     
   135.0000       1319.48526284900     
   146.2500       1313.13125745253     
   157.5000       1307.23014923203     
   168.7500       1305.27799753384     
   180.0000       1303.12136235631     
   191.2500       1304.56301008685     
   202.5000       1305.68212778508     
   213.7500       1309.73543491593     
   225.0000       1313.49736915284     
   236.2500       1318.98605875187     
   247.5000       1325.19772858499     
   258.7500       1331.47676568092     
   270.0000       1338.99084857087     
   281.2500       1347.44096641398     
   292.5000       1355.01321629162     
   303.7500       1363.42968897068     
   315.0000       1370.63335225926     
   326.2500       1378.22914222997     
   337.5000       1384.27455484835     
   348.7500       1390.45662319561     
   360.0000       1393.81264055838     
