  0.0000000E+00   480.554877646381     
   11.25000       480.786441611776     
   22.50000       480.927212722911     
   33.75000       481.324506347100     
   45.00000       481.384064610269     
   56.25000       481.555879188455     
   67.50000       481.742095805224     
   78.75000       481.621581398025     
   90.00000       481.810649252448     
   101.2500       481.796851202060     
   112.5000       481.822086456272     
   123.7500       481.937436322125     
   135.0000       482.151293665294     
   146.2500       482.619376442831     
   157.5000       483.067588645062     
   168.7500       483.717846754516     
   180.0000       484.461386625830     
   191.2500       485.154555667537     
   202.5000       485.668849561444     
   213.7500       486.026069410533     
   225.0000       486.164414844994     
   236.2500       486.022150523841     
   247.5000       485.775562142512     
   258.7500       485.229767532522     
   270.0000       484.503581559974     
   281.2500       483.619239582415     
   292.5000       482.645438134271     
   303.7500       481.928802672456     
   315.0000       481.160850011330     
   326.2500       480.695064885321     
   337.5000       480.509654591582     
   348.7500       480.372713938621     
   360.0000       480.554877646381     
