  0.0000000E+00   600.667758670505     
   11.25000       602.408458777343     
   22.50000       603.555873753130     
   33.75000       604.855991318534     
   45.00000       605.778371091537     
   56.25000       606.402497684766     
   67.50000       607.021938291293     
   78.75000       606.874467024677     
   90.00000       606.357436523330     
   101.2500       605.543528971107     
   112.5000       603.793682160598     
   123.7500       601.709061816767     
   135.0000       598.698658981107     
   146.2500       595.309856619588     
   157.5000       591.806170135545     
   168.7500       588.008326557571     
   180.0000       584.548960540073     
   191.2500       581.287925821878     
   202.5000       578.627756564641     
   213.7500       576.759997621670     
   225.0000       575.589191977908     
   236.2500       575.592308754501     
   247.5000       576.255181511749     
   258.7500       578.037256598394     
   270.0000       580.185065667136     
   281.2500       583.125688852322     
   292.5000       585.836986178925     
   303.7500       588.762219743370     
   315.0000       591.727265517659     
   326.2500       593.958868506966     
   337.5000       596.506310110193     
   348.7500       598.656970912895     
   360.0000       600.667758670505     
