  0.0000000E+00   741.053350061568     
   11.25000       743.367215797698     
   22.50000       745.640820283281     
   33.75000       747.154715807337     
   45.00000       748.174480199846     
   56.25000       748.510915181585     
   67.50000       748.372830822087     
   78.75000       747.408483449259     
   90.00000       745.666087841339     
   101.2500       742.844543044592     
   112.5000       739.029194918610     
   123.7500       734.627778787611     
   135.0000       729.431896694663     
   146.2500       724.122198739295     
   157.5000       718.567155321873     
   168.7500       713.557354262166     
   180.0000       708.678921399070     
   191.2500       704.947217508259     
   202.5000       702.085555792016     
   213.7500       700.279682276003     
   225.0000       700.271936361221     
   236.2500       700.854014633486     
   247.5000       703.004597676326     
   258.7500       706.255074335451     
   270.0000       709.616482024438     
   281.2500       714.520486978097     
   292.5000       718.697227564792     
   303.7500       723.674731406006     
   315.0000       727.528554645825     
   326.2500       731.535932961783     
   337.5000       735.012086481051     
   348.7500       737.974951859692     
   360.0000       741.053350061568     
