  0.0000000E+00   1547.62945359337     
   11.25000       1546.19941333932     
   22.50000       1545.22238798616     
   33.75000       1545.29033593981     
   45.00000       1545.22641615043     
   56.25000       1546.36499469695     
   67.50000       1546.67387978387     
   78.75000       1546.85650612893     
   90.00000       1546.50409406041     
   101.2500       1546.07689181901     
   112.5000       1544.52303850793     
   123.7500       1543.68253981355     
   135.0000       1541.90171097511     
   146.2500       1541.37164745175     
   157.5000       1540.16822055215     
   168.7500       1539.34118246825     
   180.0000       1539.60701334071     
   191.2500       1540.16166290641     
   202.5000       1542.14815941571     
   213.7500       1544.76369445779     
   225.0000       1547.55407026409     
   236.2500       1550.35657993965     
   247.5000       1552.85821404632     
   258.7500       1555.25030145415     
   270.0000       1556.54037454971     
   281.2500       1557.30167225598     
   292.5000       1556.94046792214     
   303.7500       1556.17942556258     
   315.0000       1554.80577343605     
   326.2500       1552.76117593968     
   337.5000       1551.14471728133     
   348.7500       1549.19401752802     
   360.0000       1547.62945359337     
