  0.0000000E+00   1983.15034202297     
   11.25000       1984.96768864000     
   22.50000       1983.65972453577     
   33.75000       1978.37016507893     
   45.00000       1970.60554280018     
   56.25000       1958.57149532618     
   67.50000       1945.34973755927     
   78.75000       1929.82332615500     
   90.00000       1914.51835263942     
   101.2500       1899.26473753101     
   112.5000       1884.47767069378     
   123.7500       1871.79898716321     
   135.0000       1860.82376063150     
   146.2500       1851.73000710914     
   157.5000       1846.15700866452     
   168.7500       1842.59685834827     
   180.0000       1842.37361074524     
   191.2500       1842.98215670270     
   202.5000       1846.98124362888     
   213.7500       1852.72457333288     
   225.0000       1860.51223375092     
   236.2500       1869.81683021795     
   247.5000       1880.32288191075     
   258.7500       1890.68116620423     
   270.0000       1902.79407641779     
   281.2500       1915.21769847740     
   292.5000       1928.19777456992     
   303.7500       1941.55248283343     
   315.0000       1953.29237017545     
   326.2500       1964.25332044405     
   337.5000       1972.57826614955     
   348.7500       1979.75409150858     
   360.0000       1983.15034202297     
