  0.0000000E+00   815.983329216782     
   11.25000       814.440428447009     
   22.50000       810.659446723813     
   33.75000       806.868204219140     
   45.00000       801.779880300624     
   56.25000       796.316875484913     
   67.50000       791.329927800166     
   78.75000       786.337576296992     
   90.00000       782.122036818248     
   101.2500       778.786910092164     
   112.5000       776.180937240654     
   123.7500       774.522148286849     
   135.0000       773.470003169577     
   146.2500       772.966277897717     
   157.5000       773.138518466163     
   168.7500       773.677723646803     
   180.0000       774.528014401608     
   191.2500       775.691484842695     
   202.5000       776.861247557414     
   213.7500       778.327984522001     
   225.0000       780.118473628042     
   236.2500       782.340296438518     
   247.5000       785.402968873297     
   258.7500       788.864868592874     
   270.0000       793.156602157694     
   281.2500       797.760931737703     
   292.5000       802.327589948722     
   303.7500       806.543988850380     
   315.0000       810.661306085641     
   326.2500       813.367477703246     
   337.5000       815.516886838447     
   348.7500       816.335960517515     
   360.0000       815.983329216782     
