  0.0000000E+00   1842.87787065210     
   11.25000       1847.26183791336     
   22.50000       1850.91941132641     
   33.75000       1851.96371010128     
   45.00000       1852.16479645376     
   56.25000       1850.75471378729     
   67.50000       1847.63925632931     
   78.75000       1843.42379982736     
   90.00000       1837.83629330675     
   101.2500       1829.11458514250     
   112.5000       1819.17991629508     
   123.7500       1806.75437616234     
   135.0000       1794.04910574312     
   146.2500       1780.03584717704     
   157.5000       1767.34827907728     
   168.7500       1755.44955082217     
   180.0000       1744.78087734054     
   191.2500       1736.25364933302     
   202.5000       1730.44833352213     
   213.7500       1728.06116274719     
   225.0000       1727.83097906393     
   236.2500       1731.86083105187     
   247.5000       1737.50912786024     
   258.7500       1746.70289679567     
   270.0000       1757.37666807368     
   281.2500       1770.45587095225     
   292.5000       1783.41889398846     
   303.7500       1797.05932541274     
   315.0000       1808.66886128911     
   326.2500       1819.48538810228     
   337.5000       1828.86194741475     
   348.7500       1836.46108228806     
   360.0000       1842.87787065210     
