  0.0000000E+00   1104.48241695549     
   11.25000       1100.52220490417     
   22.50000       1098.31115817443     
   33.75000       1095.78343101726     
   45.00000       1094.60362686893     
   56.25000       1093.38286338932     
   67.50000       1092.31788379352     
   78.75000       1092.10238576823     
   90.00000       1090.90883129878     
   101.2500       1090.62511729418     
   112.5000       1090.45438859871     
   123.7500       1089.91720261780     
   135.0000       1089.37260815533     
   146.2500       1088.73072161952     
   157.5000       1087.56414826969     
   168.7500       1087.39174548775     
   180.0000       1087.15776350389     
   191.2500       1087.88469390483     
   202.5000       1089.23006279714     
   213.7500       1091.68084438542     
   225.0000       1094.71252720603     
   236.2500       1098.32888575877     
   247.5000       1102.16836687270     
   258.7500       1105.84574434297     
   270.0000       1108.70643646564     
   281.2500       1111.53770195897     
   292.5000       1112.64120885031     
   303.7500       1114.17826051920     
   315.0000       1113.35163683631     
   326.2500       1112.64101091532     
   337.5000       1110.25715232417     
   348.7500       1107.45318173866     
   360.0000       1104.48241695549     
