  0.0000000E+00   582.471498029153     
   11.25000       583.815923784337     
   22.50000       585.150346178406     
   33.75000       585.918947010949     
   45.00000       586.635692778707     
   56.25000       587.206826361991     
   67.50000       587.353330622875     
   78.75000       587.873502881814     
   90.00000       588.129113035521     
   101.2500       588.308262547537     
   112.5000       588.370487587288     
   123.7500       588.053827252988     
   135.0000       587.793583245033     
   146.2500       586.947172207509     
   157.5000       585.561351794797     
   168.7500       583.680037238951     
   180.0000       581.270456296742     
   191.2500       578.825941034950     
   202.5000       576.032382202048     
   213.7500       573.569806118504     
   225.0000       571.124495031707     
   236.2500       569.319652242744     
   247.5000       567.895622303460     
   258.7500       567.289261674045     
   270.0000       567.412407104272     
   281.2500       567.998565975599     
   292.5000       569.832107986216     
   303.7500       571.787042489839     
   315.0000       574.105079021081     
   326.2500       576.705308663209     
   337.5000       578.831586401375     
   348.7500       580.922271249662     
   360.0000       582.471498029153     
