  0.0000000E+00   549.525613405003     
   11.25000       547.182156803166     
   22.50000       544.525889532482     
   33.75000       541.903067758500     
   45.00000       539.147095527358     
   56.25000       536.846152476857     
   67.50000       534.763838208212     
   78.75000       533.336299105816     
   90.00000       532.271361196403     
   101.2500       531.628321241862     
   112.5000       531.097433209109     
   123.7500       530.633099143888     
   135.0000       530.460895908690     
   146.2500       530.324263924230     
   157.5000       530.456081984904     
   168.7500       530.566957804644     
   180.0000       530.830244910588     
   191.2500       531.630229185807     
   202.5000       532.425287143048     
   213.7500       533.770072469203     
   225.0000       535.407937041251     
   236.2500       537.174640023492     
   247.5000       539.601205346042     
   258.7500       542.207574325737     
   270.0000       544.871795077778     
   281.2500       547.651707316626     
   292.5000       549.752387996670     
   303.7500       551.744212317343     
   315.0000       552.786095533787     
   326.2500       552.998092042524     
   337.5000       552.645375260603     
   348.7500       551.366469295093     
   360.0000       549.525613405003     
