  0.0000000E+00   477.646626549724     
   11.25000       477.282733161531     
   22.50000       476.797980145156     
   33.75000       476.618702473611     
   45.00000       476.531186998714     
   56.25000       476.258199462810     
   67.50000       476.330068007804     
   78.75000       476.138090414546     
   90.00000       476.062537815309     
   101.2500       476.104360391205     
   112.5000       476.075050420696     
   123.7500       476.119640080246     
   135.0000       476.103299360904     
   146.2500       476.344343953985     
   157.5000       476.710181365803     
   168.7500       477.229702601520     
   180.0000       477.969700135325     
   191.2500       478.962157118040     
   202.5000       480.057205805008     
   213.7500       481.105536951474     
   225.0000       482.145673106456     
   236.2500       482.918230778261     
   247.5000       483.521507368229     
   258.7500       483.898982084801     
   270.0000       483.943227382364     
   281.2500       483.780794354048     
   292.5000       483.093052634761     
   303.7500       482.278932963036     
   315.0000       481.338023172043     
   326.2500       480.209662041411     
   337.5000       479.287039099877     
   348.7500       478.424696928370     
   360.0000       477.646626549724     
