  0.0000000E+00   772.516771955490     
   11.25000       774.746828851936     
   22.50000       776.277137027785     
   33.75000       776.358416092419     
   45.00000       775.754939240622     
   56.25000       773.336352733136     
   67.50000       769.937824590433     
   78.75000       765.709736940170     
   90.00000       760.445677554229     
   101.2500       754.617131674502     
   112.5000       748.706584702960     
   123.7500       742.593477467959     
   135.0000       737.063425229851     
   146.2500       732.140200099112     
   157.5000       727.981700703507     
   168.7500       725.006559258398     
   180.0000       722.756717165918     
   191.2500       721.851318331878     
   202.5000       721.780826591905     
   213.7500       723.052778806680     
   225.0000       724.818517404512     
   236.2500       727.821437223781     
   247.5000       731.375840092525     
   258.7500       735.011316495398     
   270.0000       739.306040307879     
   281.2500       743.372093997133     
   292.5000       747.618655469033     
   303.7500       752.494461398778     
   315.0000       756.636011577945     
   326.2500       761.595521653343     
   337.5000       765.218045969044     
   348.7500       769.443175441720     
   360.0000       772.516771955490     
