  0.0000000E+00   871.466996147601     
   11.25000       873.632162452721     
   22.50000       875.744294183500     
   33.75000       877.545961584070     
   45.00000       878.386342136099     
   56.25000       879.100645928003     
   67.50000       879.246595270480     
   78.75000       878.643078990002     
   90.00000       878.148692936598     
   101.2500       876.984987445196     
   112.5000       876.383727261072     
   123.7500       875.755937229755     
   135.0000       875.448365486261     
   146.2500       875.694943626737     
   157.5000       875.239869604638     
   168.7500       875.556094881830     
   180.0000       874.389821883543     
   191.2500       873.868076623738     
   202.5000       872.281503897380     
   213.7500       870.746665004561     
   225.0000       868.758548154994     
   236.2500       866.700827684579     
   247.5000       864.265405646975     
   258.7500       862.509661227811     
   270.0000       860.723200692175     
   281.2500       859.971689274326     
   292.5000       860.146549812913     
   303.7500       860.421666056776     
   315.0000       862.145451288673     
   326.2500       863.731753605582     
   337.5000       866.061280378712     
   348.7500       868.652235128283     
   360.0000       871.466996147601     
