  0.0000000E+00   528.754534103213     
   11.25000       526.939009458297     
   22.50000       524.473516071300     
   33.75000       521.433958065844     
   45.00000       517.699334593763     
   56.25000       514.037850749181     
   67.50000       509.930451980633     
   78.75000       506.483087922217     
   90.00000       503.082696307055     
   101.2500       500.575019803625     
   112.5000       498.475361433100     
   123.7500       496.950689653993     
   135.0000       495.881933124188     
   146.2500       495.179861416344     
   157.5000       495.056036124683     
   168.7500       494.953968815421     
   180.0000       495.471623786682     
   191.2500       495.710426622090     
   202.5000       496.925645752044     
   213.7500       497.819194351230     
   225.0000       499.617524527730     
   236.2500       501.443742097929     
   247.5000       504.255554605955     
   258.7500       507.165073439361     
   270.0000       510.924402621936     
   281.2500       514.581786464674     
   292.5000       518.675546966521     
   303.7500       522.048810829868     
   315.0000       525.421616780765     
   326.2500       527.546107964846     
   337.5000       529.150477549460     
   348.7500       529.338292068276     
   360.0000       528.754534103213     
