  0.0000000E+00   449.796698198980     
   11.25000       447.104737425683     
   22.50000       444.452945786687     
   33.75000       441.668161367894     
   45.00000       439.414238696883     
   56.25000       437.222655178668     
   67.50000       435.547646286839     
   78.75000       434.118368551435     
   90.00000       433.120046616939     
   101.2500       432.385558720736     
   112.5000       431.918207413220     
   123.7500       431.545306152470     
   135.0000       431.295202874106     
   146.2500       431.268182012638     
   157.5000       431.155297950045     
   168.7500       431.633750256702     
   180.0000       432.008450240343     
   191.2500       433.075162746498     
   202.5000       434.279794771307     
   213.7500       435.857900938883     
   225.0000       437.962177027176     
   236.2500       440.316805925196     
   247.5000       443.136979304998     
   258.7500       445.787652802408     
   270.0000       448.541330956372     
   281.2500       450.788894758622     
   292.5000       452.873244239171     
   303.7500       454.110376628264     
   315.0000       454.816106685495     
   326.2500       454.536916432067     
   337.5000       453.690536856731     
   348.7500       451.904445184975     
   360.0000       449.796698198980     
