  0.0000000E+00   1344.98473455955     
   11.25000       1348.07094895042     
   22.50000       1350.78135465833     
   33.75000       1351.52499838025     
   45.00000       1351.57921128082     
   56.25000       1348.89749349605     
   67.50000       1345.58366710610     
   78.75000       1339.88270883576     
   90.00000       1332.73923368409     
   101.2500       1323.91282184437     
   112.5000       1313.91089924051     
   123.7500       1304.84245699395     
   135.0000       1294.25938911703     
   146.2500       1286.41348013734     
   157.5000       1277.23035277499     
   168.7500       1271.38212378745     
   180.0000       1265.23995658551     
   191.2500       1262.34269888981     
   202.5000       1260.90714268425     
   213.7500       1261.79413744034     
   225.0000       1265.14724424118     
   236.2500       1269.57959055707     
   247.5000       1275.18772352320     
   258.7500       1282.71124874212     
   270.0000       1289.79034660502     
   281.2500       1298.40267211347     
   292.5000       1306.58491576373     
   303.7500       1315.46891819009     
   315.0000       1322.78850630152     
   326.2500       1330.36620622157     
   337.5000       1335.68138923101     
   348.7500       1340.99230989397     
   360.0000       1344.98473455955     
