  0.0000000E+00   579.233952132905     
   11.25000       580.932669834084     
   22.50000       582.530038958563     
   33.75000       583.836950629242     
   45.00000       585.270641515440     
   56.25000       586.225046694839     
   67.50000       587.216385717372     
   78.75000       587.443405779995     
   90.00000       587.593178055400     
   101.2500       586.916556221496     
   112.5000       585.797429610706     
   123.7500       583.682163187875     
   135.0000       581.133714986946     
   146.2500       577.663802556960     
   157.5000       574.201657490598     
   168.7500       569.957449019214     
   180.0000       566.119101592689     
   191.2500       562.126826481516     
   202.5000       558.952571513369     
   213.7500       556.049399940420     
   225.0000       554.211448078345     
   236.2500       553.151829602384     
   247.5000       552.914893650223     
   258.7500       554.207102551283     
   270.0000       555.734171923735     
   281.2500       558.870706343391     
   292.5000       561.716275781202     
   303.7500       565.238994580361     
   315.0000       568.551787138469     
   326.2500       571.665399759038     
   337.5000       574.527515912095     
   348.7500       577.027231467871     
   360.0000       579.233952132905     
