  0.0000000E+00   787.563263977048     
   11.25000       789.264954742825     
   22.50000       789.322133745855     
   33.75000       787.950727113492     
   45.00000       785.335198241011     
   56.25000       780.975040781278     
   67.50000       776.213410572667     
   78.75000       770.667042575736     
   90.00000       764.539762193567     
   101.2500       758.575229894630     
   112.5000       752.730891731076     
   123.7500       747.400240845399     
   135.0000       743.068216361453     
   146.2500       739.370678040399     
   157.5000       736.837776042550     
   168.7500       735.294898476974     
   180.0000       734.558021519630     
   191.2500       734.838053400054     
   202.5000       735.765556727910     
   213.7500       737.643456946513     
   225.0000       739.913196537940     
   236.2500       743.085310218494     
   247.5000       746.130027985196     
   258.7500       749.956314009269     
   270.0000       753.793164431680     
   281.2500       757.931088665661     
   292.5000       762.949095580361     
   303.7500       767.865938299562     
   315.0000       772.669917102187     
   326.2500       777.721203066214     
   337.5000       781.457094803516     
   348.7500       785.431085715071     
   360.0000       787.563263977048     
