  0.0000000E+00   1098.83189739657     
   11.25000       1093.92262351148     
   22.50000       1090.44137488009     
   33.75000       1086.73339234676     
   45.00000       1084.11168684002     
   56.25000       1082.20090172616     
   67.50000       1080.15534803009     
   78.75000       1079.47777775057     
   90.00000       1078.17925469730     
   101.2500       1077.30517673299     
   112.5000       1077.12039102946     
   123.7500       1076.84983085110     
   135.0000       1076.37817401437     
   146.2500       1076.23510242306     
   157.5000       1075.33280836151     
   168.7500       1075.15496813687     
   180.0000       1075.02892612823     
   191.2500       1075.63847864324     
   202.5000       1076.82069012077     
   213.7500       1079.06362501291     
   225.0000       1082.00250061553     
   236.2500       1085.85983692435     
   247.5000       1090.26088242780     
   258.7500       1095.07789338805     
   270.0000       1098.96045848065     
   281.2500       1103.10780426661     
   292.5000       1105.13994689606     
   303.7500       1107.50534739812     
   315.0000       1107.56329143005     
   326.2500       1107.10973266398     
   337.5000       1105.17759684018     
   348.7500       1101.95813865026     
   360.0000       1098.83189739657     
