  0.0000000E+00   2120.47736198249     
   11.25000       2116.09615698232     
   22.50000       2111.69502255059     
   33.75000       2107.68894122123     
   45.00000       2104.32315535927     
   56.25000       2101.40689778491     
   67.50000       2099.85039833495     
   78.75000       2098.60507551344     
   90.00000       2097.74927535148     
   101.2500       2097.26080447058     
   112.5000       2097.09601850543     
   123.7500       2097.20256246241     
   135.0000       2097.51906867759     
   146.2500       2098.24354473479     
   157.5000       2098.90193152008     
   168.7500       2099.68747965241     
   180.0000       2101.35215966076     
   191.2500       2103.69478171374     
   202.5000       2106.68898003208     
   213.7500       2110.24521167213     
   225.0000       2114.69635637583     
   236.2500       2118.42915259040     
   247.5000       2122.76245703593     
   258.7500       2127.29569927835     
   270.0000       2131.47499490463     
   281.2500       2134.75746080560     
   292.5000       2136.71288259306     
   303.7500       2137.09353064513     
   315.0000       2135.83594598142     
   326.2500       2133.09200712419     
   337.5000       2129.34881156567     
   348.7500       2124.36315366151     
   360.0000       2120.47736198249     
