  0.0000000E+00   1283.38873057658     
   11.25000       1285.95606869193     
   22.50000       1288.34154601124     
   33.75000       1288.94200902615     
   45.00000       1289.43319993345     
   56.25000       1289.50475277496     
   67.50000       1288.17863740853     
   78.75000       1287.59649346631     
   90.00000       1284.69652724245     
   101.2500       1282.73015060327     
   112.5000       1277.35485610367     
   123.7500       1272.42559038922     
   135.0000       1264.61398491624     
   146.2500       1257.15926345583     
   157.5000       1248.80727391821     
   168.7500       1240.59567469246     
   180.0000       1233.13158037804     
   191.2500       1225.97055120155     
   202.5000       1220.39805936212     
   213.7500       1216.41262334856     
   225.0000       1213.90328733724     
   236.2500       1214.29178824110     
   247.5000       1216.14778108666     
   258.7500       1220.83016422431     
   270.0000       1226.70434638131     
   281.2500       1234.95644842138     
   292.5000       1242.76099393512     
   303.7500       1251.62814866130     
   315.0000       1259.64290345075     
   326.2500       1267.18276290520     
   337.5000       1273.98557356277     
   348.7500       1279.32855476167     
   360.0000       1283.38873057658     
