  0.0000000E+00   1127.90244881201     
   11.25000       1128.78360009314     
   22.50000       1129.58732118230     
   33.75000       1130.46409038936     
   45.00000       1131.59833875086     
   56.25000       1131.61045576401     
   67.50000       1132.31255732525     
   78.75000       1131.83459905847     
   90.00000       1131.43834607797     
   101.2500       1130.95926249662     
   112.5000       1129.46766986555     
   123.7500       1128.53586372791     
   135.0000       1127.15128548676     
   146.2500       1125.87535592021     
   157.5000       1125.10589162604     
   168.7500       1124.88614507820     
   180.0000       1124.89109819840     
   191.2500       1126.20933074565     
   202.5000       1127.34394676101     
   213.7500       1129.16221538810     
   225.0000       1130.57700124244     
   236.2500       1131.19261154455     
   247.5000       1131.63646507458     
   258.7500       1131.71077491364     
   270.0000       1131.76343601635     
   281.2500       1131.62732732410     
   292.5000       1131.23404196561     
   303.7500       1130.91691210832     
   315.0000       1129.71659850085     
   326.2500       1129.60464558904     
   337.5000       1128.15376598284     
   348.7500       1128.38076595533     
   360.0000       1127.90244881201     
