  0.0000000E+00   785.807818657017     
   11.25000       787.204508621508     
   22.50000       788.227254533871     
   33.75000       787.811351642411     
   45.00000       786.264290994447     
   56.25000       783.620283453239     
   67.50000       779.678994978287     
   78.75000       774.969242923613     
   90.00000       769.398972265103     
   101.2500       763.562986487360     
   112.5000       758.049224261772     
   123.7500       752.803105766713     
   135.0000       748.017526491193     
   146.2500       744.245200437328     
   157.5000       741.331523535435     
   168.7500       739.432327794957     
   180.0000       738.568435371464     
   191.2500       738.551993345517     
   202.5000       739.574755194471     
   213.7500       741.348363474033     
   225.0000       743.747803514944     
   236.2500       746.658633991736     
   247.5000       749.842750753699     
   258.7500       753.008368642384     
   270.0000       756.693548041805     
   281.2500       760.015231946413     
   292.5000       763.926693313315     
   303.7500       768.175832265648     
   315.0000       772.071103725382     
   326.2500       776.512225807405     
   337.5000       779.915639770128     
   348.7500       783.270832508703     
   360.0000       785.807818657017     
