  0.0000000E+00   1452.06058443958     
   11.25000       1450.18377634054     
   22.50000       1444.16922851328     
   33.75000       1437.45130768242     
   45.00000       1428.02911828135     
   56.25000       1418.49462172439     
   67.50000       1409.27033687920     
   78.75000       1400.26587975647     
   90.00000       1391.75119604756     
   101.2500       1383.97052406990     
   112.5000       1377.84205645894     
   123.7500       1372.94272973702     
   135.0000       1370.31389679905     
   146.2500       1368.52050297121     
   157.5000       1368.87192720798     
   168.7500       1369.39497529859     
   180.0000       1370.65137131745     
   191.2500       1372.68295955390     
   202.5000       1374.42402093514     
   213.7500       1378.26478997835     
   225.0000       1381.14703121049     
   236.2500       1386.91493308815     
   247.5000       1391.62253257470     
   258.7500       1398.45222860918     
   270.0000       1405.21616627544     
   281.2500       1412.67145936990     
   292.5000       1421.64334521741     
   303.7500       1430.17512034874     
   315.0000       1438.17133434030     
   326.2500       1445.46740657135     
   337.5000       1449.82538581835     
   348.7500       1452.71073142896     
   360.0000       1452.06058443958     
