  0.0000000E+00   1056.80039987899     
   11.25000       1055.95908334681     
   22.50000       1052.31129935638     
   33.75000       1047.73235223720     
   45.00000       1042.20683708903     
   56.25000       1035.23017650374     
   67.50000       1027.56542301558     
   78.75000       1020.32971541989     
   90.00000       1012.63103125311     
   101.2500       1006.30347229355     
   112.5000       1000.96260563867     
   123.7500       996.820620479826     
   135.0000       993.729236953496     
   146.2500       991.723233505960     
   157.5000       990.617639120796     
   168.7500       990.468474480278     
   180.0000       991.348175831558     
   191.2500       992.929566599355     
   202.5000       994.938954131274     
   213.7500       997.858818705743     
   225.0000       1000.08997313276     
   236.2500       1003.92326365036     
   247.5000       1007.62518285018     
   258.7500       1012.31137005678     
   270.0000       1017.88663920408     
   281.2500       1023.41179299545     
   292.5000       1030.54807657632     
   303.7500       1036.80121438341     
   315.0000       1043.96223716151     
   326.2500       1049.47174689538     
   337.5000       1053.73856512274     
   348.7500       1056.63529705938     
   360.0000       1056.80039987899     
