  0.0000000E+00   1177.96785970264     
   11.25000       1182.09323674922     
   22.50000       1184.00773754295     
   33.75000       1187.21783399802     
   45.00000       1187.63705158263     
   56.25000       1188.65741821115     
   67.50000       1187.99684947062     
   78.75000       1186.67798424312     
   90.00000       1185.38185378577     
   101.2500       1183.57638946200     
   112.5000       1182.54027060906     
   123.7500       1180.88805189667     
   135.0000       1179.83775177625     
   146.2500       1179.39025105171     
   157.5000       1178.17628362913     
   168.7500       1177.46205459158     
   180.0000       1176.08064235324     
   191.2500       1173.97526133596     
   202.5000       1171.23783275969     
   213.7500       1168.25184882892     
   225.0000       1164.56431292257     
   236.2500       1161.67630086903     
   247.5000       1158.98087935596     
   258.7500       1156.76977538622     
   270.0000       1155.69282983449     
   281.2500       1155.33014619964     
   292.5000       1156.28297195738     
   303.7500       1158.20283722907     
   315.0000       1161.31044755854     
   326.2500       1165.17425369679     
   337.5000       1169.58781443884     
   348.7500       1174.46196536372     
   360.0000       1177.96785970264     
