  0.0000000E+00   662.615741122279     
   11.25000       660.484774684704     
   22.50000       658.650659306516     
   33.75000       657.049675850581     
   45.00000       655.890872208468     
   56.25000       655.193798834652     
   67.50000       654.889826683765     
   78.75000       655.023532311434     
   90.00000       654.881208863922     
   101.2500       655.135844116566     
   112.5000       654.670211105627     
   123.7500       654.542463720261     
   135.0000       654.166149346808     
   146.2500       653.712472565594     
   157.5000       653.832826050274     
   168.7500       653.962032038504     
   180.0000       654.614881079163     
   191.2500       655.706506278457     
   202.5000       656.751246003677     
   213.7500       658.489606789603     
   225.0000       660.443117946416     
   236.2500       662.572336664131     
   247.5000       665.019703036137     
   258.7500       666.990932361907     
   270.0000       668.843696877038     
   281.2500       670.180360040163     
   292.5000       670.630650657647     
   303.7500       670.656933351263     
   315.0000       669.845664997580     
   326.2500       668.536345796706     
   337.5000       666.766824851151     
   348.7500       664.529520193467     
   360.0000       662.615741122279     
