  0.0000000E+00   748.721455411685     
   11.25000       751.165114315490     
   22.50000       753.496399980464     
   33.75000       754.794724727939     
   45.00000       755.612853229975     
   56.25000       755.626282275632     
   67.50000       754.919103860349     
   78.75000       753.155123769838     
   90.00000       750.543708196989     
   101.2500       746.738674849708     
   112.5000       742.169906332608     
   123.7500       737.061871744760     
   135.0000       731.366389278291     
   146.2500       725.800562471983     
   157.5000       720.261635621343     
   168.7500       715.499642635408     
   180.0000       711.083035818383     
   191.2500       708.000552562088     
   202.5000       705.736602531099     
   213.7500       704.888468477286     
   225.0000       705.475411329777     
   236.2500       706.659166019696     
   247.5000       709.611154864423     
   258.7500       713.051787306237     
   270.0000       716.856467364946     
   281.2500       721.825769013540     
   292.5000       725.916360787031     
   303.7500       730.808512307977     
   315.0000       734.500064804065     
   326.2500       738.746417306537     
   337.5000       742.187282193509     
   348.7500       745.402025902715     
   360.0000       748.721455411685     
