  0.0000000E+00   2095.94502369664     
   11.25000       2086.85978792951     
   22.50000       2077.32760058423     
   33.75000       2067.22664946356     
   45.00000       2057.94202806971     
   56.25000       2049.16767645771     
   67.50000       2041.84675083071     
   78.75000       2036.04387579577     
   90.00000       2031.63926389117     
   101.2500       2028.49998587677     
   112.5000       2026.39777537076     
   123.7500       2025.44286251242     
   135.0000       2025.56938320528     
   146.2500       2025.92960731093     
   157.5000       2028.47194800040     
   168.7500       2030.60637681872     
   180.0000       2032.95441889918     
   191.2500       2036.03123500949     
   202.5000       2041.03669179457     
   213.7500       2046.24665107064     
   225.0000       2053.98373591770     
   236.2500       2061.67518720868     
   247.5000       2069.98168829535     
   258.7500       2078.75968212636     
   270.0000       2087.81447526828     
   281.2500       2096.63058162942     
   292.5000       2104.48444303497     
   303.7500       2110.21329430427     
   315.0000       2113.73416990750     
   326.2500       2113.14036232199     
   337.5000       2110.76641228311     
   348.7500       2104.01172023394     
   360.0000       2095.94502369664     
