  0.0000000E+00   658.921609351434     
   11.25000       656.002143123013     
   22.50000       652.834774718744     
   33.75000       649.777046617244     
   45.00000       646.545290621350     
   56.25000       644.097554874528     
   67.50000       641.657283447394     
   78.75000       640.244219048876     
   90.00000       638.965682180170     
   101.2500       638.441504665316     
   112.5000       638.308290045416     
   123.7500       638.032097009718     
   135.0000       638.152784502825     
   146.2500       638.055930881290     
   157.5000       637.938122978484     
   168.7500       638.084779092310     
   180.0000       638.282402254152     
   191.2500       638.908700333476     
   202.5000       640.019624491022     
   213.7500       641.361306485374     
   225.0000       643.423327074122     
   236.2500       645.679314475551     
   247.5000       648.425939088757     
   258.7500       651.644176296337     
   270.0000       654.703771519961     
   281.2500       657.869792759589     
   292.5000       660.547262689687     
   303.7500       662.510949189415     
   315.0000       663.738052018920     
   326.2500       663.738101143693     
   337.5000       663.127602660756     
   348.7500       661.384062874431     
   360.0000       658.921609351434     
