  0.0000000E+00   643.764657745998     
   11.25000       641.663052081284     
   22.50000       638.350740548482     
   33.75000       634.805231138355     
   45.00000       630.122834389922     
   56.25000       625.991162473297     
   67.50000       621.369441184764     
   78.75000       617.328172176259     
   90.00000       613.767828620486     
   101.2500       610.784651641253     
   112.5000       608.525943731704     
   123.7500       606.878059656260     
   135.0000       605.904202508227     
   146.2500       605.475637333386     
   157.5000       605.435375360996     
   168.7500       605.582572894521     
   180.0000       606.089239826644     
   191.2500       606.545567468021     
   202.5000       607.797111869317     
   213.7500       608.911523283505     
   225.0000       611.024400289777     
   236.2500       613.410682628741     
   247.5000       616.296553022057     
   258.7500       619.761024121804     
   270.0000       623.813001869403     
   281.2500       628.008738212158     
   292.5000       632.658102794388     
   303.7500       636.585720526105     
   315.0000       640.460974377258     
   326.2500       642.762018232097     
   337.5000       644.540268037143     
   348.7500       644.512081824645     
   360.0000       643.764657745998     
