  0.0000000E+00   2088.19239651383     
   11.25000       2078.51552462389     
   22.50000       2067.93746553389     
   33.75000       2056.42308510378     
   45.00000       2045.27562361089     
   56.25000       2034.87386963242     
   67.50000       2025.56913585976     
   78.75000       2017.71067252928     
   90.00000       2011.50464749316     
   101.2500       2006.95848265445     
   112.5000       2003.78764583504     
   123.7500       2001.83286560430     
   135.0000       2001.68972333942     
   146.2500       2001.53044053990     
   157.5000       2003.66979010015     
   168.7500       2006.49949982738     
   180.0000       2009.33138617138     
   191.2500       2012.34093104236     
   202.5000       2017.55018438370     
   213.7500       2022.88138846246     
   225.0000       2030.80626356586     
   236.2500       2039.03704445949     
   247.5000       2048.24050413724     
   258.7500       2058.02388762663     
   270.0000       2068.16793930069     
   281.2500       2078.19515925335     
   292.5000       2087.70053338943     
   303.7500       2095.13559452373     
   315.0000       2100.96068732896     
   326.2500       2102.25657625983     
   337.5000       2101.45050388405     
   348.7500       2096.17592906741     
   360.0000       2088.19239651383     
