  0.0000000E+00   466.132963719635     
   11.25000       467.271968489988     
   22.50000       468.381574140806     
   33.75000       468.951502207010     
   45.00000       469.938638353776     
   56.25000       470.390529184441     
   67.50000       471.327022260778     
   78.75000       471.812909283059     
   90.00000       472.792200545076     
   101.2500       473.284100863252     
   112.5000       474.210642499630     
   123.7500       474.435780001379     
   135.0000       474.905957211366     
   146.2500       474.447951149606     
   157.5000       473.991467232794     
   168.7500       472.600893740177     
   180.0000       471.184551654817     
   191.2500       469.201456743676     
   202.5000       467.078607034423     
   213.7500       464.678633139299     
   225.0000       462.231769316237     
   236.2500       460.041841792128     
   247.5000       458.111879348525     
   258.7500       456.932978548994     
   270.0000       456.103828480515     
   281.2500       456.220743570339     
   292.5000       456.699770010552     
   303.7500       457.968521349776     
   315.0000       459.403266991042     
   326.2500       461.128931180255     
   337.5000       462.922129480178     
   348.7500       464.556951044574     
   360.0000       466.132963719635     
