  0.0000000E+00   535.902738760332     
   11.25000       535.652495973392     
   22.50000       536.045484266945     
   33.75000       536.248019262305     
   45.00000       536.695720370577     
   56.25000       536.709602648119     
   67.50000       537.079064363404     
   78.75000       537.014352524229     
   90.00000       537.122258784328     
   101.2500       536.884784601444     
   112.5000       536.809270193980     
   123.7500       536.801781625850     
   135.0000       536.983420833876     
   146.2500       537.529180426901     
   157.5000       537.912237969076     
   168.7500       539.029821888704     
   180.0000       539.767683405034     
   191.2500       541.070356186082     
   202.5000       541.859724059598     
   213.7500       542.817401194797     
   225.0000       543.396691394846     
   236.2500       543.518369447553     
   247.5000       543.473001415832     
   258.7500       543.079394540956     
   270.0000       542.533109695392     
   281.2500       541.578583827481     
   292.5000       540.831647930075     
   303.7500       539.572824980568     
   315.0000       538.767105449035     
   326.2500       537.460317215819     
   337.5000       536.878715161865     
   348.7500       536.017675358638     
   360.0000       535.902738760332     
