  0.0000000E+00   529.780943316935     
   11.25000       527.449662872543     
   22.50000       524.656491724768     
   33.75000       521.356357443260     
   45.00000       517.630811491960     
   56.25000       514.046613762695     
   67.50000       510.281722528452     
   78.75000       507.346571877595     
   90.00000       504.511735011570     
   101.2500       502.662566889593     
   112.5000       501.005599219172     
   123.7500       499.942085947607     
   135.0000       499.205131876472     
   146.2500       498.841990530340     
   157.5000       498.843979768025     
   168.7500       498.852020351529     
   180.0000       499.330530911537     
   191.2500       499.676020382950     
   202.5000       500.918785532037     
   213.7500       501.891897548173     
   225.0000       503.825345819697     
   236.2500       505.802682990610     
   247.5000       508.800099573066     
   258.7500       511.839632970193     
   270.0000       515.680824152225     
   281.2500       519.266088691154     
   292.5000       523.105669341297     
   303.7500       526.129614371626     
   315.0000       528.996764741061     
   326.2500       530.479709402767     
   337.5000       531.447006175490     
   348.7500       530.933439638568     
   360.0000       529.780943316935     
