  0.0000000E+00   600.810818579008     
   11.25000       603.198619637412     
   22.50000       605.356799740607     
   33.75000       606.844518001899     
   45.00000       607.613169686330     
   56.25000       607.618876254288     
   67.50000       606.881070229659     
   78.75000       605.068638305846     
   90.00000       602.554785636526     
   101.2500       598.885068348319     
   112.5000       595.008874745504     
   123.7500       590.319544801820     
   135.0000       585.746764938663     
   146.2500       580.853927336009     
   157.5000       576.476216441548     
   168.7500       572.370244716450     
   180.0000       569.231954151665     
   191.2500       566.455537410265     
   202.5000       565.152982816105     
   213.7500       564.439128456107     
   225.0000       565.199041689242     
   236.2500       566.274527577217     
   247.5000       568.680929167226     
   258.7500       571.272792412049     
   270.0000       574.523895166113     
   281.2500       578.010935704940     
   292.5000       581.381079565436     
   303.7500       585.395511895904     
   315.0000       588.484342520442     
   326.2500       592.330257699333     
   337.5000       595.226650749443     
   348.7500       598.221103736390     
   360.0000       600.810818579008     
