  0.0000000E+00   1534.89830260759     
   11.25000       1532.03002429108     
   22.50000       1529.54511687113     
   33.75000       1528.11273424987     
   45.00000       1526.54397154022     
   56.25000       1526.42222758816     
   67.50000       1526.38183636077     
   78.75000       1526.33525014977     
   90.00000       1526.10287111102     
   101.2500       1526.16559767744     
   112.5000       1524.89977379416     
   123.7500       1524.32600008616     
   135.0000       1522.76428976918     
   146.2500       1522.13714871475     
   157.5000       1521.38145137949     
   168.7500       1520.53882763678     
   180.0000       1520.80664522822     
   191.2500       1521.37613330648     
   202.5000       1523.11859725639     
   213.7500       1526.17275358749     
   225.0000       1529.39155361221     
   236.2500       1533.25606279351     
   247.5000       1536.97118898559     
   258.7500       1540.88281310507     
   270.0000       1543.86314621533     
   281.2500       1546.15115333717     
   292.5000       1547.02622032338     
   303.7500       1546.83033969551     
   315.0000       1545.81624288544     
   326.2500       1543.40642557695     
   337.5000       1540.86159518335     
   348.7500       1537.83977509859     
   360.0000       1534.89830260759     
