  0.0000000E+00   483.991827538150     
   11.25000       485.859241833442     
   22.50000       487.544818681796     
   33.75000       489.044393581295     
   45.00000       490.598712582406     
   56.25000       491.550299540642     
   67.50000       492.648588506950     
   78.75000       492.776348239513     
   90.00000       492.927862243153     
   101.2500       491.879086659611     
   112.5000       490.705779445103     
   123.7500       488.360784937846     
   135.0000       485.978411502341     
   146.2500       482.641320987223     
   157.5000       479.518692545692     
   168.7500       475.599117529764     
   180.0000       472.258523455266     
   191.2500       468.619858440719     
   202.5000       466.118890566275     
   213.7500       463.703054206970     
   225.0000       462.349267179887     
   236.2500       461.638756042790     
   247.5000       461.936260890764     
   258.7500       462.946589371928     
   270.0000       464.695721204210     
   281.2500       466.956974657113     
   292.5000       469.460676701932     
   303.7500       472.313844019262     
   315.0000       474.920387384547     
   326.2500       477.662168057644     
   337.5000       479.856223928451     
   348.7500       482.148398489061     
   360.0000       483.991827538150     
