  0.0000000E+00   565.862919289966     
   11.25000       567.185513889943     
   22.50000       567.992053651031     
   33.75000       568.867200102007     
   45.00000       569.222912700218     
   56.25000       569.571410601308     
   67.50000       569.890559695815     
   78.75000       569.881550413690     
   90.00000       569.964170428665     
   101.2500       569.863774633897     
   112.5000       569.989912857866     
   123.7500       570.258255214770     
   135.0000       570.371110793106     
   146.2500       570.668470992679     
   157.5000       570.821257984857     
   168.7500       571.238624243589     
   180.0000       571.256366501990     
   191.2500       571.147629813117     
   202.5000       570.504854485649     
   213.7500       569.656123513300     
   225.0000       568.503268659447     
   236.2500       567.103194619283     
   247.5000       565.890063429952     
   258.7500       564.283211464656     
   270.0000       563.115421920452     
   281.2500       562.312928013665     
   292.5000       561.486118617602     
   303.7500       561.389783665582     
   315.0000       561.577496875952     
   326.2500       562.207129767938     
   337.5000       563.353486059000     
   348.7500       564.414980133010     
   360.0000       565.862919289966     
