  0.0000000E+00   284.217094192791     
   11.25000       283.816697929328     
   22.50000       283.341306220425     
   33.75000       282.691067594180     
   45.00000       281.967686747208     
   56.25000       281.213446304902     
   67.50000       280.284729771410     
   78.75000       279.325708751912     
   90.00000       278.197363333674     
   101.2500       277.053588858492     
   112.5000       275.813141372083     
   123.7500       274.432441408602     
   135.0000       273.115034974577     
   146.2500       271.911723294263     
   157.5000       270.863186663715     
   168.7500       270.013638219200     
   180.0000       269.493021687347     
   191.2500       269.342760154995     
   202.5000       269.652899236988     
   213.7500       270.334314902729     
   225.0000       271.415128688816     
   236.2500       272.758629210337     
   247.5000       274.316451774161     
   258.7500       276.066437948376     
   270.0000       277.874818085161     
   281.2500       279.622043062038     
   292.5000       281.303505266756     
   303.7500       282.707924218802     
   315.0000       283.679349820797     
   326.2500       284.275938809924     
   337.5000       284.528290447211     
   348.7500       284.495514509852     
   360.0000       284.217094192791     
