  0.0000000E+00   68.3836219363672     
   11.25000       67.9082123864082     
   22.50000       67.3089827851841     
   33.75000       66.3779361384954     
   45.00000       65.4133561116860     
   56.25000       64.3500415187785     
   67.50000       63.2534823139882     
   78.75000       62.4379958374794     
   90.00000       61.6738764814202     
   101.2500       61.1371319173200     
   112.5000       60.6118009630484     
   123.7500       60.3839181892300     
   135.0000       60.1013587445233     
   146.2500       60.0320088156190     
   157.5000       59.9151609710652     
   168.7500       59.8752529631559     
   180.0000       59.7591199727282     
   191.2500       59.7276754672323     
   202.5000       59.7895902400762     
   213.7500       59.8779034310381     
   225.0000       60.2130897432169     
   236.2500       60.5641353083030     
   247.5000       61.1233505245784     
   258.7500       61.9032248269850     
   270.0000       62.8538660063573     
   281.2500       63.9785115931097     
   292.5000       65.0980166966346     
   303.7500       66.2996650539447     
   315.0000       67.2230507293295     
   326.2500       68.0250774310034     
   337.5000       68.4518911181768     
   348.7500       68.5722178397669     
   360.0000       68.3836219363672     
