  0.0000000E+00   71.4365054647069     
   11.25000       71.1338806924177     
   22.50000       70.7655817463743     
   33.75000       70.1389559175654     
   45.00000       69.4895380345244     
   56.25000       68.6038792207591     
   67.50000       67.8402293048177     
   78.75000       67.0452017706365     
   90.00000       66.1984648719580     
   101.2500       65.6692976896859     
   112.5000       65.1390180760148     
   123.7500       64.7099346461571     
   135.0000       64.3819492402190     
   146.2500       63.9413991637442     
   157.5000       63.5644411400878     
   168.7500       63.2595892823603     
   180.0000       62.8976983830814     
   191.2500       62.7310119171470     
   202.5000       62.4652751898603     
   213.7500       62.5218105647345     
   225.0000       62.6318133530131     
   236.2500       62.9585658921779     
   247.5000       63.4237102925134     
   258.7500       64.1527041270061     
   270.0000       65.0581519886560     
   281.2500       66.1958964684515     
   292.5000       67.3917855426592     
   303.7500       68.5595304022852     
   315.0000       69.6291858907052     
   326.2500       70.4637491965194     
   337.5000       71.0736264037596     
   348.7500       71.3582636253003     
   360.0000       71.4365054647069     
