  0.0000000E+00   83.5355085111798     
   11.25000       83.3148151352754     
   22.50000       82.8853788901786     
   33.75000       82.4088424714863     
   45.00000       81.8046064683132     
   56.25000       81.1396488387051     
   67.50000       80.5214641664830     
   78.75000       79.8176772678462     
   90.00000       79.2133350941425     
   101.2500       78.6393397334066     
   112.5000       78.0464551006651     
   123.7500       77.5982333526345     
   135.0000       77.1252985608770     
   146.2500       76.8052687707850     
   157.5000       76.4141867242713     
   168.7500       76.1270902982165     
   180.0000       75.8573947260065     
   191.2500       75.6320965483423     
   202.5000       75.5336783734122     
   213.7500       75.4854595443199     
   225.0000       75.5967442551170     
   236.2500       75.8731038305087     
   247.5000       76.3781015673694     
   258.7500       77.0649511812406     
   270.0000       77.9496936550772     
   281.2500       78.9034019205604     
   292.5000       79.9752030726541     
   303.7500       80.9316347698122     
   315.0000       81.9391592314459     
   326.2500       82.6196877404808     
   337.5000       83.2487106108628     
   348.7500       83.4558760185562     
   360.0000       83.5355085111798     
