  0.0000000E+00   216.889159367338     
   11.25000       217.016861770669     
   22.50000       216.697553364719     
   33.75000       216.100418823903     
   45.00000       215.260109514993     
   56.25000       214.328693350048     
   67.50000       213.351422605854     
   78.75000       212.391516266100     
   90.00000       211.463846422716     
   101.2500       210.503199434312     
   112.5000       209.576847316391     
   123.7500       208.610809200830     
   135.0000       207.637305373873     
   146.2500       206.748717809894     
   157.5000       205.826852039551     
   168.7500       205.034314388808     
   180.0000       204.322913425788     
   191.2500       203.719473281846     
   202.5000       203.343546993886     
   213.7500       203.120648011697     
   225.0000       203.218440423503     
   236.2500       203.629821441505     
   247.5000       204.358821649816     
   258.7500       205.412033299305     
   270.0000       206.739063423161     
   281.2500       208.345030623720     
   292.5000       209.987077191067     
   303.7500       211.573485591456     
   315.0000       213.209744525440     
   326.2500       214.529798650188     
   337.5000       215.619298146561     
   348.7500       216.465253567577     
   360.0000       216.889159367338     
