  0.0000000E+00   130.688172592550     
   11.25000       130.551056306587     
   22.50000       130.096213410876     
   33.75000       129.615015940550     
   45.00000       128.954222158144     
   56.25000       128.248011803303     
   67.50000       127.460236111950     
   78.75000       126.598517665815     
   90.00000       125.819327064847     
   101.2500       125.073152302624     
   112.5000       124.376956534135     
   123.7500       123.674129124477     
   135.0000       123.089729941989     
   146.2500       122.457994703533     
   157.5000       121.999905663014     
   168.7500       121.525719584239     
   180.0000       121.245334380795     
   191.2500       121.035602698392     
   202.5000       121.038573662918     
   213.7500       121.277290168682     
   225.0000       121.642753557400     
   236.2500       122.295798843209     
   247.5000       123.067718217329     
   258.7500       124.006476967704     
   270.0000       125.017855001478     
   281.2500       126.130239418577     
   292.5000       127.257717459436     
   303.7500       128.266271077040     
   315.0000       129.244141197244     
   326.2500       129.950474091886     
   337.5000       130.501001980297     
   348.7500       130.714223268345     
   360.0000       130.688172592550     
