  0.0000000E+00   74.9446499755618     
   11.25000       74.5409724170220     
   22.50000       73.8596400087606     
   33.75000       73.1212857286791     
   45.00000       72.1358995738046     
   56.25000       71.1559241720878     
   67.50000       70.1746241175438     
   78.75000       69.1979229332801     
   90.00000       68.5033442102484     
   101.2500       67.8826930676984     
   112.5000       67.4289564917728     
   123.7500       66.9623770621702     
   135.0000       66.6430362637641     
   146.2500       66.3177764664111     
   157.5000       65.9763428686089     
   168.7500       65.5700415367744     
   180.0000       65.3061838255829     
   191.2500       65.0319426914187     
   202.5000       64.9471102298515     
   213.7500       64.9723610577424     
   225.0000       65.2155882555480     
   236.2500       65.6906912063332     
   247.5000       66.3346732646382     
   258.7500       67.2559704064298     
   270.0000       68.3854046283838     
   281.2500       69.6596362048747     
   292.5000       70.9816002600350     
   303.7500       72.2824057635330     
   315.0000       73.3826502533790     
   326.2500       74.2902921056256     
   337.5000       74.8404563098181     
   348.7500       75.0790828435530     
   360.0000       74.9446499755618     
