  0.0000000E+00   158.332534789290     
   11.25000       158.141988237850     
   22.50000       157.871409732144     
   33.75000       157.423040373895     
   45.00000       156.882289207597     
   56.25000       156.191008896752     
   67.50000       155.433111831298     
   78.75000       154.556519829756     
   90.00000       153.700284865862     
   101.2500       152.751161678647     
   112.5000       151.911948951029     
   123.7500       151.068257524119     
   135.0000       150.354813491425     
   146.2500       149.738203895163     
   157.5000       149.303897184062     
   168.7500       149.015166378738     
   180.0000       148.948627297792     
   191.2500       149.038890599554     
   202.5000       149.353489727161     
   213.7500       149.775349218943     
   225.0000       150.410108657584     
   236.2500       151.116968579703     
   247.5000       151.935917356562     
   258.7500       152.886928882412     
   270.0000       153.807532557746     
   281.2500       154.809487806369     
   292.5000       155.652126099071     
   303.7500       156.500891953239     
   315.0000       157.162512011691     
   326.2500       157.707630303068     
   337.5000       158.092091481487     
   348.7500       158.271698884184     
   360.0000       158.332534789290     
