  0.0000000E+00   375.759659448366     
   11.25000       375.913586832742     
   22.50000       375.798207846184     
   33.75000       375.310293737731     
   45.00000       374.691639646425     
   56.25000       373.930660561798     
   67.50000       372.961367630779     
   78.75000       372.025231812886     
   90.00000       371.020651583440     
   101.2500       369.993364282277     
   112.5000       369.009951112372     
   123.7500       367.888015396780     
   135.0000       366.805578831275     
   146.2500       365.521261445428     
   157.5000       364.242427943314     
   168.7500       362.920952122645     
   180.0000       361.634158311814     
   191.2500       360.529443335022     
   202.5000       359.758668575842     
   213.7500       359.342874171887     
   225.0000       359.257537414919     
   236.2500       359.617842505253     
   247.5000       360.306318459169     
   258.7500       361.426451998389     
   270.0000       362.989219231072     
   281.2500       364.871783495073     
   292.5000       366.995824562152     
   303.7500       369.077049794549     
   315.0000       371.080785400274     
   326.2500       372.866336183646     
   337.5000       374.220984955033     
   348.7500       375.218573978703     
   360.0000       375.759659448366     
