  0.0000000E+00   238.501204295622     
   11.25000       238.345822797370     
   22.50000       238.270330151326     
   33.75000       238.389627626934     
   45.00000       238.616146326355     
   56.25000       238.939048317862     
   67.50000       239.417499455234     
   78.75000       239.935980169096     
   90.00000       240.389330753970     
   101.2500       240.775731863040     
   112.5000       241.116007630928     
   123.7500       241.308588269190     
   135.0000       241.368114026453     
   146.2500       241.222507815050     
   157.5000       240.817041670057     
   168.7500       240.310908667825     
   180.0000       239.749929697472     
   191.2500       239.151623320475     
   202.5000       238.781566137412     
   213.7500       238.554434210333     
   225.0000       238.430172469310     
   236.2500       238.522762793908     
   247.5000       238.591752473089     
   258.7500       238.730239280241     
   270.0000       238.924480518620     
   281.2500       239.093082734814     
   292.5000       239.214306996236     
   303.7500       239.236037512434     
   315.0000       239.225031764582     
   326.2500       239.138515200898     
   337.5000       238.904914476254     
   348.7500       238.714396358040     
   360.0000       238.501204295622     
