  0.0000000E+00   164.395109206707     
   11.25000       164.836291009113     
   22.50000       165.280461736543     
   33.75000       165.606347765947     
   45.00000       165.713623538649     
   56.25000       165.872289249831     
   67.50000       165.706918532506     
   78.75000       165.428983272506     
   90.00000       165.141493781830     
   101.2500       164.590482634493     
   112.5000       163.980791504853     
   123.7500       163.296452639093     
   135.0000       162.524630172016     
   146.2500       161.813863103489     
   157.5000       161.061808448326     
   168.7500       160.384072684072     
   180.0000       159.792177651207     
   191.2500       159.419719563173     
   202.5000       159.264399135656     
   213.7500       159.178869679488     
   225.0000       159.288224236335     
   236.2500       159.407031853913     
   247.5000       159.638176304345     
   258.7500       159.877318756096     
   270.0000       160.155245499943     
   281.2500       160.577278604881     
   292.5000       160.983931946297     
   303.7500       161.601965940508     
   315.0000       162.090780175236     
   326.2500       162.560418433847     
   337.5000       163.258960203153     
   348.7500       163.784105232639     
   360.0000       164.395109206707     
