  0.0000000E+00   179.107156454776     
   11.25000       178.728864261083     
   22.50000       178.101774393700     
   33.75000       177.494505595700     
   45.00000       176.710534334029     
   56.25000       175.942250228092     
   67.50000       175.159303804209     
   78.75000       174.452570102800     
   90.00000       173.886539740218     
   101.2500       173.392644374541     
   112.5000       173.097188186565     
   123.7500       172.891085290917     
   135.0000       172.905747358519     
   146.2500       172.984082329997     
   157.5000       173.239346734188     
   168.7500       173.400960157931     
   180.0000       173.720210367093     
   191.2500       173.912987361837     
   202.5000       174.245267188151     
   213.7500       174.432790673601     
   225.0000       174.677663431893     
   236.2500       174.929394238567     
   247.5000       175.268805560096     
   258.7500       175.651932861312     
   270.0000       176.172328772137     
   281.2500       176.692020770791     
   292.5000       177.328915182278     
   303.7500       177.858568390635     
   315.0000       178.470319403246     
   326.2500       178.846277306574     
   337.5000       179.186569632620     
   348.7500       179.210538648501     
   360.0000       179.107156454776     
