  0.0000000E+00   128.530813576456     
   11.25000       128.397543744011     
   22.50000       128.007272677455     
   33.75000       127.593035375154     
   45.00000       126.883833746103     
   56.25000       126.164366499193     
   67.50000       125.274135215313     
   78.75000       124.397021806522     
   90.00000       123.590286884703     
   101.2500       122.808163251067     
   112.5000       122.048519233025     
   123.7500       121.352263258698     
   135.0000       120.748119284298     
   146.2500       120.191637212634     
   157.5000       119.851877277373     
   168.7500       119.512458452353     
   180.0000       119.367000728866     
   191.2500       119.314407079214     
   202.5000       119.533053631323     
   213.7500       119.850757000213     
   225.0000       120.341528176575     
   236.2500       121.044717511754     
   247.5000       121.802857891580     
   258.7500       122.730439056183     
   270.0000       123.649167493235     
   281.2500       124.682563814852     
   292.5000       125.649478064884     
   303.7500       126.581125754892     
   315.0000       127.407488167198     
   326.2500       127.973575156570     
   337.5000       128.405866653417     
   348.7500       128.511556304750     
   360.0000       128.530813576456     
