  0.0000000E+00   110.555957683862     
   11.25000       110.713872759934     
   22.50000       110.569204741854     
   33.75000       110.378613873223     
   45.00000       109.952843863057     
   56.25000       109.520878658648     
   67.50000       109.021649423206     
   78.75000       108.477438655168     
   90.00000       107.885925111129     
   101.2500       107.291959450829     
   112.5000       106.732805810858     
   123.7500       106.123726377154     
   135.0000       105.634643852199     
   146.2500       105.080228278441     
   157.5000       104.643035903693     
   168.7500       104.258947903356     
   180.0000       103.940982590599     
   191.2500       103.672463169276     
   202.5000       103.548038311122     
   213.7500       103.498918178339     
   225.0000       103.651221230232     
   236.2500       103.798736404217     
   247.5000       104.193495952395     
   258.7500       104.633616708480     
   270.0000       105.284693911189     
   281.2500       106.002977326165     
   292.5000       106.851243871697     
   303.7500       107.726790942389     
   315.0000       108.435132240527     
   326.2500       109.252925487475     
   337.5000       109.791584892109     
   348.7500       110.331147156634     
   360.0000       110.555957683862     
