  0.0000000E+00   63.7379833053110     
   11.25000       63.2440131521382     
   22.50000       62.4776867668921     
   33.75000       61.5744727266129     
   45.00000       60.4572051304393     
   56.25000       59.3789810917346     
   67.50000       58.2128002577263     
   78.75000       57.2503246396481     
   90.00000       56.4461454613141     
   101.2500       55.7569578755485     
   112.5000       55.2144707755864     
   123.7500       54.8025722774420     
   135.0000       54.3639904653135     
   146.2500       54.1242269749707     
   157.5000       53.7138662626709     
   168.7500       53.5250282557942     
   180.0000       53.2113968693692     
   191.2500       53.0840272440716     
   202.5000       52.9300074955914     
   213.7500       53.1033934627837     
   225.0000       53.3229113716635     
   236.2500       53.9195138465471     
   247.5000       54.6430426269692     
   258.7500       55.6754274669758     
   270.0000       56.8578116758419     
   281.2500       58.2540879945891     
   292.5000       59.6855066360306     
   303.7500       61.0664185763898     
   315.0000       62.2710315966528     
   326.2500       63.2219063253604     
   337.5000       63.7648250243041     
   348.7500       63.9801804904969     
   360.0000       63.7379833053110     
