  0.0000000E+00   63.2908518254446     
   11.25000       62.7444397575409     
   22.50000       61.9857224693674     
   33.75000       61.0565734748546     
   45.00000       59.9315401996638     
   56.25000       58.8429501128652     
   67.50000       57.6815863563049     
   78.75000       56.7142050656959     
   90.00000       55.9320744990116     
   101.2500       55.2513611566540     
   112.5000       54.7345749456763     
   123.7500       54.2960195550157     
   135.0000       53.8838867175723     
   146.2500       53.6197936146914     
   157.5000       53.2100033832676     
   168.7500       53.0719868197922     
   180.0000       52.7547899638187     
   191.2500       52.6224784506843     
   202.5000       52.4843672571596     
   213.7500       52.6802500032771     
   225.0000       52.9124943787415     
   236.2500       53.5724297005055     
   247.5000       54.3092027101251     
   258.7500       55.3569385288110     
   270.0000       56.5525448132617     
   281.2500       57.9829117312697     
   292.5000       59.4158454805734     
   303.7500       60.8085551104087     
   315.0000       62.0070308181628     
   326.2500       62.9123233623493     
   337.5000       63.4153092734575     
   348.7500       63.5760903400170     
   360.0000       63.2908518254446     
