  0.0000000E+00   228.792829146051     
   11.25000       229.782226958938     
   22.50000       230.631442554026     
   33.75000       231.432961367067     
   45.00000       231.998446687623     
   56.25000       232.392849767901     
   67.50000       232.562308204005     
   78.75000       232.515794291180     
   90.00000       232.182293163173     
   101.2500       231.558459793676     
   112.5000       230.701748566203     
   123.7500       229.713777107301     
   135.0000       228.707151911488     
   146.2500       227.807027715162     
   157.5000       227.054485287917     
   168.7500       226.435513716989     
   180.0000       226.026428446274     
   191.2500       225.639837423414     
   202.5000       225.302079645881     
   213.7500       225.071023074696     
   225.0000       224.905871394453     
   236.2500       224.724584205925     
   247.5000       224.688806372981     
   258.7500       224.621335048996     
   270.0000       224.565057552234     
   281.2500       224.708140538546     
   292.5000       224.863047190536     
   303.7500       225.159903755581     
   315.0000       225.596336403837     
   326.2500       226.202979981998     
   337.5000       226.980586785619     
   348.7500       227.817312290730     
   360.0000       228.792829146051     
