  0.0000000E+00   223.649759646871     
   11.25000       224.478040347993     
   22.50000       225.082512139959     
   33.75000       225.283159578521     
   45.00000       225.173594461987     
   56.25000       224.772482216192     
   67.50000       224.051060918211     
   78.75000       223.038528017784     
   90.00000       221.919291966828     
   101.2500       220.814284071174     
   112.5000       219.750925890007     
   123.7500       218.838192862758     
   135.0000       218.012959777563     
   146.2500       217.258917316968     
   157.5000       216.587249938826     
   168.7500       215.945994729109     
   180.0000       215.349014585686     
   191.2500       214.848435779474     
   202.5000       214.341177207399     
   213.7500       213.919020939437     
   225.0000       213.585565167474     
   236.2500       213.405538064488     
   247.5000       213.363074930834     
   258.7500       213.568343128476     
   270.0000       214.077009899612     
   281.2500       214.713798610066     
   292.5000       215.720502526478     
   303.7500       216.983222264133     
   315.0000       218.311712608730     
   326.2500       219.801770518001     
   337.5000       221.216628187752     
   348.7500       222.550587768139     
   360.0000       223.649759646871     
