  0.0000000E+00   62.9820909865016     
   11.25000       62.5472160938425     
   22.50000       61.7759262623220     
   33.75000       60.8613759729974     
   45.00000       59.9268206512175     
   56.25000       58.8732201339587     
   67.50000       58.1050422097022     
   78.75000       57.4317427522092     
   90.00000       56.9544836730423     
   101.2500       56.5704081526833     
   112.5000       56.3487016160792     
   123.7500       56.1634048494545     
   135.0000       56.0294835816935     
   146.2500       55.9341545482067     
   157.5000       55.7314584085687     
   168.7500       55.6763042196613     
   180.0000       55.3542670953171     
   191.2500       55.1862370156064     
   202.5000       54.9374505623415     
   213.7500       54.9639541865907     
   225.0000       54.9864659719330     
   236.2500       55.3822648888886     
   247.5000       55.8576006804390     
   258.7500       56.6277243436487     
   270.0000       57.6112586711081     
   281.2500       58.7310659055796     
   292.5000       59.9545603566820     
   303.7500       61.1056099169098     
   315.0000       62.1243074988917     
   326.2500       62.8579226955888     
   337.5000       63.2671900403183     
   348.7500       63.3412740093972     
   360.0000       62.9820909865016     
