  0.0000000E+00   152.112158657028     
   11.25000       152.238730611320     
   22.50000       151.882282039795     
   33.75000       151.395824979936     
   45.00000       150.578134553754     
   56.25000       149.609771210839     
   67.50000       148.649241637877     
   78.75000       147.574053571668     
   90.00000       146.586457195956     
   101.2500       145.556502319486     
   112.5000       144.717352066535     
   123.7500       143.955197308635     
   135.0000       143.156776083589     
   146.2500       142.490357048948     
   157.5000       141.741518901559     
   168.7500       141.071045852607     
   180.0000       140.569989941110     
   191.2500       140.002922740674     
   202.5000       139.737730629626     
   213.7500       139.619208303005     
   225.0000       139.734522840630     
   236.2500       140.142962821176     
   247.5000       140.714430381581     
   258.7500       141.669281836049     
   270.0000       142.804153727227     
   281.2500       144.203141568500     
   292.5000       145.723837542470     
   303.7500       147.214080486562     
   315.0000       148.702182469317     
   326.2500       149.909357586717     
   337.5000       151.008335647121     
   348.7500       151.703414779068     
   360.0000       152.112158657028     
