  0.0000000E+00   174.402303403901     
   11.25000       173.996234617047     
   22.50000       173.648984189624     
   33.75000       173.216799493705     
   45.00000       172.789283860492     
   56.25000       172.404407021070     
   67.50000       172.006964595524     
   78.75000       171.757226330231     
   90.00000       171.505249770844     
   101.2500       171.414513520258     
   112.5000       171.375076177349     
   123.7500       171.343939714362     
   135.0000       171.353915122276     
   146.2500       171.248003796679     
   157.5000       171.218141108142     
   168.7500       171.081763880658     
   180.0000       171.020983464550     
   191.2500       170.849758280537     
   202.5000       170.870674593689     
   213.7500       170.802416752955     
   225.0000       170.898810443860     
   236.2500       171.050350835661     
   247.5000       171.388937130124     
   258.7500       171.775108634121     
   270.0000       172.297483641681     
   281.2500       172.834574393030     
   292.5000       173.416017541614     
   303.7500       173.898865554456     
   315.0000       174.335368082716     
   326.2500       174.557991613058     
   337.5000       174.709515173672     
   348.7500       174.559065353352     
   360.0000       174.402303403901     
