  0.0000000E+00   183.100742248582     
   11.25000       183.026162775588     
   22.50000       182.615307897193     
   33.75000       182.095946032520     
   45.00000       181.406334405512     
   56.25000       180.554511254417     
   67.50000       179.647794589176     
   78.75000       178.671548227775     
   90.00000       177.745849096541     
   101.2500       176.861702468706     
   112.5000       176.158137946758     
   123.7500       175.536969628146     
   135.0000       175.169074716445     
   146.2500       174.852890307917     
   157.5000       174.820651270277     
   168.7500       174.880531268789     
   180.0000       175.229988487117     
   191.2500       175.597340921480     
   202.5000       176.184771606649     
   213.7500       176.717417398065     
   225.0000       177.337750224935     
   236.2500       177.926116194048     
   247.5000       178.604362842340     
   258.7500       179.193483558527     
   270.0000       179.880803302331     
   281.2500       180.445607065531     
   292.5000       181.113671825162     
   303.7500       181.649048118239     
   315.0000       182.200867079897     
   326.2500       182.623289663657     
   337.5000       182.919583162505     
   348.7500       183.173508407225     
   360.0000       183.100742248582     
