  0.0000000E+00   71.5984137537071     
   11.25000       71.1391044780128     
   22.50000       70.4670350266817     
   33.75000       69.7141608740194     
   45.00000       68.6615581022317     
   56.25000       67.7832940206838     
   67.50000       66.6878274707759     
   78.75000       65.8469974359592     
   90.00000       65.0417480613843     
   101.2500       64.4581786983189     
   112.5000       63.9295748942782     
   123.7500       63.5177829043272     
   135.0000       63.1853603515451     
   146.2500       62.8336449156995     
   157.5000       62.6626743424062     
   168.7500       62.3675445544979     
   180.0000       62.2415877161571     
   191.2500       62.0900318151257     
   202.5000       62.1863195001440     
   213.7500       62.2947039980437     
   225.0000       62.6901832303482     
   236.2500       63.1883990572604     
   247.5000       63.8505754589861     
   258.7500       64.7771341525436     
   270.0000       65.7838919133789     
   281.2500       67.0127627514616     
   292.5000       68.2128349091007     
   303.7500       69.3870156194702     
   315.0000       70.3969148268693     
   326.2500       71.1650154332055     
   337.5000       71.6207570214964     
   348.7500       71.8003278603549     
   360.0000       71.5984137537071     
