  0.0000000E+00   236.056292753183     
   11.25000       236.146618873091     
   22.50000       236.352387532546     
   33.75000       236.727888031613     
   45.00000       237.139537598236     
   56.25000       237.637186626778     
   67.50000       238.189265197330     
   78.75000       238.682504986843     
   90.00000       239.057615881672     
   101.2500       239.347721204008     
   112.5000       239.516841578079     
   123.7500       239.483201312110     
   135.0000       239.271552525967     
   146.2500       238.809129074383     
   157.5000       238.176900277290     
   168.7500       237.558946627106     
   180.0000       236.887565246942     
   191.2500       236.328642851526     
   202.5000       236.037151668007     
   213.7500       235.824629540469     
   225.0000       235.753720601207     
   236.2500       235.826821222933     
   247.5000       235.842703696297     
   258.7500       235.983911144481     
   270.0000       236.135591820703     
   281.2500       236.241138900754     
   292.5000       236.307587239855     
   303.7500       236.318414215231     
   315.0000       236.323444999065     
   326.2500       236.240474200176     
   337.5000       236.113196424452     
   348.7500       236.091330870931     
   360.0000       236.056292753183     
