  0.0000000E+00   109.210709942475     
   11.25000       109.420860446716     
   22.50000       109.268541213531     
   33.75000       109.066921920322     
   45.00000       108.558931516950     
   56.25000       108.036954037947     
   67.50000       107.403057498915     
   78.75000       106.724705760443     
   90.00000       106.000549950462     
   101.2500       105.310517652855     
   112.5000       104.622135298980     
   123.7500       103.980791019861     
   135.0000       103.439039391146     
   146.2500       102.883100042335     
   157.5000       102.522276552142     
   168.7500       102.139965107215     
   180.0000       101.894983297075     
   191.2500       101.662580331368     
   202.5000       101.522576451862     
   213.7500       101.434477765215     
   225.0000       101.468275345323     
   236.2500       101.561203112522     
   247.5000       101.931441714929     
   258.7500       102.375841693213     
   270.0000       103.150967425829     
   281.2500       103.909920187999     
   292.5000       104.853032465635     
   303.7500       105.740692542265     
   315.0000       106.663800114971     
   326.2500       107.566960247558     
   337.5000       108.282410575034     
   348.7500       108.939486372036     
   360.0000       109.210709942475     
