  0.0000000E+00   104.201657913510     
   11.25000       103.968943388636     
   22.50000       103.594315750536     
   33.75000       102.937958626513     
   45.00000       102.080305706447     
   56.25000       101.223262961494     
   67.50000       100.307401698729     
   78.75000       99.4657886068732     
   90.00000       98.6467398072742     
   101.2500       97.9574374429004     
   112.5000       97.3070075991848     
   123.7500       96.7590709717329     
   135.0000       96.2039914886789     
   146.2500       95.7407414253387     
   157.5000       95.2236814604187     
   168.7500       94.8384101971074     
   180.0000       94.4179231936023     
   191.2500       94.1526791641487     
   202.5000       93.9457098366180     
   213.7500       93.9331314824420     
   225.0000       94.0510275044272     
   236.2500       94.4018874578334     
   247.5000       94.9732048706887     
   258.7500       95.8105916470389     
   270.0000       96.8738781388276     
   281.2500       98.0735082380823     
   292.5000       99.4150053062553     
   303.7500       100.618429635268     
   315.0000       101.862905739514     
   326.2500       102.780231739070     
   337.5000       103.597603144213     
   348.7500       103.981388733242     
   360.0000       104.201657913510     
