  0.0000000E+00   383.715727185927     
   11.25000       385.565217534164     
   22.50000       387.134695446199     
   33.75000       388.450296625133     
   45.00000       389.442189137373     
   56.25000       389.908086317821     
   67.50000       390.080812797075     
   78.75000       389.824915203926     
   90.00000       389.335166673477     
   101.2500       388.587112862184     
   112.5000       387.744330245622     
   123.7500       386.862460702819     
   135.0000       385.934169413525     
   146.2500       385.039808614963     
   157.5000       384.237300235060     
   168.7500       383.537462542625     
   180.0000       382.814467407487     
   191.2500       382.168732884084     
   202.5000       381.486186308778     
   213.7500       380.675860133710     
   225.0000       379.818971345428     
   236.2500       378.874516297659     
   247.5000       378.020103459714     
   258.7500       377.315940803915     
   270.0000       376.833634251947     
   281.2500       376.666733318678     
   292.5000       376.686382135376     
   303.7500       377.022384879689     
   315.0000       377.764919625199     
   326.2500       378.816903152740     
   337.5000       380.285076937277     
   348.7500       381.945601791457     
   360.0000       383.715727185927     
