  0.0000000E+00   145.258181932166     
   11.25000       145.048992442684     
   22.50000       144.721560658391     
   33.75000       144.281222165684     
   45.00000       143.840076142045     
   56.25000       143.403737158557     
   67.50000       142.972523660192     
   78.75000       142.638373320984     
   90.00000       142.321539470409     
   101.2500       142.085239209098     
   112.5000       141.911612360438     
   123.7500       141.779933409024     
   135.0000       141.628627264916     
   146.2500       141.452384571135     
   157.5000       141.306389252881     
   168.7500       141.041956234863     
   180.0000       140.862468070032     
   191.2500       140.614463842828     
   202.5000       140.571834276737     
   213.7500       140.478491381695     
   225.0000       140.674075935242     
   236.2500       140.820774661686     
   247.5000       141.187042262750     
   258.7500       141.595664911594     
   270.0000       142.222526906369     
   281.2500       142.800507252958     
   292.5000       143.529863076201     
   303.7500       144.093947175256     
   315.0000       144.715476417341     
   326.2500       145.093540235546     
   337.5000       145.355198638724     
   348.7500       145.402924210482     
   360.0000       145.258181932166     
