  0.0000000E+00   94.4995676623996     
   11.25000       94.2620414786868     
   22.50000       93.7840189386699     
   33.75000       92.9717186097914     
   45.00000       92.1138898821192     
   56.25000       91.1542664248625     
   67.50000       90.1897266654240     
   78.75000       89.2141440440011     
   90.00000       88.3894214908881     
   101.2500       87.6080447298518     
   112.5000       87.0668851449496     
   123.7500       86.5505438513323     
   135.0000       86.2712840716275     
   146.2500       85.9999331162221     
   157.5000       85.8830343950475     
   168.7500       85.8409779185697     
   180.0000       85.8873642710881     
   191.2500       86.0156637322447     
   202.5000       86.1758896227363     
   213.7500       86.3265902131000     
   225.0000       86.6318915906283     
   236.2500       87.0042333319866     
   247.5000       87.5592208260648     
   258.7500       88.2702507849557     
   270.0000       89.1038222144177     
   281.2500       90.1018455896229     
   292.5000       91.0611092906371     
   303.7500       92.0822399799905     
   315.0000       92.9374704607183     
   326.2500       93.7144075091391     
   337.5000       94.1923054811524     
   348.7500       94.5128930381130     
   360.0000       94.4995676623996     
