  0.0000000E+00   63.3356764436526     
   11.25000       62.5350762879027     
   22.50000       61.7587137914127     
   33.75000       61.0706238500949     
   45.00000       60.5098238927804     
   56.25000       60.1817343502288     
   67.50000       60.0342731837167     
   78.75000       60.0348274473184     
   90.00000       60.1364565458065     
   101.2500       60.3019073589494     
   112.5000       60.4818183532828     
   123.7500       60.6349707022709     
   135.0000       60.7246705917541     
   146.2500       60.7382663055084     
   157.5000       60.7768196913273     
   168.7500       60.6371598790375     
   180.0000       60.5140544037113     
   191.2500       60.5557403038249     
   202.5000       60.7761713831268     
   213.7500       61.0743100554712     
   225.0000       61.6799222867526     
   236.2500       62.2094784027122     
   247.5000       62.8638062480609     
   258.7500       63.6282479615564     
   270.0000       64.4229827551201     
   281.2500       65.1404497665994     
   292.5000       65.6731412214813     
   303.7500       65.9388547231814     
   315.0000       65.8940133814115     
   326.2500       65.5336645767396     
   337.5000       64.9388214705807     
   348.7500       64.1141467049548     
   360.0000       63.3356764436526     
