  0.0000000E+00   193.396350439504     
   11.25000       193.862892928420     
   22.50000       194.061344742857     
   33.75000       194.132071407705     
   45.00000       194.001684456487     
   56.25000       193.662638641009     
   67.50000       193.209834942901     
   78.75000       192.609585565500     
   90.00000       192.014795338197     
   101.2500       191.341666915518     
   112.5000       190.772501627375     
   123.7500       190.163030728883     
   135.0000       189.703245528014     
   146.2500       189.194520814308     
   157.5000       188.818714997008     
   168.7500       188.369596238273     
   180.0000       188.045662414476     
   191.2500       187.716320059650     
   202.5000       187.326999894612     
   213.7500       187.080404208337     
   225.0000       186.835300826327     
   236.2500       186.804011949218     
   247.5000       186.834519490276     
   258.7500       187.079471652062     
   270.0000       187.437669158638     
   281.2500       187.996261108337     
   292.5000       188.636915883770     
   303.7500       189.476970379752     
   315.0000       190.302640017495     
   326.2500       191.210054821307     
   337.5000       192.025601314982     
   348.7500       192.806080961606     
   360.0000       193.396350439504     
