  0.0000000E+00   73.2718303180912     
   11.25000       72.8468945006679     
   22.50000       72.1344261899500     
   33.75000       71.4099320303584     
   45.00000       70.3666600470980     
   56.25000       69.4464940252912     
   67.50000       68.4103436342464     
   78.75000       67.5345017327017     
   90.00000       66.7939276836392     
   101.2500       66.1757714101886     
   112.5000       65.6794022967838     
   123.7500       65.2214055160174     
   135.0000       64.9202632130159     
   146.2500       64.5289976905483     
   157.5000       64.2653461459831     
   168.7500       63.8951621491591     
   180.0000       63.6939658612297     
   191.2500       63.4686651299195     
   202.5000       63.4822007496040     
   213.7500       63.5639416114904     
   225.0000       63.9224124664330     
   236.2500       64.4199244639237     
   247.5000       65.0759702229859     
   258.7500       66.0444299668879     
   270.0000       67.1333997911406     
   281.2500       68.3824197001067     
   292.5000       69.6678423611815     
   303.7500       70.8917022026766     
   315.0000       71.9395788746041     
   326.2500       72.7739719231607     
   337.5000       73.2464403506326     
   348.7500       73.4433175999688     
   360.0000       73.2718303180912     
