  0.0000000E+00   96.3576939730351     
   11.25000       96.0518076031376     
   22.50000       95.6556562450838     
   33.75000       94.9188094631238     
   45.00000       94.1515981935050     
   56.25000       93.2226013236791     
   67.50000       92.2920147772921     
   78.75000       91.2954861030311     
   90.00000       90.4416052060936     
   101.2500       89.5840680873477     
   112.5000       88.9473640335924     
   123.7500       88.3510169290087     
   135.0000       87.9309421800242     
   146.2500       87.6038231776818     
   157.5000       87.3592367618190     
   168.7500       87.2363492266594     
   180.0000       87.1940298901793     
   191.2500       87.3185167754437     
   202.5000       87.5041003989832     
   213.7500       87.7491791113322     
   225.0000       88.1385806495718     
   236.2500       88.6361601601809     
   247.5000       89.2515294846577     
   258.7500       90.0577214837814     
   270.0000       90.9298630384821     
   281.2500       91.9875005571624     
   292.5000       93.0057463193703     
   303.7500       94.0481341868126     
   315.0000       94.9035049066923     
   326.2500       95.6519576327338     
   337.5000       96.1131738194817     
   348.7500       96.3569893098366     
   360.0000       96.3576939730351     
