  0.0000000E+00   190.312567777447     
   11.25000       190.077192741312     
   22.50000       189.497982707448     
   33.75000       188.852101756885     
   45.00000       187.962841537788     
   56.25000       186.932637702490     
   67.50000       185.865660420715     
   78.75000       184.741552331076     
   90.00000       183.730949051844     
   101.2500       182.817280889612     
   112.5000       182.161448700267     
   123.7500       181.719383853050     
   135.0000       181.530101193370     
   146.2500       181.669676410906     
   157.5000       181.985781307134     
   168.7500       182.570348042201     
   180.0000       183.230092165849     
   191.2500       184.008294966762     
   202.5000       184.832909844792     
   213.7500       185.478697714193     
   225.0000       186.202107090708     
   236.2500       186.779245253585     
   247.5000       187.327637349691     
   258.7500       187.807626479346     
   270.0000       188.145158305060     
   281.2500       188.511126639142     
   292.5000       188.877604375019     
   303.7500       189.189822105585     
   315.0000       189.554743861636     
   326.2500       189.918903839702     
   337.5000       190.263377186643     
   348.7500       190.393757385470     
   360.0000       190.312567777447     
