  0.0000000E+00   231.902289415408     
   11.25000       232.554086478951     
   22.50000       233.216619694290     
   33.75000       233.928125788600     
   45.00000       234.555566227867     
   56.25000       235.160927412526     
   67.50000       235.608790808006     
   78.75000       235.894050422075     
   90.00000       236.013762866378     
   101.2500       235.937977482923     
   112.5000       235.599933231041     
   123.7500       235.025973996321     
   135.0000       234.262633152553     
   146.2500       233.387368941979     
   157.5000       232.588402067404     
   168.7500       231.869596794420     
   180.0000       231.276888035597     
   191.2500       230.910204219333     
   202.5000       230.652036034434     
   213.7500       230.436581799276     
   225.0000       230.384871538126     
   236.2500       230.314781038830     
   247.5000       230.292129136257     
   258.7500       230.390921201193     
   270.0000       230.378487705174     
   281.2500       230.415110067873     
   292.5000       230.470171939819     
   303.7500       230.542876750993     
   315.0000       230.648787055478     
   326.2500       230.781352176409     
   337.5000       231.070501075871     
   348.7500       231.453488253965     
   360.0000       231.902289415408     
