  0.0000000E+00   167.617018417262     
   11.25000       167.827008180363     
   22.50000       167.952818625778     
   33.75000       168.191836151220     
   45.00000       168.229106724717     
   56.25000       168.304051594545     
   67.50000       168.400707818056     
   78.75000       168.222423271546     
   90.00000       168.167920264861     
   101.2500       168.018389786716     
   112.5000       167.693935089172     
   123.7500       167.318071189065     
   135.0000       166.799074758439     
   146.2500       166.256510987515     
   157.5000       165.631657991695     
   168.7500       165.037239509142     
   180.0000       164.479908226845     
   191.2500       163.939874364352     
   202.5000       163.655644739450     
   213.7500       163.498485703654     
   225.0000       163.577183944482     
   236.2500       163.769701201994     
   247.5000       164.097556736535     
   258.7500       164.474837552387     
   270.0000       164.792411294812     
   281.2500       165.246986379719     
   292.5000       165.599072488255     
   303.7500       165.994052810839     
   315.0000       166.521544683464     
   326.2500       166.734291730518     
   337.5000       167.064719918327     
   348.7500       167.337216354597     
   360.0000       167.617018417262     
