  0.0000000E+00   66.0913265928311     
   11.25000       65.5614919836681     
   22.50000       64.9124854731556     
   33.75000       63.9075922365094     
   45.00000       62.9659014178441     
   56.25000       61.8208896095895     
   67.50000       60.8840230467947     
   78.75000       60.0488566148494     
   90.00000       59.3836540984729     
   101.2500       58.9254083211058     
   112.5000       58.5815792468297     
   123.7500       58.4677498559429     
   135.0000       58.2745391825665     
   146.2500       58.3189787070645     
   157.5000       58.1352335098834     
   168.7500       58.1694256926135     
   180.0000       58.0002340519946     
   191.2500       57.9587453334033     
   202.5000       57.8437016619129     
   213.7500       57.8958549970454     
   225.0000       58.0482142179358     
   236.2500       58.3610800520748     
   247.5000       58.8867190476564     
   258.7500       59.6002134977597     
   270.0000       60.5519403385700     
   281.2500       61.6626360036947     
   292.5000       62.8449296311286     
   303.7500       64.0024855687265     
   315.0000       64.9584858485016     
   326.2500       65.7794193811379     
   337.5000       66.1474396742106     
   348.7500       66.3528350434607     
   360.0000       66.0913265928311     
