  0.0000000E+00   166.563713396840     
   11.25000       166.854479025172     
   22.50000       167.041611144929     
   33.75000       166.985531647482     
   45.00000       166.677202286157     
   56.25000       166.202858141033     
   67.50000       165.614449243142     
   78.75000       164.933639297290     
   90.00000       164.241646096782     
   101.2500       163.512066469274     
   112.5000       162.861816776264     
   123.7500       162.216417111821     
   135.0000       161.703201445610     
   146.2500       161.192514044620     
   157.5000       160.742504018652     
   168.7500       160.373859273221     
   180.0000       159.956682358677     
   191.2500       159.705322077404     
   202.5000       159.347662539050     
   213.7500       159.202625700474     
   225.0000       159.064174831619     
   236.2500       159.015828581953     
   247.5000       159.167961096257     
   258.7500       159.476266531727     
   270.0000       160.030761335571     
   281.2500       160.710831010597     
   292.5000       161.602495431355     
   303.7500       162.486668507682     
   315.0000       163.494627546294     
   326.2500       164.363093991465     
   337.5000       165.274217497881     
   348.7500       165.946421105265     
   360.0000       166.563713396840     
