  0.0000000E+00   258.776383674002     
   11.25000       258.210859893270     
   22.50000       257.476953403729     
   33.75000       256.529902028468     
   45.00000       255.478554172871     
   56.25000       254.357326968419     
   67.50000       253.171781339882     
   78.75000       252.207948136942     
   90.00000       251.431528993149     
   101.2500       250.943586478344     
   112.5000       250.790699389070     
   123.7500       250.916623396262     
   135.0000       251.364829451812     
   146.2500       252.062066796672     
   157.5000       252.778705531588     
   168.7500       253.725919983126     
   180.0000       254.672357752316     
   191.2500       255.650012948413     
   202.5000       256.558528319009     
   213.7500       257.260121499928     
   225.0000       257.765764971810     
   236.2500       258.060734011749     
   247.5000       258.199433134071     
   258.7500       258.273840684061     
   270.0000       258.346169759504     
   281.2500       258.527513922931     
   292.5000       258.717571560794     
   303.7500       258.877859550537     
   315.0000       259.039952705536     
   326.2500       259.199120685190     
   337.5000       259.215189006404     
   348.7500       259.073910881396     
   360.0000       258.776383674002     
