  0.0000000E+00   69.9572563116557     
   11.25000       69.4965118605370     
   22.50000       68.8871770537814     
   33.75000       68.0487592411261     
   45.00000       67.0405454023051     
   56.25000       66.1072857379674     
   67.50000       64.9530875723066     
   78.75000       64.1207877892581     
   90.00000       63.3272896070547     
   101.2500       62.7840590556127     
   112.5000       62.2246414681652     
   123.7500       61.8833074770819     
   135.0000       61.5527114829148     
   146.2500       61.3355475740079     
   157.5000       61.2004951568154     
   168.7500       61.0470233869298     
   180.0000       60.9601191006301     
   191.2500       60.8751108302742     
   202.5000       60.9889194874841     
   213.7500       61.0901854578527     
   225.0000       61.4917767294501     
   236.2500       61.9399336919935     
   247.5000       62.5473648764819     
   258.7500       63.3863577355880     
   270.0000       64.3557742888487     
   281.2500       65.5449923069841     
   292.5000       66.6650371129899     
   303.7500       67.8422627584119     
   315.0000       68.8051385323464     
   326.2500       69.5683376613488     
   337.5000       70.0359118517051     
   348.7500       70.1738297635493     
   360.0000       69.9572563116557     
