  0.0000000E+00   185.894940479016     
   11.25000       185.788310570362     
   22.50000       185.466974912182     
   33.75000       185.089169566775     
   45.00000       184.577358917660     
   56.25000       183.902028018218     
   67.50000       183.115648467880     
   78.75000       182.210914347985     
   90.00000       181.300764092015     
   101.2500       180.314831827586     
   112.5000       179.435875312522     
   123.7500       178.555387329326     
   135.0000       177.877817283532     
   146.2500       177.284257152337     
   157.5000       176.938028552674     
   168.7500       176.662557419576     
   180.0000       176.671919291004     
   191.2500       176.789797903434     
   202.5000       177.253642846090     
   213.7500       177.761947773802     
   225.0000       178.476354330249     
   236.2500       179.219284694671     
   247.5000       180.141260141581     
   258.7500       181.006402065165     
   270.0000       181.968681189233     
   281.2500       182.820820738382     
   292.5000       183.634843514951     
   303.7500       184.362947475640     
   315.0000       184.909373440336     
   326.2500       185.453477921620     
   337.5000       185.686992502143     
   348.7500       185.917933782353     
   360.0000       185.894940479016     
