  0.0000000E+00   305.753390175144     
   11.25000       306.806157878175     
   22.50000       308.036462998696     
   33.75000       309.250093125074     
   45.00000       310.444674531178     
   56.25000       311.457492538833     
   67.50000       312.214380647402     
   78.75000       312.524540686914     
   90.00000       312.493653670553     
   101.2500       312.111095027098     
   112.5000       311.448324772906     
   123.7500       310.664316155139     
   135.0000       309.785652570074     
   146.2500       308.983299485583     
   157.5000       308.162878094136     
   168.7500       307.442510256158     
   180.0000       306.905765489364     
   191.2500       306.426942219660     
   202.5000       306.044280288030     
   213.7500       305.745026177308     
   225.0000       305.373943998662     
   236.2500       305.032422454060     
   247.5000       304.688763941924     
   258.7500       304.289962602393     
   270.0000       303.852503354669     
   281.2500       303.438190123671     
   292.5000       303.130968356979     
   303.7500       303.042083636150     
   315.0000       303.038383714940     
   326.2500       303.434901900717     
   337.5000       304.015149289883     
   348.7500       304.791052197016     
   360.0000       305.753390175144     
