  0.0000000E+00   95.4164140748967     
   11.25000       95.1521639608273     
   22.50000       94.7338490766684     
   33.75000       93.9610012887185     
   45.00000       93.1431747418414     
   56.25000       92.1910002935769     
   67.50000       91.2374199195210     
   78.75000       90.2441935228209     
   90.00000       89.3987830890093     
   101.2500       88.5722682309264     
   112.5000       87.9836206060599     
   123.7500       87.4218793029946     
   135.0000       87.0749891491786     
   146.2500       86.7785742900652     
   157.5000       86.5934553603274     
   168.7500       86.5156000645481     
   180.0000       86.5285342921204     
   191.2500       86.6711308361171     
   202.5000       86.8553517384299     
   213.7500       87.0600970750194     
   225.0000       87.4107318328343     
   236.2500       87.8437531125089     
   247.5000       88.4259794678118     
   258.7500       89.1824762592322     
   270.0000       90.0315049328737     
   281.2500       91.0609647747499     
   292.5000       92.0441668806228     
   303.7500       93.0681678328995     
   315.0000       93.9145453559969     
   326.2500       94.6728250358666     
   337.5000       95.1353095100771     
   348.7500       95.4204735923272     
   360.0000       95.4164140748967     
