  0.0000000E+00   92.6687130888558     
   11.25000       92.4040168740494     
   22.50000       91.7600122294015     
   33.75000       90.9393427027951     
   45.00000       90.0449525936693     
   56.25000       89.1076559320204     
   67.50000       88.1528017394953     
   78.75000       87.2545095307311     
   90.00000       86.4971186022902     
   101.2500       85.8280505377314     
   112.5000       85.3793093302026     
   123.7500       84.9704509000596     
   135.0000       84.7919408820475     
   146.2500       84.5802005672767     
   157.5000       84.5814869220670     
   168.7500       84.5325503991173     
   180.0000       84.5672682319879     
   191.2500       84.5875563255000     
   202.5000       84.6594663462757     
   213.7500       84.7016814204970     
   225.0000       84.9203456192275     
   236.2500       85.2016943414492     
   247.5000       85.7233559049285     
   258.7500       86.3555273671470     
   270.0000       87.1751170434578     
   281.2500       88.1186836502473     
   292.5000       89.0986372681593     
   303.7500       90.1581746223539     
   315.0000       91.0485239733594     
   326.2500       91.8648269362826     
   337.5000       92.3831102921319     
   348.7500       92.7273514626530     
   360.0000       92.6687130888558     
