  0.0000000E+00   56.1001385620640     
   11.25000       55.7033042736847     
   22.50000       54.9876854488588     
   33.75000       54.1877686627869     
   45.00000       53.1549495273172     
   56.25000       52.2659570895084     
   67.50000       51.3803957720269     
   78.75000       50.6140372264861     
   90.00000       49.9085367128805     
   101.2500       49.4195006418840     
   112.5000       48.9759726242388     
   123.7500       48.7198633012904     
   135.0000       48.4249746510820     
   146.2500       48.1858790708505     
   157.5000       47.9418378179123     
   168.7500       47.6424476039562     
   180.0000       47.4395487924674     
   191.2500       47.1780645033008     
   202.5000       46.9274742118587     
   213.7500       46.8597226681544     
   225.0000       46.9735855627272     
   236.2500       47.2723744154084     
   247.5000       47.9464645324942     
   258.7500       48.7708968628493     
   270.0000       49.8084355966345     
   281.2500       51.0861856369609     
   292.5000       52.3661009315121     
   303.7500       53.6550311112506     
   315.0000       54.7072156200163     
   326.2500       55.5789051799032     
   337.5000       56.0058674868204     
   348.7500       56.2244055567019     
   360.0000       56.1001385620640     
