  0.0000000E+00   91.3060128873034     
   11.25000       91.1124933493576     
   22.50000       90.8043420134382     
   33.75000       90.5230111555658     
   45.00000       90.2930034619884     
   56.25000       90.0582201669390     
   67.50000       89.9004847017467     
   78.75000       89.8371653450180     
   90.00000       89.7697860616491     
   101.2500       89.7892430145295     
   112.5000       89.7246290189121     
   123.7500       89.6458691071198     
   135.0000       89.4246028837512     
   146.2500       89.1334565129847     
   157.5000       88.7816145330825     
   168.7500       88.3552957562431     
   180.0000       87.9477724298374     
   191.2500       87.5074013060206     
   202.5000       87.2335453115146     
   213.7500       86.9707824540586     
   225.0000       86.8790056851980     
   236.2500       86.9614727182625     
   247.5000       87.2640084715408     
   258.7500       87.7161675784239     
   270.0000       88.3747283542516     
   281.2500       89.0435515058413     
   292.5000       89.8075927576660     
   303.7500       90.3985553194979     
   315.0000       90.9418465295415     
   326.2500       91.2420776011547     
   337.5000       91.4243846172392     
   348.7500       91.4433496218924     
   360.0000       91.3060128873034     
