  0.0000000E+00   119.285510483882     
   11.25000       119.454630422731     
   22.50000       119.612811327509     
   33.75000       119.688595925000     
   45.00000       119.849673277072     
   56.25000       119.932759444855     
   67.50000       120.023122083473     
   78.75000       120.144851554339     
   90.00000       120.091920077757     
   101.2500       120.040156403949     
   112.5000       119.944569873705     
   123.7500       119.748551125738     
   135.0000       119.452016888932     
   146.2500       119.065676266827     
   157.5000       118.685746932209     
   168.7500       118.156544997603     
   180.0000       117.701520435227     
   191.2500       117.328796447856     
   202.5000       116.914668519838     
   213.7500       116.712990408172     
   225.0000       116.580018057977     
   236.2500       116.564869932679     
   247.5000       116.660586322008     
   258.7500       116.881578823669     
   270.0000       117.224471607341     
   281.2500       117.504737495731     
   292.5000       117.916157778146     
   303.7500       118.187208309887     
   315.0000       118.523115053422     
   326.2500       118.765846486313     
   337.5000       118.957271480821     
   348.7500       119.188051286739     
   360.0000       119.285510483882     
