  0.0000000E+00   76.4537793704580     
   11.25000       76.4439080345482     
   22.50000       76.2530300139146     
   33.75000       76.0446625413615     
   45.00000       75.5866421844949     
   56.25000       75.1695994613031     
   67.50000       74.5942941398709     
   78.75000       74.0886522788660     
   90.00000       73.5651045267034     
   101.2500       73.1394030561968     
   112.5000       72.6928304767307     
   123.7500       72.1927282418548     
   135.0000       71.6638011468712     
   146.2500       71.1255873917445     
   157.5000       70.4154283561178     
   168.7500       69.7732182682496     
   180.0000       69.1568212891344     
   191.2500       68.5561526031494     
   202.5000       68.1152332292152     
   213.7500       67.7841907815321     
   225.0000       67.7262619671053     
   236.2500       67.9148463699031     
   247.5000       68.3817601645554     
   258.7500       69.1099671380883     
   270.0000       70.0264718721248     
   281.2500       71.1482326173375     
   292.5000       72.2802485890925     
   303.7500       73.4387649175759     
   315.0000       74.4084931497270     
   326.2500       75.2851404630111     
   337.5000       75.8700258075233     
   348.7500       76.2753966697267     
   360.0000       76.4537793704580     
