  0.0000000E+00   72.3309405036558     
   11.25000       72.0747465516794     
   22.50000       71.8907170352992     
   33.75000       71.7953925069231     
   45.00000       71.7901052116585     
   56.25000       71.8638773156177     
   67.50000       72.0208535741822     
   78.75000       72.2025337779255     
   90.00000       72.3767622167040     
   101.2500       72.5091839596137     
   112.5000       72.5715994784603     
   123.7500       72.5524340951918     
   135.0000       72.4555328630550     
   146.2500       72.3036784328044     
   157.5000       72.1156738911365     
   168.7500       71.9542799451230     
   180.0000       71.8522806520199     
   191.2500       71.8230720973254     
   202.5000       71.8799768776814     
   213.7500       72.0261863002625     
   225.0000       72.2679072902267     
   236.2500       72.5223432105674     
   247.5000       72.8543397388715     
   258.7500       73.1986260647907     
   270.0000       73.5028686218915     
   281.2500       73.7188153009661     
   292.5000       73.8107520047229     
   303.7500       73.7632937408686     
   315.0000       73.5839069483165     
   326.2500       73.3035049500838     
   337.5000       72.9645228156025     
   348.7500       72.6109876280219     
   360.0000       72.3309405036558     
