  0.0000000E+00   84.6251422228369     
   11.25000       84.4992325387325     
   22.50000       84.2196782112914     
   33.75000       84.0147097860790     
   45.00000       83.7027310001809     
   56.25000       83.5448335902518     
   67.50000       83.2875835284126     
   78.75000       83.0526719275218     
   90.00000       82.9322160698823     
   101.2500       82.7134283241186     
   112.5000       82.4921972422522     
   123.7500       82.3205278892527     
   135.0000       81.9785019536656     
   146.2500       81.6735590746802     
   157.5000       81.1927693616102     
   168.7500       80.7349208967813     
   180.0000       80.2119974251757     
   191.2500       79.7075877819658     
   202.5000       79.3513762718566     
   213.7500       79.0831560690103     
   225.0000       78.9415844507741     
   236.2500       79.0096920432817     
   247.5000       79.2901357527892     
   258.7500       79.7993367928262     
   270.0000       80.5244642590755     
   281.2500       81.3338691361881     
   292.5000       82.1756714695148     
   303.7500       82.9369354600965     
   315.0000       83.6353335483815     
   326.2500       84.0983997889897     
   337.5000       84.4889717286949     
   348.7500       84.5986746238055     
   360.0000       84.6251422228369     
