  0.0000000E+00   151.013142707460     
   11.25000       150.902697596681     
   22.50000       150.658510076183     
   33.75000       150.406006762369     
   45.00000       150.113355782895     
   56.25000       149.798390206176     
   67.50000       149.497608415276     
   78.75000       149.201926926308     
   90.00000       148.955749980668     
   101.2500       148.743981309121     
   112.5000       148.597869309679     
   123.7500       148.475505147352     
   135.0000       148.419993121389     
   146.2500       148.364235125819     
   157.5000       148.395341345668     
   168.7500       148.432785904444     
   180.0000       148.542201168426     
   191.2500       148.635522166401     
   202.5000       148.796314632972     
   213.7500       148.937739207470     
   225.0000       149.110011276528     
   236.2500       149.292332780316     
   247.5000       149.518293591521     
   258.7500       149.737347944489     
   270.0000       150.004657726948     
   281.2500       150.240198431082     
   292.5000       150.512089594850     
   303.7500       150.717458653818     
   315.0000       150.918696829221     
   326.2500       151.036627484138     
   337.5000       151.108141218102     
   348.7500       151.116622575383     
   360.0000       151.013142707460     
