  0.0000000E+00   76.0396251610662     
   11.25000       75.7087015691326     
   22.50000       75.3348780158363     
   33.75000       74.8027612772699     
   45.00000       74.2464672181972     
   56.25000       73.7189640900227     
   67.50000       73.1047632798708     
   78.75000       72.7376166117093     
   90.00000       72.3583997235039     
   101.2500       72.1329341706797     
   112.5000       71.8042856621889     
   123.7500       71.6102803355400     
   135.0000       71.2995435133264     
   146.2500       71.0499078076716     
   157.5000       70.7451333033795     
   168.7500       70.4449719963140     
   180.0000       70.1188050599069     
   191.2500       69.8393940560654     
   202.5000       69.7097845721082     
   213.7500       69.6370549809142     
   225.0000       69.8300382061499     
   236.2500       70.1160081749722     
   247.5000       70.5847091990949     
   258.7500       71.2693844661340     
   270.0000       72.0717038206295     
   281.2500       73.0162511623151     
   292.5000       73.8779312313530     
   303.7500       74.7604689178394     
   315.0000       75.4194220238304     
   326.2500       75.9142117516460     
   337.5000       76.1887773018476     
   348.7500       76.2028447191264     
   360.0000       76.0396251610662     
