  0.0000000E+00   172.640605345671     
   11.25000       172.346087902408     
   22.50000       172.073989104590     
   33.75000       171.747893597015     
   45.00000       171.365532037766     
   56.25000       171.079024106333     
   67.50000       170.790002404568     
   78.75000       170.612328439177     
   90.00000       170.548995024715     
   101.2500       170.577425960841     
   112.5000       170.736714793279     
   123.7500       170.960177504854     
   135.0000       171.291566124859     
   146.2500       171.625625260052     
   157.5000       171.973187613401     
   168.7500       172.306169925335     
   180.0000       172.546273133891     
   191.2500       172.750466550444     
   202.5000       172.839174529788     
   213.7500       172.922653952607     
   225.0000       172.943427405625     
   236.2500       172.847727424436     
   247.5000       172.801544082746     
   258.7500       172.680976954603     
   270.0000       172.659371750830     
   281.2500       172.679473258758     
   292.5000       172.721297628276     
   303.7500       172.846140518054     
   315.0000       172.952965883539     
   326.2500       172.995258512693     
   337.5000       172.955048184967     
   348.7500       172.817154880483     
   360.0000       172.640605345671     
