  0.0000000E+00   145.782320477856     
   11.25000       145.775956996531     
   22.50000       145.805656239925     
   33.75000       145.816905019281     
   45.00000       145.851070179009     
   56.25000       145.877888870306     
   67.50000       145.932451505340     
   78.75000       145.951131432424     
   90.00000       145.957041246435     
   101.2500       145.925144934049     
   112.5000       145.839755622061     
   123.7500       145.756208737080     
   135.0000       145.591477131872     
   146.2500       145.433398997174     
   157.5000       145.225315023818     
   168.7500       145.023116775944     
   180.0000       144.853629780402     
   191.2500       144.670044136620     
   202.5000       144.572686965880     
   213.7500       144.482976333399     
   225.0000       144.457786462066     
   236.2500       144.469149694545     
   247.5000       144.562637914437     
   258.7500       144.675567582495     
   270.0000       144.852585317264     
   281.2500       145.012112463739     
   292.5000       145.202604448659     
   303.7500       145.349118516780     
   315.0000       145.500887416605     
   326.2500       145.602593926058     
   337.5000       145.698560109493     
   348.7500       145.746353259941     
   360.0000       145.782320477856     
