  0.0000000E+00   250.983941637281     
   11.25000       250.840258307365     
   22.50000       250.705847990229     
   33.75000       250.532285394856     
   45.00000       250.317888183468     
   56.25000       250.036610259169     
   67.50000       249.659187207505     
   78.75000       249.241427681694     
   90.00000       248.769571982028     
   101.2500       248.295598461595     
   112.5000       247.901041151757     
   123.7500       247.590414027897     
   135.0000       247.421497053288     
   146.2500       247.409990273532     
   157.5000       247.536219223994     
   168.7500       247.826566330451     
   180.0000       248.251804211118     
   191.2500       248.812927067431     
   202.5000       249.485340442314     
   213.7500       250.158339790965     
   225.0000       250.825694384520     
   236.2500       251.377577040155     
   247.5000       251.798282340708     
   258.7500       252.060738154056     
   270.0000       252.192520623056     
   281.2500       252.176044264108     
   292.5000       252.056207229460     
   303.7500       251.885156601886     
   315.0000       251.677213303696     
   326.2500       251.482568052953     
   337.5000       251.286167157845     
   348.7500       251.122548385866     
   360.0000       250.983941637281     
