  0.0000000E+00   102.652013859675     
   11.25000       102.344240645540     
   22.50000       102.040605408089     
   33.75000       101.593480859633     
   45.00000       101.264777421729     
   56.25000       100.887751004167     
   67.50000       100.580485577154     
   78.75000       100.218533166477     
   90.00000       99.9253966195659     
   101.2500       99.5981663312138     
   112.5000       99.2806998669498     
   123.7500       98.9573152213161     
   135.0000       98.6030995654122     
   146.2500       98.2503470576615     
   157.5000       97.8876067813788     
   168.7500       97.5668084258594     
   180.0000       97.2617861879084     
   191.2500       97.0728581587719     
   202.5000       96.9551485347951     
   213.7500       96.9998555555630     
   225.0000       97.1952019428110     
   236.2500       97.5956288482652     
   247.5000       98.1026477462072     
   258.7500       98.7745503312907     
   270.0000       99.4895215554414     
   281.2500       100.269028238148     
   292.5000       100.990903241154     
   303.7500       101.669408159960     
   315.0000       102.192119629981     
   326.2500       102.554973528448     
   337.5000       102.761166281226     
   348.7500       102.747266442616     
   360.0000       102.652013859675     
