  0.0000000E+00   142.454499738676     
   11.25000       142.300046361595     
   22.50000       142.139952009878     
   33.75000       141.923366892546     
   45.00000       141.697715012855     
   56.25000       141.437211418154     
   67.50000       141.214350303978     
   78.75000       140.981594898711     
   90.00000       140.769512544550     
   101.2500       140.551948982875     
   112.5000       140.320762266688     
   123.7500       140.061200083953     
   135.0000       139.784394211785     
   146.2500       139.468724835463     
   157.5000       139.151061394163     
   168.7500       138.821767408841     
   180.0000       138.549844627866     
   191.2500       138.310921477976     
   202.5000       138.186943688897     
   213.7500       138.166805350763     
   225.0000       138.273468691791     
   236.2500       138.515511898525     
   247.5000       138.837959459226     
   258.7500       139.297100533278     
   270.0000       139.804360933207     
   281.2500       140.368171472171     
   292.5000       140.935846263157     
   303.7500       141.447296197145     
   315.0000       141.891571123884     
   326.2500       142.200388675298     
   337.5000       142.412636953027     
   348.7500       142.468365467154     
   360.0000       142.454499738676     
