  0.0000000E+00   202.018270533602     
   11.25000       202.269031188128     
   22.50000       202.624505956977     
   33.75000       203.067320335059     
   45.00000       203.536704287216     
   56.25000       204.030891232794     
   67.50000       204.498814708779     
   78.75000       204.891969497370     
   90.00000       205.210225200828     
   101.2500       205.443923257605     
   112.5000       205.553783676149     
   123.7500       205.532507386936     
   135.0000       205.382331333794     
   146.2500       205.110522789854     
   157.5000       204.791897276536     
   168.7500       204.484234853798     
   180.0000       204.179544268542     
   191.2500       203.952870988719     
   202.5000       203.803578598077     
   213.7500       203.647360413114     
   225.0000       203.539000118904     
   236.2500       203.421651531513     
   247.5000       203.262477130153     
   258.7500       203.136367911807     
   270.0000       202.959041775002     
   281.2500       202.751296400740     
   292.5000       202.523114219789     
   303.7500       202.306581349356     
   315.0000       202.117103584541     
   326.2500       201.949923743707     
   337.5000       201.876458576604     
   348.7500       201.902512040346     
   360.0000       202.018270533602     
