  0.0000000E+00   80.4465289258460     
   11.25000       80.4300297997637     
   22.50000       80.3663113669505     
   33.75000       80.1604101406667     
   45.00000       79.9571364955533     
   56.25000       79.5955865622832     
   67.50000       79.3227672295397     
   78.75000       79.0109938301868     
   90.00000       78.5972646408962     
   101.2500       78.3638429042791     
   112.5000       78.0113414983908     
   123.7500       77.6384813988115     
   135.0000       77.2533379643786     
   146.2500       76.6800245783957     
   157.5000       76.0926703921911     
   168.7500       75.5219989221116     
   180.0000       74.8821586853112     
   191.2500       74.3963554245844     
   202.5000       73.8602277758579     
   213.7500       73.6190492111109     
   225.0000       73.4939988442708     
   236.2500       73.6233561229980     
   247.5000       73.9024488946915     
   258.7500       74.4418373288682     
   270.0000       75.1373395729671     
   281.2500       76.0390130869292     
   292.5000       76.9826031841671     
   303.7500       77.9015805935926     
   315.0000       78.7382743402477     
   326.2500       79.4195640574060     
   337.5000       79.9285523667399     
   348.7500       80.2604008242578     
   360.0000       80.4465289258460     
