  0.0000000E+00   118.174011401782     
   11.25000       118.432304540204     
   22.50000       118.613760428072     
   33.75000       118.747181224655     
   45.00000       118.929737109835     
   56.25000       118.990565338570     
   67.50000       119.086193706182     
   78.75000       119.109932468056     
   90.00000       118.972264500683     
   101.2500       118.876124963012     
   112.5000       118.690313695038     
   123.7500       118.413117012432     
   135.0000       118.067385095325     
   146.2500       117.659820670451     
   157.5000       117.206373271608     
   168.7500       116.648958788596     
   180.0000       116.234830669807     
   191.2500       115.816300906628     
   202.5000       115.418527579083     
   213.7500       115.245234757127     
   225.0000       115.080016020124     
   236.2500       115.086289766055     
   247.5000       115.171422901726     
   258.7500       115.394301174791     
   270.0000       115.683329048939     
   281.2500       115.967927832692     
   292.5000       116.383621926182     
   303.7500       116.679489640072     
   315.0000       117.090792576190     
   326.2500       117.379475735431     
   337.5000       117.691266739906     
   348.7500       117.989353278833     
   360.0000       118.174011401782     
