  0.0000000E+00   132.990764208494     
   11.25000       132.843060134383     
   22.50000       132.681869745493     
   33.75000       132.522093662764     
   45.00000       132.411438626336     
   56.25000       132.333685152984     
   67.50000       132.299483039370     
   78.75000       132.324345803853     
   90.00000       132.356432930286     
   101.2500       132.417412284140     
   112.5000       132.475336701441     
   123.7500       132.507365757947     
   135.0000       132.474122996109     
   146.2500       132.380615750760     
   157.5000       132.231828635997     
   168.7500       132.000688244513     
   180.0000       131.787194204244     
   191.2500       131.553272492150     
   202.5000       131.410393274272     
   213.7500       131.276126351971     
   225.0000       131.293941044450     
   236.2500       131.326412593842     
   247.5000       131.488418323823     
   258.7500       131.696062843654     
   270.0000       132.004285852811     
   281.2500       132.292178693148     
   292.5000       132.623100419499     
   303.7500       132.859595768569     
   315.0000       133.090116500978     
   326.2500       133.169543430210     
   337.5000       133.198419810139     
   348.7500       133.118744817961     
   360.0000       132.990764208494     
