  0.0000000E+00   259.674784572847     
   11.25000       260.072962424176     
   22.50000       260.387939410418     
   33.75000       260.594257590760     
   45.00000       260.660466829685     
   56.25000       260.649424527889     
   67.50000       260.535626738874     
   78.75000       260.344409319549     
   90.00000       260.117931424649     
   101.2500       259.834285065770     
   112.5000       259.565663049997     
   123.7500       259.285903914667     
   135.0000       259.038528666474     
   146.2500       258.809491005561     
   157.5000       258.586755640281     
   168.7500       258.361437001012     
   180.0000       258.125828717441     
   191.2500       257.861806544291     
   202.5000       257.560253800276     
   213.7500       257.277148263502     
   225.0000       257.012038308095     
   236.2500       256.796444686211     
   247.5000       256.646031416784     
   258.7500       256.552204684499     
   270.0000       256.544385249549     
   281.2500       256.618223236362     
   292.5000       256.821027635719     
   303.7500       257.152703420661     
   315.0000       257.574816201976     
   326.2500       258.088011226815     
   337.5000       258.630621150390     
   348.7500       259.165464598239     
   360.0000       259.674784572847     
