  0.0000000E+00   230.308468697088     
   11.25000       230.443041297493     
   22.50000       230.431125733647     
   33.75000       230.352333961269     
   45.00000       230.170333607250     
   56.25000       229.954762939589     
   67.50000       229.683626649065     
   78.75000       229.378838929765     
   90.00000       229.074327666563     
   101.2500       228.736279206037     
   112.5000       228.391132720407     
   123.7500       228.040054664735     
   135.0000       227.694437293248     
   146.2500       227.311016993341     
   157.5000       226.930936926613     
   168.7500       226.546276375394     
   180.0000       226.189903557769     
   191.2500       225.851230507617     
   202.5000       225.568341815570     
   213.7500       225.376383535142     
   225.0000       225.275676095570     
   236.2500       225.335849483757     
   247.5000       225.527734737867     
   258.7500       225.824330392483     
   270.0000       226.234565554373     
   281.2500       226.733989627382     
   292.5000       227.284369100320     
   303.7500       227.871979482813     
   315.0000       228.480840940584     
   326.2500       229.088274932842     
   337.5000       229.619898664632     
   348.7500       230.026022212219     
   360.0000       230.308468697088     
