  0.0000000E+00   198.108334262664     
   11.25000       198.704415486530     
   22.50000       199.258700761834     
   33.75000       199.715564443277     
   45.00000       200.040443300722     
   56.25000       200.239891103833     
   67.50000       200.300761657095     
   78.75000       200.187731469818     
   90.00000       199.902024903651     
   101.2500       199.514729670109     
   112.5000       199.073929841101     
   123.7500       198.630831455103     
   135.0000       198.245769028456     
   146.2500       197.908255518844     
   157.5000       197.613036929123     
   168.7500       197.355302506629     
   180.0000       197.105785662953     
   191.2500       196.850040781167     
   202.5000       196.597283312833     
   213.7500       196.357580533668     
   225.0000       196.096577270438     
   236.2500       195.847873776287     
   247.5000       195.622942579537     
   258.7500       195.388970822439     
   270.0000       195.277542727686     
   281.2500       195.242484319380     
   292.5000       195.283196062043     
   303.7500       195.492266689320     
   315.0000       195.817401375406     
   326.2500       196.282042841421     
   337.5000       196.830218802012     
   348.7500       197.456835160367     
   360.0000       198.108334262664     
