  0.0000000E+00   150.206652151419     
   11.25000       150.029800960676     
   22.50000       149.732105102550     
   33.75000       149.461538370505     
   45.00000       149.147695789655     
   56.25000       148.850648935045     
   67.50000       148.577092394207     
   78.75000       148.339685200256     
   90.00000       148.175048804252     
   101.2500       148.047001386636     
   112.5000       147.987209722799     
   123.7500       147.951068753330     
   135.0000       147.975260527343     
   146.2500       148.007911325396     
   157.5000       148.104161371919     
   168.7500       148.158804624884     
   180.0000       148.255664202083     
   191.2500       148.308503483813     
   202.5000       148.412689903425     
   213.7500       148.476723894957     
   225.0000       148.567161389341     
   236.2500       148.678171061464     
   247.5000       148.833926188172     
   258.7500       149.012055693139     
   270.0000       149.247987461674     
   281.2500       149.478419801650     
   292.5000       149.747807147415     
   303.7500       149.953789222563     
   315.0000       150.167072720952     
   326.2500       150.278262083990     
   337.5000       150.355506725570     
   348.7500       150.315154534045     
   360.0000       150.206652151419     
