  0.0000000E+00   75.2373636566563     
   11.25000       74.5564347091813     
   22.50000       73.9246105439849     
   33.75000       73.3932435846249     
   45.00000       73.0436822977818     
   56.25000       72.7981299965371     
   67.50000       72.8519981742446     
   78.75000       73.0188090677945     
   90.00000       73.2478018846283     
   101.2500       73.4912260935427     
   112.5000       73.6960009869244     
   123.7500       73.8226242949114     
   135.0000       73.8255422818032     
   146.2500       73.7496228624008     
   157.5000       73.6099971865734     
   168.7500       73.3014969908419     
   180.0000       73.0888580230970     
   191.2500       73.0077867031951     
   202.5000       73.0851827533121     
   213.7500       73.3011826624637     
   225.0000       73.7544152094608     
   236.2500       74.2352853832774     
   247.5000       74.8490903950754     
   258.7500       75.5619877000092     
   270.0000       76.2900924446396     
   281.2500       76.9339154535416     
   292.5000       77.3999887186353     
   303.7500       77.6189081117879     
   315.0000       77.5613978610529     
   326.2500       77.2174859873177     
   337.5000       76.6971899075593     
   348.7500       75.9206813916931     
   360.0000       75.2373636566563     
