  0.0000000E+00   140.500798423229     
   11.25000       140.338297206982     
   22.50000       140.156818601168     
   33.75000       139.925872452416     
   45.00000       139.688324019778     
   56.25000       139.417316576070     
   67.50000       139.148735157527     
   78.75000       138.851016947385     
   90.00000       138.576781836030     
   101.2500       138.260059156396     
   112.5000       137.980644960408     
   123.7500       137.674070295758     
   135.0000       137.393210366185     
   146.2500       137.122931487133     
   157.5000       136.901367375916     
   168.7500       136.720547027334     
   180.0000       136.625553214344     
   191.2500       136.599113516058     
   202.5000       136.679331022545     
   213.7500       136.826441572763     
   225.0000       137.090231218937     
   236.2500       137.414844497776     
   247.5000       137.817453306224     
   258.7500       138.291308011165     
   270.0000       138.763189911927     
   281.2500       139.256016375596     
   292.5000       139.661674488695     
   303.7500       140.038569868419     
   315.0000       140.303206562678     
   326.2500       140.487113717543     
   337.5000       140.577907812501     
   348.7500       140.566514352372     
   360.0000       140.500798423229     
