  0.0000000E+00   160.989116974403     
   11.25000       161.261058246953     
   22.50000       161.583937268440     
   33.75000       161.976419269207     
   45.00000       162.286546682523     
   56.25000       162.651703076144     
   67.50000       162.957184295873     
   78.75000       163.127307999896     
   90.00000       163.316961988112     
   101.2500       163.351852938312     
   112.5000       163.268673070241     
   123.7500       163.106891665998     
   135.0000       162.812056119354     
   146.2500       162.495142865801     
   157.5000       162.084110397605     
   168.7500       161.666417537653     
   180.0000       161.247157092853     
   191.2500       160.873910302520     
   202.5000       160.640321384605     
   213.7500       160.456282124535     
   225.0000       160.386439315910     
   236.2500       160.339370453357     
   247.5000       160.332026231996     
   258.7500       160.319578710856     
   270.0000       160.273571479493     
   281.2500       160.290847349660     
   292.5000       160.270698515949     
   303.7500       160.325495261715     
   315.0000       160.415604339518     
   326.2500       160.424529519534     
   337.5000       160.586174761786     
   348.7500       160.736957790831     
   360.0000       160.989116974403     
