  0.0000000E+00   87.4495035633928     
   11.25000       87.3234185035271     
   22.50000       87.2298867299721     
   33.75000       87.0331425140631     
   45.00000       86.7980366216905     
   56.25000       86.5430776857980     
   67.50000       86.2442589796634     
   78.75000       85.9558772745399     
   90.00000       85.7110932634151     
   101.2500       85.4056653975844     
   112.5000       85.1775518107360     
   123.7500       84.9176694836313     
   135.0000       84.5763888244767     
   146.2500       84.2184452441479     
   157.5000       83.7473649751931     
   168.7500       83.3307037548828     
   180.0000       82.8196520626521     
   191.2500       82.4247347205837     
   202.5000       82.0767852492447     
   213.7500       81.8661552292173     
   225.0000       81.7573004372255     
   236.2500       81.8557814447622     
   247.5000       82.1216894948510     
   258.7500       82.5696256473509     
   270.0000       83.1731650213359     
   281.2500       83.9003739411074     
   292.5000       84.6917910878901     
   303.7500       85.4561664323452     
   315.0000       86.1679782192960     
   326.2500       86.6851136421367     
   337.5000       87.1293420222352     
   348.7500       87.2981947896962     
   360.0000       87.4495035633928     
