  0.0000000E+00   104.562672943978     
   11.25000       104.495159670434     
   22.50000       104.222841225007     
   33.75000       103.909845149209     
   45.00000       103.491718740940     
   56.25000       103.013989580850     
   67.50000       102.590278459167     
   78.75000       102.174248291729     
   90.00000       101.727667286925     
   101.2500       101.319341522357     
   112.5000       100.841142578131     
   123.7500       100.358820809858     
   135.0000       99.8161111061295     
   146.2500       99.2136606537414     
   157.5000       98.6654858332514     
   168.7500       98.0359153528785     
   180.0000       97.5939998355676     
   191.2500       97.1978993233752     
   202.5000       96.9349892622749     
   213.7500       96.9465694807124     
   225.0000       97.0982791134639     
   236.2500       97.5536183657580     
   247.5000       98.1244761133527     
   258.7500       98.9684363726060     
   270.0000       99.8310924553267     
   281.2500       100.739776010003     
   292.5000       101.794637215802     
   303.7500       102.594953819180     
   315.0000       103.392158189556     
   326.2500       103.973608544283     
   337.5000       104.288928128134     
   348.7500       104.545187221220     
   360.0000       104.562672943978     
