  0.0000000E+00   144.436291993342     
   11.25000       144.509539465204     
   22.50000       144.550367418850     
   33.75000       144.511066817522     
   45.00000       144.393277210856     
   56.25000       144.234972014742     
   67.50000       144.056431504310     
   78.75000       143.859824981373     
   90.00000       143.672298315619     
   101.2500       143.469291064197     
   112.5000       143.287960767636     
   123.7500       143.086031542012     
   135.0000       142.908055729932     
   146.2500       142.694343806539     
   157.5000       142.472068221875     
   168.7500       142.251286774383     
   180.0000       141.990159652953     
   191.2500       141.783124227372     
   202.5000       141.535468805396     
   213.7500       141.387248504944     
   225.0000       141.266732582147     
   236.2500       141.214621977642     
   247.5000       141.277739811447     
   258.7500       141.435660985262     
   270.0000       141.714404453590     
   281.2500       142.056712976377     
   292.5000       142.477428718342     
   303.7500       142.882202778720     
   315.0000       143.309995472024     
   326.2500       143.659002766160     
   337.5000       144.001050350425     
   348.7500       144.234095996342     
   360.0000       144.436291993342     
