  0.0000000E+00   78.3593396363422     
   11.25000       78.3769214806511     
   22.50000       78.2237086494732     
   33.75000       78.0418681354944     
   45.00000       77.7107856726681     
   56.25000       77.3397155217093     
   67.50000       76.9579705318702     
   78.75000       76.4603423819668     
   90.00000       76.0864621288040     
   101.2500       75.6945918419075     
   112.5000       75.2668448361640     
   123.7500       74.8897735846909     
   135.0000       74.3329994825962     
   146.2500       73.8321847767681     
   157.5000       73.2345309184770     
   168.7500       72.5301823585653     
   180.0000       71.8990202304545     
   191.2500       71.3307516912867     
   202.5000       70.8701325289703     
   213.7500       70.6486186284354     
   225.0000       70.4755331198705     
   236.2500       70.5571473604429     
   247.5000       70.8836463487371     
   258.7500       71.5393860525344     
   270.0000       72.3644641225873     
   281.2500       73.3891449084312     
   292.5000       74.4119889791246     
   303.7500       75.4792536129265     
   315.0000       76.3976797775875     
   326.2500       77.1814047312292     
   337.5000       77.7817878797749     
   348.7500       78.1756561310029     
   360.0000       78.3593396363422     
