  0.0000000E+00   199.427717009823     
   11.25000       200.004614570133     
   22.50000       200.577498216211     
   33.75000       201.134545258398     
   45.00000       201.613499273760     
   56.25000       202.004059002615     
   67.50000       202.279305912733     
   78.75000       202.436110112532     
   90.00000       202.437289233364     
   101.2500       202.268268820885     
   112.5000       201.969863527220     
   123.7500       201.577784752893     
   135.0000       201.155399241379     
   146.2500       200.769463003688     
   157.5000       200.437424664583     
   168.7500       200.159893234605     
   180.0000       199.950137622925     
   191.2500       199.751408110995     
   202.5000       199.546590254151     
   213.7500       199.361734368256     
   225.0000       199.179774229900     
   236.2500       198.957309466545     
   247.5000       198.770290587171     
   258.7500       198.539268857523     
   270.0000       198.295779307516     
   281.2500       198.132249346573     
   292.5000       197.993911900517     
   303.7500       197.944913231050     
   315.0000       197.991542822356     
   326.2500       198.175948856048     
   337.5000       198.487040424569     
   348.7500       198.896160458317     
   360.0000       199.427717009823     
