  0.0000000E+00   159.929245463330     
   11.25000       160.288815152129     
   22.50000       160.707286517666     
   33.75000       161.118849649827     
   45.00000       161.444602119204     
   56.25000       161.810007481164     
   67.50000       162.024758883138     
   78.75000       162.144771094079     
   90.00000       162.235021211213     
   101.2500       162.136689369230     
   112.5000       161.962319195365     
   123.7500       161.694704343281     
   135.0000       161.323732151336     
   146.2500       160.946498631731     
   157.5000       160.491469684050     
   168.7500       160.052214542212     
   180.0000       159.636993792847     
   191.2500       159.319874506915     
   202.5000       159.117457726021     
   213.7500       158.945759423524     
   225.0000       158.868275443716     
   236.2500       158.779488310095     
   247.5000       158.729854894217     
   258.7500       158.673056784168     
   270.0000       158.620419944474     
   281.2500       158.644129772680     
   292.5000       158.661238062331     
   303.7500       158.788807184360     
   315.0000       158.900648083085     
   326.2500       159.019104818941     
   337.5000       159.299535202492     
   348.7500       159.555905540177     
   360.0000       159.929245463330     
