  0.0000000E+00   74.3274486560584     
   11.25000       74.2863471892938     
   22.50000       74.0098414916611     
   33.75000       73.6079006318586     
   45.00000       73.0139308244391     
   56.25000       72.4370624579901     
   67.50000       71.7249746748385     
   78.75000       71.1534941709425     
   90.00000       70.5922940224407     
   101.2500       70.1108450881595     
   112.5000       69.5178480654448     
   123.7500       69.0675875880963     
   135.0000       68.4495617045674     
   146.2500       67.8847140134707     
   157.5000       67.2734265782036     
   168.7500       66.6219556691404     
   180.0000       65.8967375365888     
   191.2500       65.4104458085394     
   202.5000       64.9721366149222     
   213.7500       64.7983994471063     
   225.0000       64.8424992742142     
   236.2500       65.1281188565345     
   247.5000       65.6630321797388     
   258.7500       66.5010820218583     
   270.0000       67.5697812748986     
   281.2500       68.7599300504783     
   292.5000       70.0021156957428     
   303.7500       71.2142419532475     
   315.0000       72.2538080082808     
   326.2500       73.1534358192744     
   337.5000       73.7729963956251     
   348.7500       74.2253491982364     
   360.0000       74.3274486560584     
