  0.0000000E+00   193.065749952446     
   11.25000       193.163768490993     
   22.50000       193.074219789949     
   33.75000       192.872557077594     
   45.00000       192.548568842194     
   56.25000       192.199270127176     
   67.50000       191.838970549021     
   78.75000       191.486048189790     
   90.00000       191.153199768519     
   101.2500       190.782490765247     
   112.5000       190.416007495945     
   123.7500       189.997887056940     
   135.0000       189.554489993994     
   146.2500       189.125081934033     
   157.5000       188.658167839606     
   168.7500       188.225328721641     
   180.0000       187.820953580462     
   191.2500       187.448978606724     
   202.5000       187.179945157576     
   213.7500       186.999629697567     
   225.0000       186.979307649029     
   236.2500       187.114826797421     
   247.5000       187.408613995509     
   258.7500       187.864498395727     
   270.0000       188.445399228376     
   281.2500       189.167790320590     
   292.5000       189.903614293140     
   303.7500       190.612259449087     
   315.0000       191.342296457683     
   326.2500       191.935390453606     
   337.5000       192.438091790442     
   348.7500       192.833689653725     
   360.0000       193.065749952446     
