  0.0000000E+00   142.898287987043     
   11.25000       142.768041598841     
   22.50000       142.619333847768     
   33.75000       142.408545554625     
   45.00000       142.192287626379     
   56.25000       141.935621377575     
   67.50000       141.705678435246     
   78.75000       141.480224241479     
   90.00000       141.271463733512     
   101.2500       141.068497449320     
   112.5000       140.859167237863     
   123.7500       140.619363892835     
   135.0000       140.363511545832     
   146.2500       140.064343667081     
   157.5000       139.757470492594     
   168.7500       139.420347774406     
   180.0000       139.130513904714     
   191.2500       138.863381971392     
   202.5000       138.687101228471     
   213.7500       138.620349434420     
   225.0000       138.659426685033     
   236.2500       138.855440422627     
   247.5000       139.141858218947     
   258.7500       139.563572808810     
   270.0000       140.055345725953     
   281.2500       140.597564877684     
   292.5000       141.167209892450     
   303.7500       141.692820165222     
   315.0000       142.170518385621     
   326.2500       142.519678676461     
   337.5000       142.778773681240     
   348.7500       142.874208774411     
   360.0000       142.898287987043     
