  0.0000000E+00   85.7204673492747     
   11.25000       85.5750174518050     
   22.50000       85.4259337125494     
   33.75000       85.0699203773646     
   45.00000       84.7413468033112     
   56.25000       84.2873893185722     
   67.50000       83.8975773356137     
   78.75000       83.5356547126140     
   90.00000       83.1838051783768     
   101.2500       82.8964400362527     
   112.5000       82.6750533091618     
   123.7500       82.3839317837179     
   135.0000       82.1180942322381     
   146.2500       81.7223528122332     
   157.5000       81.2711559865148     
   168.7500       80.8078236695942     
   180.0000       80.2934453853585     
   191.2500       79.8909818306069     
   202.5000       79.4542649805545     
   213.7500       79.2288195340863     
   225.0000       79.0964453295449     
   236.2500       79.1554347897439     
   247.5000       79.4289301833378     
   258.7500       79.9733227794699     
   270.0000       80.7053359514124     
   281.2500       81.6009656068694     
   292.5000       82.5349661196700     
   303.7500       83.4484397841338     
   315.0000       84.2457397817687     
   326.2500       84.8905592696756     
   337.5000       85.3620376278854     
   348.7500       85.5987155606956     
   360.0000       85.7204673492747     
