  0.0000000E+00   97.0996747038700     
   11.25000       96.8648760038785     
   22.50000       96.4351346986019     
   33.75000       95.9621528212594     
   45.00000       95.4863346321511     
   56.25000       95.0499060198675     
   67.50000       94.6502013928190     
   78.75000       94.3220552946996     
   90.00000       94.0967852886976     
   101.2500       93.9094516129725     
   112.5000       93.8243650760063     
   123.7500       93.7034112096225     
   135.0000       93.6610157573303     
   146.2500       93.5208690713879     
   157.5000       93.4591241586971     
   168.7500       93.3101495806905     
   180.0000       93.1788941608631     
   191.2500       93.0125310852335     
   202.5000       92.8970324476942     
   213.7500       92.7744058545754     
   225.0000       92.8122453870440     
   236.2500       92.9239091308070     
   247.5000       93.2407619024049     
   258.7500       93.6561000472070     
   270.0000       94.2083074041061     
   281.2500       94.8328917732675     
   292.5000       95.4539272927556     
   303.7500       96.0805872365568     
   315.0000       96.5634046828849     
   326.2500       96.9568706989483     
   337.5000       97.1555833047394     
   348.7500       97.2419361118759     
   360.0000       97.0996747038700     
