  0.0000000E+00   148.797796673496     
   11.25000       148.537938360898     
   22.50000       148.285961857815     
   33.75000       148.037130163989     
   45.00000       147.780835827510     
   56.25000       147.590924791503     
   67.50000       147.421780194123     
   78.75000       147.334907484302     
   90.00000       147.289323501771     
   101.2500       147.289297366888     
   112.5000       147.351422824258     
   123.7500       147.419045888114     
   135.0000       147.520674739824     
   146.2500       147.573535985867     
   157.5000       147.617945220418     
   168.7500       147.599981968988     
   180.0000       147.601746773456     
   191.2500       147.532950432096     
   202.5000       147.517254883113     
   213.7500       147.466494415157     
   225.0000       147.473907592660     
   236.2500       147.517433493392     
   247.5000       147.639907857707     
   258.7500       147.813463396556     
   270.0000       148.045061827067     
   281.2500       148.289980066071     
   292.5000       148.555588722024     
   303.7500       148.770757910285     
   315.0000       148.961454492162     
   326.2500       149.030237739673     
   337.5000       149.059512697117     
   348.7500       148.946579808628     
   360.0000       148.797796673496     
