  0.0000000E+00   306.219915517900     
   11.25000       306.092158706523     
   22.50000       306.123903323543     
   33.75000       306.328153026175     
   45.00000       306.580170171158     
   56.25000       306.939034673187     
   67.50000       307.353230098360     
   78.75000       307.996312798185     
   90.00000       308.723831620405     
   101.2500       309.673755978828     
   112.5000       310.621165230438     
   123.7500       311.609979488442     
   135.0000       312.380781439860     
   146.2500       313.062473559422     
   157.5000       313.452403977677     
   168.7500       313.729468827483     
   180.0000       313.763258954648     
   191.2500       313.661407591466     
   202.5000       313.359403913002     
   213.7500       312.804096580006     
   225.0000       312.141787033585     
   236.2500       311.279524853971     
   247.5000       310.469826438851     
   258.7500       309.656146985962     
   270.0000       308.981260941983     
   281.2500       308.448674779415     
   292.5000       308.014410964250     
   303.7500       307.663866210735     
   315.0000       307.321287022259     
   326.2500       307.031051903275     
   337.5000       306.732369755254     
   348.7500       306.417082677517     
   360.0000       306.219915517900     
