  0.0000000E+00   162.080335828214     
   11.25000       162.005093144003     
   22.50000       162.092944934717     
   33.75000       162.218495716698     
   45.00000       162.478138400767     
   56.25000       162.792120314152     
   67.50000       163.121600846954     
   78.75000       163.405906188716     
   90.00000       163.732689877310     
   101.2500       164.047327695787     
   112.5000       164.374983178371     
   123.7500       164.760161787003     
   135.0000       165.074772087877     
   146.2500       165.501342231825     
   157.5000       165.756233992793     
   168.7500       166.042823591789     
   180.0000       166.262493987438     
   191.2500       166.396142367572     
   202.5000       166.557475065165     
   213.7500       166.540555256988     
   225.0000       166.450689840141     
   236.2500       166.297423069855     
   247.5000       165.977790195189     
   258.7500       165.636882960115     
   270.0000       165.210807693655     
   281.2500       164.707918254572     
   292.5000       164.260541285397     
   303.7500       163.756950576118     
   315.0000       163.283471520024     
   326.2500       162.890900399005     
   337.5000       162.533773463588     
   348.7500       162.283520864787     
   360.0000       162.080335828214     
