  0.0000000E+00   200.848300388727     
   11.25000       200.825530347186     
   22.50000       200.802310294663     
   33.75000       200.987822879630     
   45.00000       201.228426006431     
   56.25000       201.570173548727     
   67.50000       202.093314873711     
   78.75000       202.556824227270     
   90.00000       203.159510600161     
   101.2500       203.700267936957     
   112.5000       204.232376897785     
   123.7500       204.793444829566     
   135.0000       205.208120451770     
   146.2500       205.779834009450     
   157.5000       206.102455455731     
   168.7500       206.522242670778     
   180.0000       206.702729293891     
   191.2500       206.743921400209     
   202.5000       206.598067481058     
   213.7500       206.336678704591     
   225.0000       205.937321785566     
   236.2500       205.556427251255     
   247.5000       205.026440717952     
   258.7500       204.518111962451     
   270.0000       203.991135927534     
   281.2500       203.376507106125     
   292.5000       202.940145956501     
   303.7500       202.422565278239     
   315.0000       202.016931357374     
   326.2500       201.660454388206     
   337.5000       201.316154490502     
   348.7500       201.009974626929     
   360.0000       200.848300388727     
