  0.0000000E+00   143.995867583197     
   11.25000       143.791544122967     
   22.50000       143.766573105447     
   33.75000       143.755920477405     
   45.00000       143.868576322875     
   56.25000       143.944707895091     
   67.50000       144.182766504485     
   78.75000       144.381109409468     
   90.00000       144.676379049234     
   101.2500       144.921999297043     
   112.5000       145.213999303349     
   123.7500       145.512926481477     
   135.0000       145.816578341203     
   146.2500       146.164861307144     
   157.5000       146.400852476793     
   168.7500       146.755538346049     
   180.0000       146.952407049421     
   191.2500       147.221227165641     
   202.5000       147.330901729131     
   213.7500       147.426462682907     
   225.0000       147.436215041722     
   236.2500       147.325102423965     
   247.5000       147.178993209520     
   258.7500       146.964036637054     
   270.0000       146.723206268202     
   281.2500       146.398102313464     
   292.5000       146.117413638041     
   303.7500       145.708150603710     
   315.0000       145.377751460784     
   326.2500       144.914720396478     
   337.5000       144.591607170220     
   348.7500       144.208497361218     
   360.0000       143.995867583197     
