  0.0000000E+00   143.652644127160     
   11.25000       142.851674067834     
   22.50000       142.238600802669     
   33.75000       141.652422669923     
   45.00000       141.300302368034     
   56.25000       141.063719824737     
   67.50000       141.000421727987     
   78.75000       141.035507415694     
   90.00000       141.151326408998     
   101.2500       141.381839845193     
   112.5000       141.571285226664     
   123.7500       141.861780623387     
   135.0000       141.981083958067     
   146.2500       142.189002262488     
   157.5000       142.295151623278     
   168.7500       142.463183301042     
   180.0000       142.618654814897     
   191.2500       142.820176098096     
   202.5000       143.107534931904     
   213.7500       143.448388123037     
   225.0000       143.860673020848     
   236.2500       144.291031532560     
   247.5000       144.810353413914     
   258.7500       145.219952001414     
   270.0000       145.686087718668     
   281.2500       145.939013261738     
   292.5000       146.165377336311     
   303.7500       146.101310476033     
   315.0000       145.954175886004     
   326.2500       145.537124546616     
   337.5000       145.041078421477     
   348.7500       144.327250165117     
   360.0000       143.652644127160     
