  0.0000000E+00   145.843178210759     
   11.25000       145.953838319598     
   22.50000       146.153334157924     
   33.75000       146.296705574862     
   45.00000       146.506780033619     
   56.25000       146.694628915439     
   67.50000       146.958939240632     
   78.75000       147.168348592026     
   90.00000       147.529924007216     
   101.2500       147.857927206735     
   112.5000       148.327649571238     
   123.7500       148.732558243723     
   135.0000       149.170399728794     
   146.2500       149.522315518847     
   157.5000       149.814397431599     
   168.7500       149.992362911322     
   180.0000       149.947000974785     
   191.2500       149.856890670529     
   202.5000       149.485390919024     
   213.7500       149.124014765080     
   225.0000       148.538300110882     
   236.2500       147.962561859588     
   247.5000       147.386258370192     
   258.7500       146.816335888125     
   270.0000       146.357370472947     
   281.2500       145.971446668862     
   292.5000       145.692171472499     
   303.7500       145.482021996016     
   315.0000       145.427365898829     
   326.2500       145.392124823802     
   337.5000       145.531575861249     
   348.7500       145.611486131130     
   360.0000       145.843178210759     
