  0.0000000E+00   324.309331410766     
   11.25000       324.071312221627     
   22.50000       323.724651421470     
   33.75000       323.412781820203     
   45.00000       323.290682488485     
   56.25000       323.366727116599     
   67.50000       323.777410014284     
   78.75000       324.548582485220     
   90.00000       325.679436267917     
   101.2500       326.958886085448     
   112.5000       328.404901872659     
   123.7500       329.749473222305     
   135.0000       330.736448996236     
   146.2500       331.296281535090     
   157.5000       331.161919796166     
   168.7500       330.449731789986     
   180.0000       329.038088167954     
   191.2500       327.351850922481     
   202.5000       325.314167027197     
   213.7500       323.366379974579     
   225.0000       321.481775229643     
   236.2500       320.050704669366     
   247.5000       319.024999003537     
   258.7500       318.631336156344     
   270.0000       318.738503076738     
   281.2500       319.331028843329     
   292.5000       320.294958782419     
   303.7500       321.338261621615     
   315.0000       322.432128179159     
   326.2500       323.340601566311     
   337.5000       324.017204323387     
   348.7500       324.331917851021     
   360.0000       324.309331410766     
