  0.0000000E+00   162.910423906872     
   11.25000       163.134012151062     
   22.50000       162.983996618151     
   33.75000       162.679407919255     
   45.00000       162.139832113697     
   56.25000       161.402371778349     
   67.50000       160.587380522227     
   78.75000       159.700548327463     
   90.00000       158.804516145050     
   101.2500       157.918662819486     
   112.5000       157.116542489353     
   123.7500       156.388429274393     
   135.0000       155.766302579445     
   146.2500       155.191185435246     
   157.5000       154.809525803891     
   168.7500       154.468123343249     
   180.0000       154.354592793300     
   191.2500       154.277440561651     
   202.5000       154.321805802041     
   213.7500       154.424933808531     
   225.0000       154.663861586442     
   236.2500       154.931634394859     
   247.5000       155.396029868436     
   258.7500       155.922439631756     
   270.0000       156.699352604121     
   281.2500       157.476650903514     
   292.5000       158.457232609068     
   303.7500       159.371240747308     
   315.0000       160.365888791682     
   326.2500       161.245923817407     
   337.5000       161.999285749891     
   348.7500       162.664573409409     
   360.0000       162.910423906872     
