  0.0000000E+00   181.897023594607     
   11.25000       182.231074184525     
   22.50000       182.509920957296     
   33.75000       182.670339506812     
   45.00000       182.658226914958     
   56.25000       182.508938030537     
   67.50000       182.168816981342     
   78.75000       181.675123721289     
   90.00000       181.012004918475     
   101.2500       180.191344147565     
   112.5000       179.335161790700     
   123.7500       178.460776529585     
   135.0000       177.538777953150     
   146.2500       176.698330787559     
   157.5000       175.942936927986     
   168.7500       175.305189747811     
   180.0000       174.835634506992     
   191.2500       174.491754504499     
   202.5000       174.344206513894     
   213.7500       174.356236750069     
   225.0000       174.560663705836     
   236.2500       174.897261306557     
   247.5000       175.388853009478     
   258.7500       175.916320984066     
   270.0000       176.570904748530     
   281.2500       177.202211707775     
   292.5000       177.851087855407     
   303.7500       178.607618878853     
   315.0000       179.276530801846     
   326.2500       180.083360935286     
   337.5000       180.731244032136     
   348.7500       181.334125833189     
   360.0000       181.897023594607     
