  0.0000000E+00   187.134160521234     
   11.25000       187.100256923049     
   22.50000       186.675417853837     
   33.75000       186.009551838005     
   45.00000       185.235123289934     
   56.25000       184.266938839066     
   67.50000       183.273225681718     
   78.75000       182.320293056342     
   90.00000       181.449712813862     
   101.2500       180.739354021173     
   112.5000       180.164986634963     
   123.7500       179.748146461784     
   135.0000       179.517555231025     
   146.2500       179.364592163591     
   157.5000       179.309932150650     
   168.7500       179.362326965888     
   180.0000       179.443714105581     
   191.2500       179.606924487151     
   202.5000       179.793111056694     
   213.7500       179.985200926533     
   225.0000       180.222372931994     
   236.2500       180.471178592797     
   247.5000       180.839162997923     
   258.7500       181.299806045297     
   270.0000       181.939843096390     
   281.2500       182.729584222503     
   292.5000       183.674283828633     
   303.7500       184.567197444809     
   315.0000       185.463297712487     
   326.2500       186.193329806670     
   337.5000       186.723949796578     
   348.7500       187.111023353357     
   360.0000       187.134160521234     
