  0.0000000E+00   209.156377197601     
   11.25000       209.421052878913     
   22.50000       209.653693217480     
   33.75000       209.929739258204     
   45.00000       210.277300039693     
   56.25000       210.818288310326     
   67.50000       211.379989873569     
   78.75000       212.116246253135     
   90.00000       212.684908382998     
   101.2500       213.095603567492     
   112.5000       213.441430643587     
   123.7500       213.397533193066     
   135.0000       213.100842631608     
   146.2500       212.490796797451     
   157.5000       211.617959352333     
   168.7500       210.348754377557     
   180.0000       208.980593821052     
   191.2500       207.467165511820     
   202.5000       205.948979349886     
   213.7500       204.715950478380     
   225.0000       203.672746270556     
   236.2500       203.031558823808     
   247.5000       202.687437764624     
   258.7500       202.755640193313     
   270.0000       203.164717181672     
   281.2500       203.852163806539     
   292.5000       204.703173664448     
   303.7500       205.695442543758     
   315.0000       206.624671893496     
   326.2500       207.489412595687     
   337.5000       208.204857991620     
   348.7500       208.724034417599     
   360.0000       209.156377197601     
