  0.0000000E+00   234.489295504526     
   11.25000       233.200203142904     
   22.50000       232.008987319074     
   33.75000       231.162049537162     
   45.00000       230.550824553216     
   56.25000       230.344426441339     
   67.50000       230.427705445435     
   78.75000       230.791102592838     
   90.00000       231.394369944580     
   101.2500       232.210942619694     
   112.5000       232.975957160568     
   123.7500       233.897893890777     
   135.0000       234.560285286961     
   146.2500       235.101882583169     
   157.5000       235.446768709346     
   168.7500       235.599977115593     
   180.0000       235.665907566293     
   191.2500       235.620631643759     
   202.5000       235.771695513996     
   213.7500       235.860819053717     
   225.0000       236.148819935160     
   236.2500       236.688037251162     
   247.5000       237.150838430123     
   258.7500       237.847132566422     
   270.0000       238.396038378505     
   281.2500       238.836011380562     
   292.5000       239.043711241299     
   303.7500       238.944014859512     
   315.0000       238.630196230590     
   326.2500       237.920194981506     
   337.5000       237.027671475251     
   348.7500       235.795433577213     
   360.0000       234.489295504526     
