  0.0000000E+00   156.908874541499     
   11.25000       157.391420697623     
   22.50000       157.868653689876     
   33.75000       158.250906846883     
   45.00000       158.540327322179     
   56.25000       158.727674139406     
   67.50000       158.817161065913     
   78.75000       158.716002574396     
   90.00000       158.484348832253     
   101.2500       157.997177156692     
   112.5000       157.427663046476     
   123.7500       156.619548744649     
   135.0000       155.746719606764     
   146.2500       154.721449775369     
   157.5000       153.703308900262     
   168.7500       152.678253417756     
   180.0000       151.783071493898     
   191.2500       150.924725933089     
   202.5000       150.362097732040     
   213.7500       149.932344904678     
   225.0000       149.850321798962     
   236.2500       149.885426272144     
   247.5000       150.255196746200     
   258.7500       150.720831692548     
   270.0000       151.369884226195     
   281.2500       152.112276981759     
   292.5000       152.842689759117     
   303.7500       153.726328649507     
   315.0000       154.390082433143     
   326.2500       155.203613231201     
   337.5000       155.795198678765     
   348.7500       156.386228791235     
   360.0000       156.908874541499     
