  0.0000000E+00   144.530187933091     
   11.25000       144.712551689172     
   22.50000       144.917006399683     
   33.75000       145.130343042265     
   45.00000       145.303272805899     
   56.25000       145.575571800727     
   67.50000       145.811467202565     
   78.75000       146.094614725342     
   90.00000       146.453173694151     
   101.2500       146.811517852017     
   112.5000       147.236712477188     
   123.7500       147.590243364395     
   135.0000       147.903777704975     
   146.2500       148.165386347722     
   157.5000       148.283064887008     
   168.7500       148.278654791506     
   180.0000       148.029572506582     
   191.2500       147.665424510240     
   202.5000       147.103840676273     
   213.7500       146.499430469057     
   225.0000       145.803130861627     
   236.2500       145.141711414607     
   247.5000       144.525118600209     
   258.7500       143.947891439735     
   270.0000       143.594545239266     
   281.2500       143.283827144366     
   292.5000       143.158165087933     
   303.7500       143.227777551937     
   315.0000       143.359953236871     
   326.2500       143.643581777362     
   337.5000       143.933476955589     
   348.7500       144.226876830581     
   360.0000       144.530187933091     
