  0.0000000E+00   248.593255712182     
   11.25000       248.774490481458     
   22.50000       248.753069375952     
   33.75000       249.062354965702     
   45.00000       249.339745920400     
   56.25000       249.761126348432     
   67.50000       250.410003258783     
   78.75000       251.024558873448     
   90.00000       251.878438805564     
   101.2500       252.657496980290     
   112.5000       253.494103407973     
   123.7500       254.378447023697     
   135.0000       255.008318008560     
   146.2500       255.683769277658     
   157.5000       256.081700037217     
   168.7500       256.332732010189     
   180.0000       256.423405095148     
   191.2500       256.335306214810     
   202.5000       255.911566082806     
   213.7500       255.367563372281     
   225.0000       254.551080943632     
   236.2500       253.594833290955     
   247.5000       252.733052355688     
   258.7500       251.919175220971     
   270.0000       251.260452561648     
   281.2500       250.674024553065     
   292.5000       250.208395300327     
   303.7500       249.759174460208     
   315.0000       249.369259400183     
   326.2500       249.091832795735     
   337.5000       248.754183028005     
   348.7500       248.752128884624     
   360.0000       248.593255712182     
