  0.0000000E+00   135.556834689229     
   11.25000       135.889331510531     
   22.50000       136.248502961622     
   33.75000       136.544580413746     
   45.00000       136.820591859989     
   56.25000       137.048199225459     
   67.50000       137.146840020086     
   78.75000       137.179256662406     
   90.00000       137.054580763385     
   101.2500       136.794024905793     
   112.5000       136.430527128599     
   123.7500       135.902783415633     
   135.0000       135.320235781608     
   146.2500       134.679952460065     
   157.5000       133.910441571459     
   168.7500       133.236210194266     
   180.0000       132.586203020286     
   191.2500       132.067990054882     
   202.5000       131.698400706828     
   213.7500       131.436790584513     
   225.0000       131.355577455538     
   236.2500       131.372439771151     
   247.5000       131.524522329285     
   258.7500       131.813972761555     
   270.0000       132.135851117362     
   281.2500       132.548685035687     
   292.5000       132.996140055963     
   303.7500       133.483984048071     
   315.0000       133.940536359635     
   326.2500       134.391144529225     
   337.5000       134.807179982526     
   348.7500       135.194790078185     
   360.0000       135.556834689229     
