  0.0000000E+00   399.378198266402     
   11.25000       398.665323417433     
   22.50000       398.202218426631     
   33.75000       398.043647487325     
   45.00000       398.204583151101     
   56.25000       398.630540626468     
   67.50000       399.357521884622     
   78.75000       400.199987226269     
   90.00000       401.046623219263     
   101.2500       401.765394109375     
   112.5000       402.232622468811     
   123.7500       402.361845463164     
   135.0000       402.126763020271     
   146.2500       401.595929433558     
   157.5000       400.813565285563     
   168.7500       399.934934084515     
   180.0000       399.151965330363     
   191.2500       398.546870202471     
   202.5000       398.193817118950     
   213.7500       398.135371889247     
   225.0000       398.435500089082     
   236.2500       398.952471229108     
   247.5000       399.760133481548     
   258.7500       400.758472083532     
   270.0000       401.787748542394     
   281.2500       402.663786952477     
   292.5000       403.217989797960     
   303.7500       403.340607467866     
   315.0000       403.007127788212     
   326.2500       402.286591522269     
   337.5000       401.333840773251     
   348.7500       400.256475292070     
   360.0000       399.378198266402     
