  0.0000000E+00   383.477202475971     
   11.25000       382.055239751344     
   22.50000       380.484443694005     
   33.75000       379.058514828650     
   45.00000       377.940214141848     
   56.25000       377.281956596130     
   67.50000       377.143930061192     
   78.75000       377.523524449348     
   90.00000       378.355349667787     
   101.2500       379.495345153215     
   112.5000       380.782336855210     
   123.7500       381.948533377869     
   135.0000       382.878729229400     
   146.2500       383.396753931479     
   157.5000       383.350593356489     
   168.7500       382.836937995762     
   180.0000       382.014236839712     
   191.2500       380.655467142624     
   202.5000       379.243171538617     
   213.7500       377.918294112680     
   225.0000       376.861240225093     
   236.2500       376.386593689560     
   247.5000       376.445748952681     
   258.7500       377.086016214916     
   270.0000       378.229058690187     
   281.2500       379.721960340810     
   292.5000       381.391645732804     
   303.7500       382.945054669063     
   315.0000       384.219630182491     
   326.2500       384.936159220683     
   337.5000       385.046589185075     
   348.7500       384.525184792156     
   360.0000       383.477202475971     
