  0.0000000E+00   161.825399970091     
   11.25000       162.170967004375     
   22.50000       162.228520313499     
   33.75000       162.097200290419     
   45.00000       161.779164369536     
   56.25000       161.230119526555     
   67.50000       160.546441002067     
   78.75000       159.754934003771     
   90.00000       158.908416885104     
   101.2500       158.015806565701     
   112.5000       157.152950661318     
   123.7500       156.309595096837     
   135.0000       155.568404565738     
   146.2500       154.831018124388     
   157.5000       154.284647690084     
   168.7500       153.772421587389     
   180.0000       153.489006447417     
   191.2500       153.316051319697     
   202.5000       153.299274474344     
   213.7500       153.358456892406     
   225.0000       153.603678835909     
   236.2500       153.860919722533     
   247.5000       154.326545302991     
   258.7500       154.824145590393     
   270.0000       155.576215485593     
   281.2500       156.322272974309     
   292.5000       157.254712147729     
   303.7500       158.136964993481     
   315.0000       159.067715904266     
   326.2500       159.961240832493     
   337.5000       160.684738366669     
   348.7500       161.455592774134     
   360.0000       161.825399970091     
