  0.0000000E+00   184.708122738747     
   11.25000       184.888599184259     
   22.50000       184.957952461050     
   33.75000       184.728782560194     
   45.00000       184.331579735603     
   56.25000       183.754876515141     
   67.50000       183.000636859940     
   78.75000       182.156705594481     
   90.00000       181.239276582159     
   101.2500       180.360771171189     
   112.5000       179.560008564002     
   123.7500       178.799281468252     
   135.0000       178.150676848737     
   146.2500       177.654323022932     
   157.5000       177.245366621679     
   168.7500       176.986878287132     
   180.0000       176.835644622247     
   191.2500       176.794467721333     
   202.5000       176.898403823302     
   213.7500       177.079850735751     
   225.0000       177.378310673447     
   236.2500       177.729818969525     
   247.5000       178.143765011042     
   258.7500       178.613236745842     
   270.0000       179.195186289620     
   281.2500       179.813679967918     
   292.5000       180.617158003005     
   303.7500       181.458594346690     
   315.0000       182.298699978038     
   326.2500       183.155178407161     
   337.5000       183.772199620141     
   348.7500       184.387525588702     
   360.0000       184.708122738747     
