  0.0000000E+00   214.555044932222     
   11.25000       214.806783453042     
   22.50000       215.050454366531     
   33.75000       215.270712121062     
   45.00000       215.552981653240     
   56.25000       215.975712347529     
   67.50000       216.537245994592     
   78.75000       217.267660594842     
   90.00000       217.958554633308     
   101.2500       218.701325990258     
   112.5000       219.153863586155     
   123.7500       219.385126607517     
   135.0000       219.295745214266     
   146.2500       218.774770185146     
   157.5000       218.024805565527     
   168.7500       216.823552697471     
   180.0000       215.464558897252     
   191.2500       213.836102958237     
   202.5000       212.173527568171     
   213.7500       210.662073030097     
   225.0000       209.301784265702     
   236.2500       208.453114030147     
   247.5000       207.827681875991     
   258.7500       207.746930915464     
   270.0000       207.979252949466     
   281.2500       208.600405922073     
   292.5000       209.483789554058     
   303.7500       210.560897918271     
   315.0000       211.561089538260     
   326.2500       212.592998733362     
   337.5000       213.361216574884     
   348.7500       213.999131207290     
   360.0000       214.555044932222     
