  0.0000000E+00   308.996969228899     
   11.25000       309.029897581193     
   22.50000       309.164029270348     
   33.75000       309.350152829245     
   45.00000       309.505710273581     
   56.25000       309.752024214108     
   67.50000       310.096911076184     
   78.75000       310.674656416585     
   90.00000       311.397113372563     
   101.2500       312.387354149326     
   112.5000       313.378904885913     
   123.7500       314.414444483126     
   135.0000       315.254103006753     
   146.2500       316.010379296837     
   157.5000       316.478108073819     
   168.7500       316.794403953014     
   180.0000       316.772072330025     
   191.2500       316.540006233173     
   202.5000       315.962838912405     
   213.7500       315.106729204535     
   225.0000       314.099728047358     
   236.2500       312.939247397189     
   247.5000       311.871872221139     
   258.7500       310.871338875760     
   270.0000       310.147085297291     
   281.2500       309.640224247384     
   292.5000       309.331660529415     
   303.7500       309.177050106380     
   315.0000       309.093525622841     
   326.2500       309.075340378710     
   337.5000       309.016568394367     
   348.7500       308.968537629474     
   360.0000       308.996969228899     
