  0.0000000E+00   190.021231073764     
   11.25000       189.023763002999     
   22.50000       187.915823720909     
   33.75000       186.882103456075     
   45.00000       185.714168489269     
   56.25000       184.870487114156     
   67.50000       184.170451330181     
   78.75000       183.666212422884     
   90.00000       183.463769011530     
   101.2500       183.496301651384     
   112.5000       183.688428473315     
   123.7500       184.001610182200     
   135.0000       184.351382031255     
   146.2500       184.739788049971     
   157.5000       185.085316620366     
   168.7500       185.313193848629     
   180.0000       185.480598307309     
   191.2500       185.543417417911     
   202.5000       185.563544271482     
   213.7500       185.661759972950     
   225.0000       185.838312942543     
   236.2500       186.212643159726     
   247.5000       186.766975169284     
   258.7500       187.485215883004     
   270.0000       188.315396828016     
   281.2500       189.115236747747     
   292.5000       189.909648938538     
   303.7500       190.564122084205     
   315.0000       191.040318484483     
   326.2500       191.213702876999     
   337.5000       191.138984533401     
   348.7500       190.705014994157     
   360.0000       190.021231073764     
