  0.0000000E+00   128.996698502408     
   11.25000       129.065733320904     
   22.50000       129.224960280701     
   33.75000       129.307669381393     
   45.00000       129.498550045599     
   56.25000       129.588171480033     
   67.50000       129.826952171718     
   78.75000       129.999414499151     
   90.00000       130.353574192420     
   101.2500       130.634552445216     
   112.5000       131.078459354562     
   123.7500       131.427846688019     
   135.0000       131.867132776305     
   146.2500       132.182394879247     
   157.5000       132.484541501570     
   168.7500       132.645790328696     
   180.0000       132.678972156905     
   191.2500       132.559054815052     
   202.5000       132.334759714715     
   213.7500       132.006166899898     
   225.0000       131.547849510126     
   236.2500       131.098517992026     
   247.5000       130.553661838669     
   258.7500       130.088631284287     
   270.0000       129.626230087247     
   281.2500       129.280794541860     
   292.5000       129.004319680988     
   303.7500       128.817283995747     
   315.0000       128.752018633381     
   326.2500       128.722983984388     
   337.5000       128.801086533236     
   348.7500       128.847968376183     
   360.0000       128.996698502408     
