  0.0000000E+00   389.803650372188     
   11.25000       388.298504770407     
   22.50000       386.961941986044     
   33.75000       385.960826749540     
   45.00000       385.361353232353     
   56.25000       385.300507914049     
   67.50000       385.719921852925     
   78.75000       386.573773164421     
   90.00000       387.741062156424     
   101.2500       389.045331653742     
   112.5000       390.278460437733     
   123.7500       391.233519754909     
   135.0000       391.782381610112     
   146.2500       391.756983927432     
   157.5000       391.252439657780     
   168.7500       390.356445355861     
   180.0000       389.075357863149     
   191.2500       387.634474992690     
   202.5000       386.432918543092     
   213.7500       385.435120377500     
   225.0000       384.964043566620     
   236.2500       385.026126880105     
   247.5000       385.557937706781     
   258.7500       386.565083965367     
   270.0000       387.953350485832     
   281.2500       389.541347755923     
   292.5000       391.079701453161     
   303.7500       392.292362100417     
   315.0000       392.991023055800     
   326.2500       392.998637370680     
   337.5000       392.409712975573     
   348.7500       391.256306144304     
   360.0000       389.803650372188     
