  0.0000000E+00   396.212322214045     
   11.25000       395.190578009036     
   22.50000       394.434552997386     
   33.75000       394.017751982698     
   45.00000       394.012133299550     
   56.25000       394.335159246255     
   67.50000       395.080445004368     
   78.75000       396.060097337298     
   90.00000       397.131127732931     
   101.2500       398.134944646353     
   112.5000       398.908555635601     
   123.7500       399.322205759537     
   135.0000       399.282883858403     
   146.2500       398.839838253076     
   157.5000       398.052289479225     
   168.7500       396.968800165742     
   180.0000       395.888879022040     
   191.2500       394.957992827314     
   202.5000       394.298150353302     
   213.7500       393.951315058191     
   225.0000       394.074672831077     
   236.2500       394.510534601795     
   247.5000       395.315266722757     
   258.7500       396.431934513008     
   270.0000       397.707564454918     
   281.2500       398.929753879458     
   292.5000       399.873408075902     
   303.7500       400.357149765721     
   315.0000       400.291721037129     
   326.2500       399.677203679773     
   337.5000       398.700274196978     
   348.7500       397.404604321301     
   360.0000       396.212322214045     
