  0.0000000E+00   160.829142421283     
   11.25000       160.261897032266     
   22.50000       159.845316864734     
   33.75000       159.563816839906     
   45.00000       159.466869665531     
   56.25000       159.518487744794     
   67.50000       159.752886926622     
   78.75000       160.092239061605     
   90.00000       160.432032071598     
   101.2500       160.837145598580     
   112.5000       161.103161940208     
   123.7500       161.448578022263     
   135.0000       161.656522757823     
   146.2500       161.875520488967     
   157.5000       162.126749018662     
   168.7500       162.302931798463     
   180.0000       162.544027526903     
   191.2500       162.746923970374     
   202.5000       162.923371610911     
   213.7500       163.203658667678     
   225.0000       163.445152577404     
   236.2500       163.720485683271     
   247.5000       163.989224532750     
   258.7500       164.138239398240     
   270.0000       164.260349029557     
   281.2500       164.225060311433     
   292.5000       164.025556038361     
   303.7500       163.728442193252     
   315.0000       163.257563417223     
   326.2500       162.698802769862     
   337.5000       162.056336054175     
   348.7500       161.394953507057     
   360.0000       160.829142421283     
