  0.0000000E+00   192.958118289584     
   11.25000       192.750897681587     
   22.50000       192.775817174605     
   33.75000       192.874954532860     
   45.00000       193.122992145122     
   56.25000       193.497110510130     
   67.50000       193.998047973321     
   78.75000       194.474315158210     
   90.00000       195.066407969946     
   101.2500       195.650566249567     
   112.5000       196.049920512616     
   123.7500       196.541849271158     
   135.0000       196.906902812356     
   146.2500       197.308752043114     
   157.5000       197.685587619977     
   168.7500       198.047375891179     
   180.0000       198.361179259531     
   191.2500       198.546260351161     
   202.5000       198.614776611362     
   213.7500       198.599208687139     
   225.0000       198.452765256995     
   236.2500       198.242123692809     
   247.5000       198.003678749815     
   258.7500       197.633859554519     
   270.0000       197.187330214711     
   281.2500       196.650376825806     
   292.5000       196.037994829578     
   303.7500       195.438979169088     
   315.0000       194.795065801094     
   326.2500       194.216455829449     
   337.5000       193.690903600309     
   348.7500       193.258354319058     
   360.0000       192.958118289584     
