  0.0000000E+00   351.799899940072     
   11.25000       351.953557898429     
   22.50000       352.205689562758     
   33.75000       352.380082139500     
   45.00000       352.679551584359     
   56.25000       352.815739774659     
   67.50000       352.993862576879     
   78.75000       353.003051933996     
   90.00000       352.875013867279     
   101.2500       352.690016077590     
   112.5000       352.396301682780     
   123.7500       351.961763181985     
   135.0000       351.487120050137     
   146.2500       350.855610125496     
   157.5000       350.192210631659     
   168.7500       349.464288392283     
   180.0000       348.900810969134     
   191.2500       348.313592136793     
   202.5000       347.847224373130     
   213.7500       347.509744443485     
   225.0000       347.363242257268     
   236.2500       347.348518361616     
   247.5000       347.518034647978     
   258.7500       347.802855707998     
   270.0000       348.215680202184     
   281.2500       348.756708394471     
   292.5000       349.324827077917     
   303.7500       349.952116911517     
   315.0000       350.520667989813     
   326.2500       351.048465829999     
   337.5000       351.355411144554     
   348.7500       351.636715391930     
   360.0000       351.799899940072     
