  0.0000000E+00   393.041343253782     
   11.25000       391.716525070924     
   22.50000       390.641214340496     
   33.75000       389.925928563530     
   45.00000       389.629509363166     
   56.25000       389.829161527970     
   67.50000       390.451927311045     
   78.75000       391.430330880766     
   90.00000       392.617861756709     
   101.2500       393.835343315317     
   112.5000       394.885692358054     
   123.7500       395.595584606351     
   135.0000       395.844779146041     
   146.2500       395.556991973108     
   157.5000       394.878140400768     
   168.7500       393.828925715053     
   180.0000       392.535817062203     
   191.2500       391.286652313579     
   202.5000       390.331978424348     
   213.7500       389.635456609927     
   225.0000       389.504702731258     
   236.2500       389.795867235096     
   247.5000       390.509073328756     
   258.7500       391.629576013637     
   270.0000       393.036362960037     
   281.2500       394.519508935662     
   292.5000       395.821608093260     
   303.7500       396.700795172887     
   315.0000       397.002175095313     
   326.2500       396.647267124786     
   337.5000       395.775090729951     
   348.7500       394.462398502139     
   360.0000       393.041343253782     
