  0.0000000E+00   128.121945923451     
   11.25000       127.651661905413     
   22.50000       127.282154758389     
   33.75000       126.921113011510     
   45.00000       126.718482322095     
   56.25000       126.580885710420     
   67.50000       126.513684288254     
   78.75000       126.555017183790     
   90.00000       126.616105816449     
   101.2500       126.729778848044     
   112.5000       126.860611073741     
   123.7500       127.028432972669     
   135.0000       127.190355012354     
   146.2500       127.312625935632     
   157.5000       127.417289303448     
   168.7500       127.530883374426     
   180.0000       127.657945755795     
   191.2500       127.786952643327     
   202.5000       127.980628098738     
   213.7500       128.215005212273     
   225.0000       128.495505452292     
   236.2500       128.824617462654     
   247.5000       129.130707345390     
   258.7500       129.441115899237     
   270.0000       129.671579825450     
   281.2500       129.845373993669     
   292.5000       129.958444446800     
   303.7500       129.910865738060     
   315.0000       129.743745083295     
   326.2500       129.468892982363     
   337.5000       129.044327612545     
   348.7500       128.617749220746     
   360.0000       128.121945923451     
