  0.0000000E+00   141.361906008248     
   11.25000       141.694497077565     
   22.50000       141.760178955939     
   33.75000       141.732319299225     
   45.00000       141.439300866144     
   56.25000       141.018259486743     
   67.50000       140.446984381848     
   78.75000       139.760119935461     
   90.00000       139.020225822767     
   101.2500       138.187206512305     
   112.5000       137.380039406119     
   123.7500       136.506051886234     
   135.0000       135.806374087718     
   146.2500       135.077636467068     
   157.5000       134.605167860834     
   168.7500       134.081706637203     
   180.0000       133.822379982857     
   191.2500       133.558555533802     
   202.5000       133.553760957922     
   213.7500       133.531892557379     
   225.0000       133.712995383285     
   236.2500       133.922972925264     
   247.5000       134.351456387096     
   258.7500       134.792795871962     
   270.0000       135.459880407367     
   281.2500       136.122316483024     
   292.5000       136.954717106744     
   303.7500       137.783986717193     
   315.0000       138.672799481625     
   326.2500       139.496827891851     
   337.5000       140.255604476755     
   348.7500       140.900951458852     
   360.0000       141.361906008248     
