  0.0000000E+00   298.560342409162     
   11.25000       297.057215933588     
   22.50000       295.102999747718     
   33.75000       293.334266792543     
   45.00000       291.494807948662     
   56.25000       290.180403395212     
   67.50000       289.157052525669     
   78.75000       288.546422995024     
   90.00000       288.376685031170     
   101.2500       288.657615110989     
   112.5000       289.268620445712     
   123.7500       290.047820278394     
   135.0000       290.894543315400     
   146.2500       291.558642379870     
   157.5000       292.049576629985     
   168.7500       292.150111974932     
   180.0000       292.164807625857     
   191.2500       291.903517606393     
   202.5000       291.635314349411     
   213.7500       291.442540978786     
   225.0000       291.301610306137     
   236.2500       291.594808284426     
   247.5000       292.004133048925     
   258.7500       292.971268831851     
   270.0000       294.112956987678     
   281.2500       295.759385664534     
   292.5000       297.446977026057     
   303.7500       298.871095832429     
   315.0000       300.056726991383     
   326.2500       300.596255144826     
   337.5000       300.473006007938     
   348.7500       299.871432438771     
   360.0000       298.560342409162     
