  0.0000000E+00   165.909092871800     
   11.25000       165.099853026284     
   22.50000       164.415618463044     
   33.75000       163.804381177601     
   45.00000       163.462097644416     
   56.25000       163.219105246925     
   67.50000       163.231802849577     
   78.75000       163.402859582092     
   90.00000       163.628593054430     
   101.2500       164.084802046443     
   112.5000       164.371316186664     
   123.7500       164.775352645655     
   135.0000       165.007392455035     
   146.2500       165.246746269734     
   157.5000       165.421609717082     
   168.7500       165.568944837560     
   180.0000       165.737563822547     
   191.2500       165.915234008523     
   202.5000       166.163568137183     
   213.7500       166.466636237581     
   225.0000       166.848927888147     
   236.2500       167.299482215124     
   247.5000       167.794784955323     
   258.7500       168.221083925202     
   270.0000       168.647097894780     
   281.2500       168.918206792354     
   292.5000       169.035626495170     
   303.7500       168.978176817982     
   315.0000       168.678450996540     
   326.2500       168.179910112110     
   337.5000       167.504207446952     
   348.7500       166.687533361736     
   360.0000       165.909092871800     
