  0.0000000E+00   264.783708903846     
   11.25000       264.951790973867     
   22.50000       265.152054192027     
   33.75000       265.459832823823     
   45.00000       265.813254195882     
   56.25000       266.401683859397     
   67.50000       267.015162664740     
   78.75000       267.651838393121     
   90.00000       268.263697252350     
   101.2500       268.617982940331     
   112.5000       268.744539302563     
   123.7500       268.367869479004     
   135.0000       267.647642777283     
   146.2500       266.511274414572     
   157.5000       265.082958024438     
   168.7500       263.475239274528     
   180.0000       261.709119863879     
   191.2500       260.027654339699     
   202.5000       258.417142173278     
   213.7500       257.096505582511     
   225.0000       256.196108624188     
   236.2500       255.802157072193     
   247.5000       255.880755771583     
   258.7500       256.497294387441     
   270.0000       257.367720268244     
   281.2500       258.586927957335     
   292.5000       259.762918994860     
   303.7500       261.088192091805     
   315.0000       262.160512493010     
   326.2500       263.151551273084     
   337.5000       263.951660226353     
   348.7500       264.387495625907     
   360.0000       264.783708903846     
