  0.0000000E+00   299.470736458522     
   11.25000       297.798086070892     
   22.50000       295.784243447450     
   33.75000       294.069456455380     
   45.00000       292.376991202440     
   56.25000       291.272628156062     
   67.50000       290.420314266006     
   78.75000       290.093810303817     
   90.00000       290.249990569389     
   101.2500       290.855525776433     
   112.5000       291.735369522310     
   123.7500       292.732094906001     
   135.0000       293.682627642356     
   146.2500       294.367328227206     
   157.5000       294.795391492102     
   168.7500       294.861154934359     
   180.0000       294.839526835784     
   191.2500       294.515532480250     
   202.5000       294.243952439424     
   213.7500       293.987019821468     
   225.0000       293.874220289279     
   236.2500       294.143898842888     
   247.5000       294.600828875246     
   258.7500       295.603702380074     
   270.0000       296.819187913767     
   281.2500       298.519106732080     
   292.5000       300.025915322513     
   303.7500       301.304677591203     
   315.0000       302.222562613955     
   326.2500       302.387325890017     
   337.5000       301.990057322953     
   348.7500       301.044095106908     
   360.0000       299.470736458522     
