  0.0000000E+00   140.984818725699     
   11.25000       140.339422353491     
   22.50000       139.751568495409     
   33.75000       139.242942814978     
   45.00000       138.833843558819     
   56.25000       138.623320458373     
   67.50000       138.519754106953     
   78.75000       138.594295626218     
   90.00000       138.697329357737     
   101.2500       138.871817629038     
   112.5000       139.031115253236     
   123.7500       139.233369385718     
   135.0000       139.428705812425     
   146.2500       139.571938771951     
   157.5000       139.712346090840     
   168.7500       139.797282528273     
   180.0000       139.943242727527     
   191.2500       140.084030445241     
   202.5000       140.225847708051     
   213.7500       140.481234400609     
   225.0000       140.725100470083     
   236.2500       141.084671607085     
   247.5000       141.525608953294     
   258.7500       141.921122061347     
   270.0000       142.336994505667     
   281.2500       142.657285639643     
   292.5000       142.848738104066     
   303.7500       142.944833979830     
   315.0000       142.780044212345     
   326.2500       142.539625572697     
   337.5000       142.130444594539     
   348.7500       141.569063232602     
   360.0000       140.984818725699     
