  0.0000000E+00   289.858049356561     
   11.25000       289.849358719937     
   22.50000       289.394047112345     
   33.75000       288.633121276765     
   45.00000       287.671149211379     
   56.25000       286.470678875425     
   67.50000       285.251864598699     
   78.75000       284.068164299932     
   90.00000       283.106496632845     
   101.2500       282.225120962347     
   112.5000       281.536920551626     
   123.7500       280.817312591591     
   135.0000       280.261183821055     
   146.2500       279.728499295548     
   157.5000       279.231616036561     
   168.7500       279.020534199062     
   180.0000       278.667039156314     
   191.2500       278.614593893364     
   202.5000       278.362685430533     
   213.7500       278.456562029539     
   225.0000       278.451713499045     
   236.2500       278.826106231800     
   247.5000       279.412187596197     
   258.7500       280.187921398422     
   270.0000       281.414771861911     
   281.2500       282.798398253962     
   292.5000       284.153466019989     
   303.7500       285.678808632552     
   315.0000       286.926588822675     
   326.2500       288.154821059206     
   337.5000       289.012357126887     
   348.7500       289.708422020781     
   360.0000       289.858049356561     
