  0.0000000E+00   241.800459204824     
   11.25000       240.192461941603     
   22.50000       238.769291103515     
   33.75000       237.477651992961     
   45.00000       236.462486926802     
   56.25000       235.958804786324     
   67.50000       235.635407862999     
   78.75000       235.854628414378     
   90.00000       236.280060502508     
   101.2500       236.846978167086     
   112.5000       237.618014021208     
   123.7500       238.464105304281     
   135.0000       239.148399869239     
   146.2500       239.785188965169     
   157.5000       240.119011190627     
   168.7500       240.275913392305     
   180.0000       240.311757808816     
   191.2500       240.278503018176     
   202.5000       240.243962630039     
   213.7500       240.319506300653     
   225.0000       240.555160872313     
   236.2500       241.020922701749     
   247.5000       241.697690733429     
   258.7500       242.675241201115     
   270.0000       243.541921784200     
   281.2500       244.560877269694     
   292.5000       245.109230963793     
   303.7500       245.567784638199     
   315.0000       245.492202531312     
   326.2500       245.084919155627     
   337.5000       244.301723862980     
   348.7500       243.064611457294     
   360.0000       241.800459204824     
