  0.0000000E+00   169.723143677740     
   11.25000       169.979382235796     
   22.50000       170.194373933465     
   33.75000       170.396586875890     
   45.00000       170.642626304320     
   56.25000       171.008042333818     
   67.50000       171.423406311958     
   78.75000       171.882701512824     
   90.00000       172.426087405461     
   101.2500       172.926621729380     
   112.5000       173.385578793927     
   123.7500       173.741983868468     
   135.0000       173.976252801301     
   146.2500       173.967379424250     
   157.5000       173.732213269878     
   168.7500       173.181716482082     
   180.0000       172.432725164152     
   191.2500       171.515411576941     
   202.5000       170.424411867222     
   213.7500       169.420491341403     
   225.0000       168.349464858243     
   236.2500       167.538231709128     
   247.5000       166.865893168067     
   258.7500       166.430318995410     
   270.0000       166.317217231896     
   281.2500       166.365550462084     
   292.5000       166.674605204327     
   303.7500       167.147780985205     
   315.0000       167.651607766822     
   326.2500       168.287378393717     
   337.5000       168.873328483157     
   348.7500       169.329752803415     
   360.0000       169.723143677740     
