  0.0000000E+00   237.508425806518     
   11.25000       237.003594469505     
   22.50000       235.998185708051     
   33.75000       234.861735563744     
   45.00000       233.652966734111     
   56.25000       232.301791038167     
   67.50000       230.960389781727     
   78.75000       229.845869060233     
   90.00000       228.778543772677     
   101.2500       228.041359199562     
   112.5000       227.576519554219     
   123.7500       227.311152758804     
   135.0000       227.202036781051     
   146.2500       227.174051145082     
   157.5000       227.162525178712     
   168.7500       227.193713812808     
   180.0000       227.280379377873     
   191.2500       227.407536657693     
   202.5000       227.478883520807     
   213.7500       227.726296687706     
   225.0000       227.821750790686     
   236.2500       228.268259676755     
   247.5000       228.754462380106     
   258.7500       229.542718146903     
   270.0000       230.577832548047     
   281.2500       231.704323756936     
   292.5000       233.150765904839     
   303.7500       234.445844131323     
   315.0000       235.836207302441     
   326.2500       236.856701239232     
   337.5000       237.499846134386     
   348.7500       237.805199861606     
   360.0000       237.508425806518     
