  0.0000000E+00   166.027723188536     
   11.25000       165.038436893775     
   22.50000       164.091260979469     
   33.75000       163.102781242660     
   45.00000       162.224100135399     
   56.25000       161.565116497776     
   67.50000       160.971112124932     
   78.75000       160.776816740581     
   90.00000       160.598653177640     
   101.2500       160.715188769179     
   112.5000       160.923395670807     
   123.7500       161.222086587662     
   135.0000       161.510045588103     
   146.2500       161.701463504435     
   157.5000       161.842975168346     
   168.7500       161.917934494241     
   180.0000       161.984224298511     
   191.2500       162.058707623308     
   202.5000       162.201269533337     
   213.7500       162.411378145908     
   225.0000       162.816449077896     
   236.2500       163.260776267318     
   247.5000       163.912216355873     
   258.7500       164.678923267587     
   270.0000       165.502299885785     
   281.2500       166.338461647636     
   292.5000       167.049979884267     
   303.7500       167.558766522930     
   315.0000       167.841566833629     
   326.2500       167.767471024104     
   337.5000       167.487865038151     
   348.7500       166.814640332244     
   360.0000       166.027723188536     
