  0.0000000E+00   260.002446133167     
   11.25000       260.362190826361     
   22.50000       260.565139874899     
   33.75000       260.918336416749     
   45.00000       260.989910622996     
   56.25000       261.477780262943     
   67.50000       261.738342248375     
   78.75000       262.557413588069     
   90.00000       263.380942063400     
   101.2500       264.476237784876     
   112.5000       265.500293706001     
   123.7500       266.404599563763     
   135.0000       267.160198716087     
   146.2500       267.358112992801     
   157.5000       267.156186678507     
   168.7500       266.384725078555     
   180.0000       265.033446966457     
   191.2500       263.494563797721     
   202.5000       261.648493680426     
   213.7500       259.824829510508     
   225.0000       258.116053164773     
   236.2500       256.656442205823     
   247.5000       255.378627135937     
   258.7500       254.694778371555     
   270.0000       254.424080512686     
   281.2500       254.632647591125     
   292.5000       255.279548827406     
   303.7500       256.148535729398     
   315.0000       257.171280504137     
   326.2500       258.110368745725     
   337.5000       258.944894674780     
   348.7500       259.520218617581     
   360.0000       260.002446133167     
