  0.0000000E+00   165.972730322641     
   11.25000       165.151423635115     
   22.50000       164.193743057101     
   33.75000       163.215980049855     
   45.00000       162.121154400758     
   56.25000       161.273183186982     
   67.50000       160.378837227294     
   78.75000       159.798596758008     
   90.00000       159.355442698617     
   101.2500       159.103106370020     
   112.5000       159.033167800078     
   123.7500       159.087716863426     
   135.0000       159.247652971810     
   146.2500       159.414713745524     
   157.5000       159.556912201032     
   168.7500       159.636882789907     
   180.0000       159.692452021845     
   191.2500       159.715274588333     
   202.5000       159.833541516813     
   213.7500       159.938642728474     
   225.0000       160.275733056464     
   236.2500       160.686232868440     
   247.5000       161.251097182078     
   258.7500       162.012349302952     
   270.0000       162.903059758562     
   281.2500       163.872312786826     
   292.5000       164.868728760014     
   303.7500       165.687532893316     
   315.0000       166.385109847970     
   326.2500       166.688666864126     
   337.5000       166.797357465854     
   348.7500       166.477703401208     
   360.0000       165.972730322641     
