  0.0000000E+00   231.794232429952     
   11.25000       230.853099139554     
   22.50000       229.683252770041     
   33.75000       228.354406103190     
   45.00000       226.970757263387     
   56.25000       225.701289409678     
   67.50000       224.525875729860     
   78.75000       223.787782713725     
   90.00000       223.219037678203     
   101.2500       223.043061685789     
   112.5000       223.189355431883     
   123.7500       223.448822263782     
   135.0000       223.835610827027     
   146.2500       224.163633504468     
   157.5000       224.609217204203     
   168.7500       224.890484744030     
   180.0000       225.088029946173     
   191.2500       225.343155119947     
   202.5000       225.333392795117     
   213.7500       225.452637594392     
   225.0000       225.620728088503     
   236.2500       225.854409931914     
   247.5000       226.334692075536     
   258.7500       226.997583353553     
   270.0000       227.972154825217     
   281.2500       229.015534680857     
   292.5000       230.244847742223     
   303.7500       231.335230923510     
   315.0000       232.231172439537     
   326.2500       232.767631464818     
   337.5000       232.812146193984     
   348.7500       232.538785586909     
   360.0000       231.794232429952     
