  0.0000000E+00   190.973835160268     
   11.25000       190.186163239153     
   22.50000       189.557518688707     
   33.75000       189.117377959926     
   45.00000       188.968968280988     
   56.25000       188.918712180722     
   67.50000       189.147628861748     
   78.75000       189.631083787976     
   90.00000       190.066012271604     
   101.2500       190.704117595946     
   112.5000       191.295048105813     
   123.7500       191.825535497780     
   135.0000       192.238671429578     
   146.2500       192.524837685085     
   157.5000       192.723505004272     
   168.7500       192.893568218512     
   180.0000       193.033881839717     
   191.2500       193.260770482227     
   202.5000       193.517475397978     
   213.7500       193.792501711068     
   225.0000       194.122015023627     
   236.2500       194.404290717894     
   247.5000       194.673917835576     
   258.7500       194.947800923678     
   270.0000       195.140044611338     
   281.2500       195.254454482718     
   292.5000       195.140643213585     
   303.7500       194.823060998298     
   315.0000       194.298182169718     
   326.2500       193.564746015457     
   337.5000       192.739692966176     
   348.7500       191.809483820570     
   360.0000       190.973835160268     
