  0.0000000E+00   127.946348948635     
   11.25000       127.799055364888     
   22.50000       127.649658695678     
   33.75000       127.604650935159     
   45.00000       127.626549261603     
   56.25000       127.639868528829     
   67.50000       127.773650233835     
   78.75000       127.888416181119     
   90.00000       128.049067466015     
   101.2500       128.256973203726     
   112.5000       128.448429806055     
   123.7500       128.650006388522     
   135.0000       128.811864769949     
   146.2500       129.002910881876     
   157.5000       129.190930147899     
   168.7500       129.370943239976     
   180.0000       129.559660613871     
   191.2500       129.769087352951     
   202.5000       129.972453585975     
   213.7500       130.137007714546     
   225.0000       130.282461678170     
   236.2500       130.352830404798     
   247.5000       130.376825408975     
   258.7500       130.354726764957     
   270.0000       130.258673668580     
   281.2500       130.118559795419     
   292.5000       129.853611218905     
   303.7500       129.553242535864     
   315.0000       129.226366554653     
   326.2500       128.849770983550     
   337.5000       128.520498397657     
   348.7500       128.219443082789     
   360.0000       127.946348948635     
