  0.0000000E+00   284.798278622167     
   11.25000       285.067279874729     
   22.50000       285.173456456594     
   33.75000       284.990498735304     
   45.00000       284.678387106361     
   56.25000       284.109651303119     
   67.50000       283.505483708680     
   78.75000       282.666386562803     
   90.00000       281.839031739159     
   101.2500       280.912898929731     
   112.5000       280.070896577438     
   123.7500       279.131339222786     
   135.0000       278.077993215498     
   146.2500       277.136097153853     
   157.5000       275.945303724491     
   168.7500       275.144710514798     
   180.0000       274.197358435362     
   191.2500       273.734633927080     
   202.5000       273.277687407590     
   213.7500       273.216909435812     
   225.0000       273.319457528166     
   236.2500       273.623784662506     
   247.5000       274.309333927431     
   258.7500       275.197398703110     
   270.0000       276.293259704868     
   281.2500       277.798326980802     
   292.5000       279.184421531277     
   303.7500       280.659020022071     
   315.0000       281.837020053655     
   326.2500       282.940741289782     
   337.5000       283.677042383905     
   348.7500       284.413240955647     
   360.0000       284.798278622167     
