  0.0000000E+00   240.977538175720     
   11.25000       239.541987442248     
   22.50000       237.956785333195     
   33.75000       236.491135210003     
   45.00000       234.974342601088     
   56.25000       233.920502943934     
   67.50000       233.132676631878     
   78.75000       232.722717980235     
   90.00000       232.774894389703     
   101.2500       233.079931136177     
   112.5000       233.479471620858     
   123.7500       234.105914660704     
   135.0000       234.658022987712     
   146.2500       235.207489100384     
   157.5000       235.650960842288     
   168.7500       235.909759272065     
   180.0000       236.000804848759     
   191.2500       236.008991856370     
   202.5000       235.993710887045     
   213.7500       236.016771040887     
   225.0000       236.141317968195     
   236.2500       236.580103365577     
   247.5000       237.126984194271     
   258.7500       238.195724514431     
   270.0000       239.263203117962     
   281.2500       240.656819603237     
   292.5000       241.801046627353     
   303.7500       242.743434013158     
   315.0000       243.305851384215     
   326.2500       243.297230972033     
   337.5000       243.014692135241     
   348.7500       242.080375000844     
   360.0000       240.977538175720     
