  0.0000000E+00   294.205712512403     
   11.25000       293.626875166892     
   22.50000       292.437479287049     
   33.75000       291.103572738398     
   45.00000       289.515370504188     
   56.25000       287.905267999373     
   67.50000       286.524262890421     
   78.75000       285.427989119080     
   90.00000       284.613350542310     
   101.2500       284.011803168931     
   112.5000       283.705785977951     
   123.7500       283.529227801851     
   135.0000       283.598240577598     
   146.2500       283.647376970919     
   157.5000       283.845603811370     
   168.7500       283.976619291695     
   180.0000       283.950127931335     
   191.2500       283.929527116991     
   202.5000       283.687039665279     
   213.7500       283.707969315409     
   225.0000       283.595143817930     
   236.2500       283.974229978513     
   247.5000       284.406503601307     
   258.7500       285.266335032816     
   270.0000       286.461451218568     
   281.2500       287.735285663632     
   292.5000       289.302422417202     
   303.7500       290.908999193450     
   315.0000       292.276120441714     
   326.2500       293.539291959894     
   337.5000       294.212813503389     
   348.7500       294.532458824270     
   360.0000       294.205712512403     
