  0.0000000E+00   128.549336639871     
   11.25000       127.974676268767     
   22.50000       127.465067151008     
   33.75000       126.962149449072     
   45.00000       126.531388830799     
   56.25000       126.235402853335     
   67.50000       126.005243167167     
   78.75000       125.895415978442     
   90.00000       125.861717511287     
   101.2500       125.896103749709     
   112.5000       125.957097369478     
   123.7500       126.039115597499     
   135.0000       126.156268552561     
   146.2500       126.279270490502     
   157.5000       126.376976592486     
   168.7500       126.443972762396     
   180.0000       126.536787377337     
   191.2500       126.630343284902     
   202.5000       126.755407339287     
   213.7500       126.950235789071     
   225.0000       127.191005157464     
   236.2500       127.537476037517     
   247.5000       127.923039490813     
   258.7500       128.356721255241     
   270.0000       128.796592455850     
   281.2500       129.151386128673     
   292.5000       129.460519884658     
   303.7500       129.680851276940     
   315.0000       129.721045454118     
   326.2500       129.660514626899     
   337.5000       129.393927671093     
   348.7500       129.004069447346     
   360.0000       128.549336639871     
