  0.0000000E+00   188.160919138487     
   11.25000       187.916413281630     
   22.50000       187.204249389837     
   33.75000       186.386972003786     
   45.00000       185.440066213256     
   56.25000       184.357164892663     
   67.50000       183.362008877908     
   78.75000       182.455185989948     
   90.00000       181.693030100884     
   101.2500       181.130917303267     
   112.5000       180.739817673512     
   123.7500       180.540708267554     
   135.0000       180.496034669202     
   146.2500       180.501642868371     
   157.5000       180.606830431800     
   168.7500       180.763764888437     
   180.0000       180.920316708866     
   191.2500       181.120493159428     
   202.5000       181.277931681085     
   213.7500       181.432097591989     
   225.0000       181.614108219856     
   236.2500       181.839207592061     
   247.5000       182.227528733334     
   258.7500       182.729700093080     
   270.0000       183.456072657229     
   281.2500       184.323808400165     
   292.5000       185.280634955035     
   303.7500       186.162364903432     
   315.0000       187.015475129180     
   326.2500       187.638489770724     
   337.5000       188.077097082939     
   348.7500       188.276904935362     
   360.0000       188.160919138487     
