  0.0000000E+00  2.696840278804302E-002
   11.25000      2.701279893517494E-002
   22.50000      2.696679346263409E-002
   33.75000      2.684607356786728E-002
   45.00000      2.666975930333138E-002
   56.25000      2.639378421008587E-002
   67.50000      2.609360963106155E-002
   78.75000      2.574970200657845E-002
   90.00000      2.537814527750015E-002
   101.2500      2.500415593385696E-002
   112.5000      2.463630773127079E-002
   123.7500      2.430841140449047E-002
   135.0000      2.403957955539227E-002
   146.2500      2.383524179458618E-002
   157.5000      2.372296899557114E-002
   168.7500      2.364772930741310E-002
   180.0000      2.365515008568764E-002
   191.2500      2.372776158154011E-002
   202.5000      2.383397519588470E-002
   213.7500      2.401311695575714E-002
   225.0000      2.421627007424831E-002
   236.2500      2.445310540497303E-002
   247.5000      2.472891472280025E-002
   258.7500      2.499541081488132E-002
   270.0000      2.527931705117226E-002
   281.2500      2.554897218942642E-002
   292.5000      2.581701800227165E-002
   303.7500      2.607475779950619E-002
   315.0000      2.630063891410828E-002
   326.2500      2.653400227427483E-002
   337.5000      2.671924419701099E-002
   348.7500      2.688597328960896E-002
   360.0000      2.696840278804302E-002
