  0.0000000E+00  3.207770735025406E-002
   11.25000      3.218388557434082E-002
   22.50000      3.228806704282761E-002
   33.75000      3.231009095907211E-002
   45.00000      3.225414454936981E-002
   56.25000      3.211044147610664E-002
   67.50000      3.184915706515312E-002
   78.75000      3.150357678532600E-002
   90.00000      3.106682188808918E-002
   101.2500      3.058548830449581E-002
   112.5000      3.011606074869633E-002
   123.7500      2.970435842871666E-002
   135.0000      2.935759536921978E-002
   146.2500      2.916376292705536E-002
   157.5000      2.907536178827286E-002
   168.7500      2.913148514926434E-002
   180.0000      2.929777652025223E-002
   191.2500      2.955956198275089E-002
   202.5000      2.987991087138653E-002
   213.7500      3.023244626820087E-002
   225.0000      3.056926839053631E-002
   236.2500      3.088871017098427E-002
   247.5000      3.114179521799088E-002
   258.7500      3.133766725659370E-002
   270.0000      3.142364323139191E-002
   281.2500      3.148570284247398E-002
   292.5000      3.147257864475250E-002
   303.7500      3.150307759642601E-002
   315.0000      3.154141828417778E-002
   326.2500      3.163138031959534E-002
   337.5000      3.176684305071831E-002
   348.7500      3.190292790532112E-002
   360.0000      3.207770735025406E-002
