  0.0000000E+00  1.198421977460384E-002
   11.25000      1.200108416378498E-002
   22.50000      1.202027779072523E-002
   33.75000      1.200117077678442E-002
   45.00000      1.195412594825029E-002
   56.25000      1.185748726129532E-002
   67.50000      1.172088645398617E-002
   78.75000      1.153863221406937E-002
   90.00000      1.132863294333220E-002
   101.2500      1.110429875552654E-002
   112.5000      1.087641716003418E-002
   123.7500      1.067565660923719E-002
   135.0000      1.049434766173363E-002
   146.2500      1.037865038961172E-002
   157.5000      1.030012033879757E-002
   168.7500      1.029859483242035E-002
   180.0000      1.033688150346279E-002
   191.2500      1.043685898184776E-002
   202.5000      1.057338528335094E-002
   213.7500      1.073330361396074E-002
   225.0000      1.091096736490726E-002
   236.2500      1.108116935938597E-002
   247.5000      1.125000882893801E-002
   258.7500      1.137999631464481E-002
   270.0000      1.150466501712799E-002
   281.2500      1.158434431999922E-002
   292.5000      1.166974101215601E-002
   303.7500      1.171957980841398E-002
   315.0000      1.178688090294600E-002
   326.2500      1.183123700320721E-002
   337.5000      1.189300138503313E-002
   348.7500      1.193127967417240E-002
   360.0000      1.198421977460384E-002
