  0.0000000E+00  3.692159429192543E-002
   11.25000      3.704365342855453E-002
   22.50000      3.709289431571960E-002
   33.75000      3.703551739454269E-002
   45.00000      3.685849905014038E-002
   56.25000      3.658413514494896E-002
   67.50000      3.617049008607864E-002
   78.75000      3.571469336748123E-002
   90.00000      3.517609089612961E-002
   101.2500      3.462279215455055E-002
   112.5000      3.411052003502846E-002
   123.7500      3.363819047808647E-002
   135.0000      3.326963260769844E-002
   146.2500      3.297819197177887E-002
   157.5000      3.286379203200340E-002
   168.7500      3.285950794816017E-002
   180.0000      3.293787688016891E-002
   191.2500      3.319254890084267E-002
   202.5000      3.344838321208954E-002
   213.7500      3.377786278724670E-002
   225.0000      3.413838893175125E-002
   236.2500      3.446405753493309E-002
   247.5000      3.478065878152847E-002
   258.7500      3.504416346549988E-002
   270.0000      3.532328456640244E-002
   281.2500      3.551815822720528E-002
   292.5000      3.574588522315025E-002
   303.7500      3.594134375452995E-002
   315.0000      3.615697100758553E-002
   326.2500      3.638406470417976E-002
   337.5000      3.657490015029907E-002
   348.7500      3.678433224558830E-002
   360.0000      3.692159429192543E-002
