  0.0000000E+00  3.061906062066555E-002
   11.25000      3.081520833075047E-002
   22.50000      3.090819716453552E-002
   33.75000      3.093499317765236E-002
   45.00000      3.083618357777596E-002
   56.25000      3.060168027877808E-002
   67.50000      3.023199550807476E-002
   78.75000      2.977101504802704E-002
   90.00000      2.920977026224136E-002
   101.2500      2.863823994994164E-002
   112.5000      2.807604335248470E-002
   123.7500      2.758136577904224E-002
   135.0000      2.718466334044933E-002
   146.2500      2.691903524100780E-002
   157.5000      2.678645588457584E-002
   168.7500      2.679553069174290E-002
   180.0000      2.692670002579689E-002
   191.2500      2.715724334120750E-002
   202.5000      2.745221741497517E-002
   213.7500      2.778502181172371E-002
   225.0000      2.809356339275837E-002
   236.2500      2.841606736183167E-002
   247.5000      2.867089211940765E-002
   258.7500      2.887818403542042E-002
   270.0000      2.905006892979145E-002
   281.2500      2.916292473673820E-002
   292.5000      2.931711822748184E-002
   303.7500      2.944842353463173E-002
   315.0000      2.966144308447838E-002
   326.2500      2.987664006650448E-002
   337.5000      3.013054654002190E-002
   348.7500      3.039407357573509E-002
   360.0000      3.061906062066555E-002
