  0.0000000E+00  3.074164316058159E-002
   11.25000      3.082638792693615E-002
   22.50000      3.089106641709805E-002
   33.75000      3.087040595710278E-002
   45.00000      3.082733415067196E-002
   56.25000      3.067080304026604E-002
   67.50000      3.043565526604652E-002
   78.75000      3.017771430313587E-002
   90.00000      2.981255389750004E-002
   101.2500      2.943184785544872E-002
   112.5000      2.903631702065468E-002
   123.7500      2.865044213831425E-002
   135.0000      2.832701429724693E-002
   146.2500      2.806412242352962E-002
   157.5000      2.790226042270660E-002
   168.7500      2.785282023251057E-002
   180.0000      2.787179872393608E-002
   191.2500      2.800505608320236E-002
   202.5000      2.819820679724216E-002
   213.7500      2.844651415944099E-002
   225.0000      2.872017771005630E-002
   236.2500      2.899381890892982E-002
   247.5000      2.925284951925278E-002
   258.7500      2.948273718357086E-002
   270.0000      2.968874387443066E-002
   281.2500      2.985009923577309E-002
   292.5000      2.998442761600018E-002
   303.7500      3.009823895990849E-002
   315.0000      3.022509068250656E-002
   326.2500      3.036143630743027E-002
   337.5000      3.049153834581375E-002
   348.7500      3.061841987073421E-002
   360.0000      3.074164316058159E-002
