  0.0000000E+00  5.163254588842392E-002
   11.25000      5.256183445453644E-002
   22.50000      5.336188152432442E-002
   33.75000      5.396566167473793E-002
   45.00000      5.432379245758057E-002
   56.25000      5.440761521458626E-002
   67.50000      5.423962324857712E-002
   78.75000      5.376754701137543E-002
   90.00000      5.306217074394226E-002
   101.2500      5.213797837495804E-002
   112.5000      5.112108588218689E-002
   123.7500      5.006177723407745E-002
   135.0000      4.909393563866615E-002
   146.2500      4.823762550950050E-002
   157.5000      4.754973948001862E-002
   168.7500      4.703892767429352E-002
   180.0000      4.666180908679962E-002
   191.2500      4.642609506845474E-002
   202.5000      4.627345874905586E-002
   213.7500      4.624270275235176E-002
   225.0000      4.619977995753288E-002
   236.2500      4.626407101750374E-002
   247.5000      4.624332487583160E-002
   258.7500      4.631762206554413E-002
   270.0000      4.639326408505440E-002
   281.2500      4.660482704639435E-002
   292.5000      4.690103605389595E-002
   303.7500      4.740355536341667E-002
   315.0000      4.805894941091537E-002
   326.2500      4.883180931210518E-002
   337.5000      4.972857609391212E-002
   348.7500      5.067548155784607E-002
   360.0000      5.163254588842392E-002
