  0.0000000E+00  5.246127769351006E-002
   11.25000      5.284186080098152E-002
   22.50000      5.302233621478081E-002
   33.75000      5.295642092823982E-002
   45.00000      5.266488716006279E-002
   56.25000      5.206812918186188E-002
   67.50000      5.122181400656700E-002
   78.75000      5.017377436161041E-002
   90.00000      4.898000508546829E-002
   101.2500      4.770458117127419E-002
   112.5000      4.648064449429512E-002
   123.7500      4.529642313718796E-002
   135.0000      4.432617127895355E-002
   146.2500      4.357714951038361E-002
   157.5000      4.300303757190704E-002
   168.7500      4.274737834930420E-002
   180.0000      4.265616834163666E-002
   191.2500      4.277643561363220E-002
   202.5000      4.305145889520645E-002
   213.7500      4.345263540744781E-002
   225.0000      4.403910040855408E-002
   236.2500      4.468026384711266E-002
   247.5000      4.540874436497688E-002
   258.7500      4.611594974994659E-002
   270.0000      4.681084677577019E-002
   281.2500      4.750441014766693E-002
   292.5000      4.821724817156792E-002
   303.7500      4.895486310124397E-002
   315.0000      4.971694946289062E-002
   326.2500      5.047824233770370E-002
   337.5000      5.120981484651566E-002
   348.7500      5.188908055424690E-002
   360.0000      5.246127769351006E-002
