  0.0000000E+00  2.575016021728516E-002
   11.25000      2.599282748997211E-002
   22.50000      2.619167417287827E-002
   33.75000      2.630054764449596E-002
   45.00000      2.635365538299084E-002
   56.25000      2.629173919558525E-002
   67.50000      2.612249180674553E-002
   78.75000      2.585488930344582E-002
   90.00000      2.550411596894264E-002
   101.2500      2.510144747793674E-002
   112.5000      2.468575537204742E-002
   123.7500      2.427678182721138E-002
   135.0000      2.394164167344570E-002
   146.2500      2.366039156913757E-002
   157.5000      2.349731326103210E-002
   168.7500      2.341150678694248E-002
   180.0000      2.341578155755997E-002
   191.2500      2.349407970905304E-002
   202.5000      2.358377724885941E-002
   213.7500      2.373109571635723E-002
   225.0000      2.385512366890907E-002
   236.2500      2.400598302483559E-002
   247.5000      2.411298267543316E-002
   258.7500      2.421667613089085E-002
   270.0000      2.428555302321911E-002
   281.2500      2.436335571110249E-002
   292.5000      2.443285658955574E-002
   303.7500      2.456773445010185E-002
   315.0000      2.472558245062828E-002
   326.2500      2.494370937347412E-002
   337.5000      2.520546503365040E-002
   348.7500      2.546414919197559E-002
   360.0000      2.575016021728516E-002
