  0.0000000E+00  4.710420221090317E-002
   11.25000      4.735771566629410E-002
   22.50000      4.742917791008949E-002
   33.75000      4.741926118731499E-002
   45.00000      4.719922319054604E-002
   56.25000      4.679297655820847E-002
   67.50000      4.623432829976082E-002
   78.75000      4.551941901445389E-002
   90.00000      4.471407830715179E-002
   101.2500      4.386465623974800E-002
   112.5000      4.301240667700768E-002
   123.7500      4.227411001920700E-002
   135.0000      4.164840281009674E-002
   146.2500      4.124644398689270E-002
   157.5000      4.103312641382217E-002
   168.7500      4.103434830904007E-002
   180.0000      4.122621938586235E-002
   191.2500      4.153920337557793E-002
   202.5000      4.198674112558365E-002
   213.7500      4.244916141033173E-002
   225.0000      4.297570511698723E-002
   236.2500      4.347084462642670E-002
   247.5000      4.393823072314262E-002
   258.7500      4.432455077767372E-002
   270.0000      4.463633149862289E-002
   281.2500      4.490466043353081E-002
   292.5000      4.516404867172241E-002
   303.7500      4.542970657348633E-002
   315.0000      4.573063179850578E-002
   326.2500      4.608152434229851E-002
   337.5000      4.644205421209335E-002
   348.7500      4.681381583213806E-002
   360.0000      4.710420221090317E-002
