  0.0000000E+00  2.709629572927952E-002
   11.25000      2.735628373920918E-002
   22.50000      2.758556604385376E-002
   33.75000      2.771986089646816E-002
   45.00000      2.778341062366962E-002
   56.25000      2.772781439125538E-002
   67.50000      2.754787355661392E-002
   78.75000      2.724300697445869E-002
   90.00000      2.683329768478870E-002
   101.2500      2.634974010288715E-002
   112.5000      2.583526261150837E-002
   123.7500      2.534895762801170E-002
   135.0000      2.491808496415615E-002
   146.2500      2.457925677299500E-002
   157.5000      2.434989623725414E-002
   168.7500      2.420613728463650E-002
   180.0000      2.419224008917809E-002
   191.2500      2.423449046909809E-002
   202.5000      2.436917088925838E-002
   213.7500      2.452575787901878E-002
   225.0000      2.472942881286144E-002
   236.2500      2.493020705878735E-002
   247.5000      2.510168775916100E-002
   258.7500      2.527903392910957E-002
   270.0000      2.540380135178566E-002
   281.2500      2.555089443922043E-002
   292.5000      2.567692846059799E-002
   303.7500      2.583792619407177E-002
   315.0000      2.601954527199268E-002
   326.2500      2.626252919435501E-002
   337.5000      2.651600167155266E-002
   348.7500      2.681958675384521E-002
   360.0000      2.709629572927952E-002
