  0.0000000E+00  2.616857923567295E-002
   11.25000      2.621070295572281E-002
   22.50000      2.616326510906219E-002
   33.75000      2.605939283967018E-002
   45.00000      2.588485181331635E-002
   56.25000      2.563868463039398E-002
   67.50000      2.533823065459728E-002
   78.75000      2.498976141214371E-002
   90.00000      2.461403049528599E-002
   101.2500      2.423997409641743E-002
   112.5000      2.388191036880016E-002
   123.7500      2.357533387839794E-002
   135.0000      2.332119643688202E-002
   146.2500      2.313141524791718E-002
   157.5000      2.303280867636204E-002
   168.7500      2.299263142049313E-002
   180.0000      2.299566380679607E-002
   191.2500      2.308359369635582E-002
   202.5000      2.318174019455910E-002
   213.7500      2.334595099091530E-002
   225.0000      2.352311462163925E-002
   236.2500      2.374163269996643E-002
   247.5000      2.397711016237736E-002
   258.7500      2.421738766133785E-002
   270.0000      2.448993921279907E-002
   281.2500      2.474752999842167E-002
   292.5000      2.500390633940697E-002
   303.7500      2.525591291487217E-002
   315.0000      2.550289779901505E-002
   326.2500      2.572170458734035E-002
   337.5000      2.591394074261189E-002
   348.7500      2.606783807277679E-002
   360.0000      2.616857923567295E-002
