  0.0000000E+00  4.301280155777931E-002
   11.25000      4.299181327223778E-002
   22.50000      4.285093769431114E-002
   33.75000      4.258500412106514E-002
   45.00000      4.220366850495338E-002
   56.25000      4.172048717737198E-002
   67.50000      4.118739441037178E-002
   78.75000      4.059767350554466E-002
   90.00000      4.002048075199127E-002
   101.2500      3.952026739716530E-002
   112.5000      3.915930166840553E-002
   123.7500      3.898704797029495E-002
   135.0000      3.902633115649223E-002
   146.2500      3.927479311823845E-002
   157.5000      3.970284387469292E-002
   168.7500      4.020848125219345E-002
   180.0000      4.080302640795708E-002
   191.2500      4.140532016754150E-002
   202.5000      4.196369647979736E-002
   213.7500      4.243149980902672E-002
   225.0000      4.280098155140877E-002
   236.2500      4.299276322126389E-002
   247.5000      4.307739809155464E-002
   258.7500      4.306012019515038E-002
   270.0000      4.297007992863655E-002
   281.2500      4.284760728478432E-002
   292.5000      4.273756220936775E-002
   303.7500      4.267566651105881E-002
   315.0000      4.268013313412666E-002
   326.2500      4.274125397205353E-002
   337.5000      4.284785687923431E-002
   348.7500      4.292200878262520E-002
   360.0000      4.301280155777931E-002
