  0.0000000E+00  4.779590666294098E-002
   11.25000      4.782574251294136E-002
   22.50000      4.779825359582901E-002
   33.75000      4.771210625767708E-002
   45.00000      4.749319329857826E-002
   56.25000      4.717861860990524E-002
   67.50000      4.671002551913261E-002
   78.75000      4.619288444519043E-002
   90.00000      4.558219388127327E-002
   101.2500      4.500323534011841E-002
   112.5000      4.445703327655792E-002
   123.7500      4.399016499519348E-002
   135.0000      4.366876929998398E-002
   146.2500      4.349695146083832E-002
   157.5000      4.353295266628265E-002
   168.7500      4.375685006380081E-002
   180.0000      4.412159696221352E-002
   191.2500      4.463594779372215E-002
   202.5000      4.518152028322220E-002
   213.7500      4.577068239450455E-002
   225.0000      4.629635065793991E-002
   236.2500      4.677943140268326E-002
   247.5000      4.716186225414276E-002
   258.7500      4.742176830768585E-002
   270.0000      4.756772518157959E-002
   281.2500      4.759642481803894E-002
   292.5000      4.760498553514481E-002
   303.7500      4.757714271545410E-002
   315.0000      4.757380858063698E-002
   326.2500      4.760593175888062E-002
   337.5000      4.766932874917984E-002
   348.7500      4.774016514420509E-002
   360.0000      4.779590666294098E-002
