  0.0000000E+00  4.893269389867783E-002
   11.25000      4.880784824490547E-002
   22.50000      4.856490716338158E-002
   33.75000      4.820190742611885E-002
   45.00000      4.769087210297585E-002
   56.25000      4.705280438065529E-002
   67.50000      4.626429453492165E-002
   78.75000      4.532864689826965E-002
   90.00000      4.431320726871490E-002
   101.2500      4.328706488013268E-002
   112.5000      4.234251379966736E-002
   123.7500      4.152463003993034E-002
   135.0000      4.093775153160095E-002
   146.2500      4.059457778930664E-002
   157.5000      4.052734375000000E-002
   168.7500      4.075847566127777E-002
   180.0000      4.125258699059486E-002
   191.2500      4.194986075162888E-002
   202.5000      4.286140948534012E-002
   213.7500      4.383040219545364E-002
   225.0000      4.485182091593742E-002
   236.2500      4.576768726110458E-002
   247.5000      4.660519212484360E-002
   258.7500      4.729190468788147E-002
   270.0000      4.782311618328094E-002
   281.2500      4.819098487496376E-002
   292.5000      4.848235100507736E-002
   303.7500      4.865605011582375E-002
   315.0000      4.883763194084167E-002
   326.2500      4.893173649907112E-002
   337.5000      4.899634048342705E-002
   348.7500      4.901323840022087E-002
   360.0000      4.893269389867783E-002
