  0.0000000E+00  2.692325785756111E-002
   11.25000      2.698660455644131E-002
   22.50000      2.698750048875809E-002
   33.75000      2.687810920178890E-002
   45.00000      2.671352028846741E-002
   56.25000      2.644695527851582E-002
   67.50000      2.612037584185600E-002
   78.75000      2.575677260756493E-002
   90.00000      2.535361424088478E-002
   101.2500      2.494866028428078E-002
   112.5000      2.456090599298477E-002
   123.7500      2.420253120362759E-002
   135.0000      2.391142398118973E-002
   146.2500      2.367905527353287E-002
   157.5000      2.353663928806782E-002
   168.7500      2.348143421113491E-002
   180.0000      2.348689548671246E-002
   191.2500      2.358402311801910E-002
   202.5000      2.371803484857082E-002
   213.7500      2.389823459088802E-002
   225.0000      2.412257902324200E-002
   236.2500      2.434878796339035E-002
   247.5000      2.461036853492260E-002
   258.7500      2.487381361424923E-002
   270.0000      2.514571323990822E-002
   281.2500      2.541396953165531E-002
   292.5000      2.566324546933174E-002
   303.7500      2.593508921563625E-002
   315.0000      2.617722563445568E-002
   326.2500      2.641678787767887E-002
   337.5000      2.661012671887875E-002
   348.7500      2.679997868835926E-002
   360.0000      2.692325785756111E-002
