  0.0000000E+00  2.692234702408314E-002
   11.25000      2.694700099527836E-002
   22.50000      2.690466865897179E-002
   33.75000      2.684162743389606E-002
   45.00000      2.669117599725723E-002
   56.25000      2.652614191174507E-002
   67.50000      2.628540433943272E-002
   78.75000      2.601131610572338E-002
   90.00000      2.571091614663601E-002
   101.2500      2.538449503481388E-002
   112.5000      2.507227845489979E-002
   123.7500      2.476075477898121E-002
   135.0000      2.447688579559326E-002
   146.2500      2.424643374979496E-002
   157.5000      2.407264895737171E-002
   168.7500      2.397885918617249E-002
   180.0000      2.395514771342278E-002
   191.2500      2.400987222790718E-002
   202.5000      2.414986118674278E-002
   213.7500      2.432701736688614E-002
   225.0000      2.456781454384327E-002
   236.2500      2.483081445097923E-002
   247.5000      2.509264461696148E-002
   258.7500      2.538535371422768E-002
   270.0000      2.564476802945137E-002
   281.2500      2.589368447661400E-002
   292.5000      2.613064832985401E-002
   303.7500      2.633135393261909E-002
   315.0000      2.651939354836941E-002
   326.2500      2.665637433528900E-002
   337.5000      2.677993103861809E-002
   348.7500      2.687459439039230E-002
   360.0000      2.692234702408314E-002
