  0.0000000E+00  2.783945202827454E-002
   11.25000      2.797847613692284E-002
   22.50000      2.801798097789288E-002
   33.75000      2.800949476659298E-002
   45.00000      2.792475931346416E-002
   56.25000      2.776619419455528E-002
   67.50000      2.753602527081966E-002
   78.75000      2.724955230951309E-002
   90.00000      2.691408246755600E-002
   101.2500      2.654388919472694E-002
   112.5000      2.618070691823959E-002
   123.7500      2.581752091646194E-002
   135.0000      2.550719678401947E-002
   146.2500      2.525004744529724E-002
   157.5000      2.504478767514229E-002
   168.7500      2.495638653635979E-002
   180.0000      2.488961815834045E-002
   191.2500      2.493078634142876E-002
   202.5000      2.500347606837749E-002
   213.7500      2.512024343013763E-002
   225.0000      2.528414130210876E-002
   236.2500      2.544382400810719E-002
   247.5000      2.563720010221004E-002
   258.7500      2.584609389305115E-002
   270.0000      2.604841627180576E-002
   281.2500      2.627345360815525E-002
   292.5000      2.648205310106277E-002
   303.7500      2.671623602509499E-002
   315.0000      2.697303518652916E-002
   326.2500      2.719477936625481E-002
   337.5000      2.744384109973907E-002
   348.7500      2.766123041510582E-002
   360.0000      2.783945202827454E-002
