  0.0000000E+00  2.614734321832657E-002
   11.25000      2.616680040955544E-002
   22.50000      2.610720321536064E-002
   33.75000      2.599691599607468E-002
   45.00000      2.581446617841721E-002
   56.25000      2.556711994111538E-002
   67.50000      2.526909299194813E-002
   78.75000      2.492687478661537E-002
   90.00000      2.456711791455746E-002
   101.2500      2.421258203685284E-002
   112.5000      2.387929335236549E-002
   123.7500      2.359544858336449E-002
   135.0000      2.335753850638866E-002
   146.2500      2.318941056728363E-002
   157.5000      2.309528924524784E-002
   168.7500      2.303921990096569E-002
   180.0000      2.304200641810894E-002
   191.2500      2.311770617961884E-002
   202.5000      2.320179715752602E-002
   213.7500      2.335990220308304E-002
   225.0000      2.352886460721493E-002
   236.2500      2.375035732984543E-002
   247.5000      2.398142591118813E-002
   258.7500      2.423353120684624E-002
   270.0000      2.450942993164062E-002
   281.2500      2.476322837173939E-002
   292.5000      2.502631023526192E-002
   303.7500      2.528198435902596E-002
   315.0000      2.552474290132523E-002
   326.2500      2.573543787002563E-002
   337.5000      2.592093870043755E-002
   348.7500      2.606180496513844E-002
   360.0000      2.614734321832657E-002
