  0.0000000E+00  4.127451032400131E-002
   11.25000      4.169468581676483E-002
   22.50000      4.203101992607117E-002
   33.75000      4.227764159440994E-002
   45.00000      4.238999262452126E-002
   56.25000      4.237556084990501E-002
   67.50000      4.223009571433067E-002
   78.75000      4.192905500531197E-002
   90.00000      4.152308404445648E-002
   101.2500      4.103105515241623E-002
   112.5000      4.049784317612648E-002
   123.7500      3.999019786715508E-002
   135.0000      3.952935338020325E-002
   146.2500      3.917200863361359E-002
   157.5000      3.890737518668175E-002
   168.7500      3.874523565173149E-002
   180.0000      3.869211301207542E-002
   191.2500      3.868246078491211E-002
   202.5000      3.874022141098976E-002
   213.7500      3.886464238166809E-002
   225.0000      3.895604982972145E-002
   236.2500      3.908334299921989E-002
   247.5000      3.913132101297379E-002
   258.7500      3.919836133718491E-002
   270.0000      3.919794410467148E-002
   281.2500      3.925685584545135E-002
   292.5000      3.935901448130608E-002
   303.7500      3.948364779353142E-002
   315.0000      3.975018113851547E-002
   326.2500      4.002756997942924E-002
   337.5000      4.040419682860374E-002
   348.7500      4.085205122828484E-002
   360.0000      4.127451032400131E-002
