  0.0000000E+00  3.134777396917343E-002
   11.25000      3.152032941579819E-002
   22.50000      3.164437413215637E-002
   33.75000      3.169671446084976E-002
   45.00000      3.166722878813744E-002
   56.25000      3.153884783387184E-002
   67.50000      3.135096281766891E-002
   78.75000      3.103919699788094E-002
   90.00000      3.068212047219276E-002
   101.2500      3.027272969484329E-002
   112.5000      2.982786856591702E-002
   123.7500      2.945530414581299E-002
   135.0000      2.911097556352615E-002
   146.2500      2.887258306145668E-002
   157.5000      2.872763015329838E-002
   168.7500      2.867142483592033E-002
   180.0000      2.872479334473610E-002
   191.2500      2.881358191370964E-002
   202.5000      2.897717244923115E-002
   213.7500      2.918515168130398E-002
   225.0000      2.939425036311150E-002
   236.2500      2.962099574506283E-002
   247.5000      2.981802076101303E-002
   258.7500      2.998514287173748E-002
   270.0000      3.011547960340977E-002
   281.2500      3.022561781108379E-002
   292.5000      3.033716976642609E-002
   303.7500      3.045744635164738E-002
   315.0000      3.060090541839600E-002
   326.2500      3.076191991567612E-002
   337.5000      3.095393814146519E-002
   348.7500      3.115566447377205E-002
   360.0000      3.134777396917343E-002
