  0.0000000E+00  2.879833802580833E-002
   11.25000      2.894911356270313E-002
   22.50000      2.904106117784977E-002
   33.75000      2.906312420964241E-002
   45.00000      2.899695001542568E-002
   56.25000      2.882949449121952E-002
   67.50000      2.857919409871101E-002
   78.75000      2.823833748698235E-002
   90.00000      2.782991155982018E-002
   101.2500      2.737855352461338E-002
   112.5000      2.691549435257912E-002
   123.7500      2.646179310977459E-002
   135.0000      2.605144679546356E-002
   146.2500      2.571747452020645E-002
   157.5000      2.546693012118340E-002
   168.7500      2.531986497342587E-002
   180.0000      2.527240104973316E-002
   191.2500      2.530398592352867E-002
   202.5000      2.545435167849064E-002
   213.7500      2.563375607132912E-002
   225.0000      2.587182447314262E-002
   236.2500      2.614228241145611E-002
   247.5000      2.641851454973221E-002
   258.7500      2.673495188355446E-002
   270.0000      2.699517086148262E-002
   281.2500      2.726633846759796E-002
   292.5000      2.752579376101494E-002
   303.7500      2.775488793849945E-002
   315.0000      2.798994444310665E-002
   326.2500      2.819674462080002E-002
   337.5000      2.841214649379253E-002
   348.7500      2.863558195531368E-002
   360.0000      2.879833802580833E-002
