  0.0000000E+00  4.368459060788155E-002
   11.25000      4.386986419558525E-002
   22.50000      4.391521587967873E-002
   33.75000      4.386605694890022E-002
   45.00000      4.364461824297905E-002
   56.25000      4.332144930958748E-002
   67.50000      4.282413795590401E-002
   78.75000      4.217816516757011E-002
   90.00000      4.141419753432274E-002
   101.2500      4.062460362911224E-002
   112.5000      3.986666724085808E-002
   123.7500      3.923372179269791E-002
   135.0000      3.877409920096397E-002
   146.2500      3.851357474923134E-002
   157.5000      3.848311305046082E-002
   168.7500      3.862031549215317E-002
   180.0000      3.893762454390526E-002
   191.2500      3.938797116279602E-002
   202.5000      3.992174565792084E-002
   213.7500      4.052973166108131E-002
   225.0000      4.106912389397621E-002
   236.2500      4.160526394844055E-002
   247.5000      4.194862768054008E-002
   258.7500      4.225197806954384E-002
   270.0000      4.238433763384819E-002
   281.2500      4.247930273413658E-002
   292.5000      4.257120564579964E-002
   303.7500      4.264169931411743E-002
   315.0000      4.278644546866417E-002
   326.2500      4.298161342740059E-002
   337.5000      4.319335892796516E-002
   348.7500      4.345422238111496E-002
   360.0000      4.368459060788155E-002
