  0.0000000E+00  1.081853732466698E-002
   11.25000      1.092122588306665E-002
   22.50000      1.096351537853479E-002
   33.75000      1.097791921347380E-002
   45.00000      1.093445718288422E-002
   56.25000      1.082774344831705E-002
   67.50000      1.066793873906136E-002
   78.75000      1.044713519513607E-002
   90.00000      1.020004414021969E-002
   101.2500      9.918470866978168E-003
   112.5000      9.652801789343357E-003
   123.7500      9.385786950588226E-003
   135.0000      9.172973223030567E-003
   146.2500      8.983412757515907E-003
   157.5000      8.873546496033669E-003
   168.7500      8.797298185527325E-003
   180.0000      8.803494274616241E-003
   191.2500      8.833472616970539E-003
   202.5000      8.934310637414455E-003
   213.7500      9.038590826094151E-003
   225.0000      9.184234775602818E-003
   236.2500      9.326568804681301E-003
   247.5000      9.488138370215893E-003
   258.7500      9.631453081965446E-003
   270.0000      9.780545718967915E-003
   281.2500      9.910036809742451E-003
   292.5000      1.004728209227324E-002
   303.7500      1.017055194824934E-002
   315.0000      1.030343212187290E-002
   326.2500      1.043573115020990E-002
   337.5000      1.057170238345861E-002
   348.7500      1.070708408951759E-002
   360.0000      1.081853732466698E-002
