  0.0000000E+00  2.599375881254673E-002
   11.25000      2.597981132566929E-002
   22.50000      2.591658197343349E-002
   33.75000      2.579442597925663E-002
   45.00000      2.561677619814873E-002
   56.25000      2.539457380771637E-002
   67.50000      2.513260953128338E-002
   78.75000      2.485023066401482E-002
   90.00000      2.456011436879635E-002
   101.2500      2.426979131996632E-002
   112.5000      2.399777248501778E-002
   123.7500      2.375114895403385E-002
   135.0000      2.353673987090588E-002
   146.2500      2.336314506828785E-002
   157.5000      2.321592904627323E-002
   168.7500      2.313528209924698E-002
   180.0000      2.311987988650799E-002
   191.2500      2.314152009785175E-002
   202.5000      2.323817089200020E-002
   213.7500      2.337896265089512E-002
   225.0000      2.355398423969746E-002
   236.2500      2.379381284117699E-002
   247.5000      2.403144724667072E-002
   258.7500      2.430968359112740E-002
   270.0000      2.456576004624367E-002
   281.2500      2.483484894037247E-002
   292.5000      2.510102093219757E-002
   303.7500      2.532825060188770E-002
   315.0000      2.554422244429588E-002
   326.2500      2.572397515177727E-002
   337.5000      2.586655691266060E-002
   348.7500      2.595179900527000E-002
   360.0000      2.599375881254673E-002
