  0.0000000E+00  2.262973226606846E-002
   11.25000      2.272084355354309E-002
   22.50000      2.277005463838577E-002
   33.75000      2.277574874460697E-002
   45.00000      2.270979993045330E-002
   56.25000      2.259699814021587E-002
   67.50000      2.238902635872364E-002
   78.75000      2.212704904377460E-002
   90.00000      2.178587578237057E-002
   101.2500      2.143552340567112E-002
   112.5000      2.106013149023056E-002
   123.7500      2.072690799832344E-002
   135.0000      2.045042440295219E-002
   146.2500      2.024997398257256E-002
   157.5000      2.015201933681965E-002
   168.7500      2.014907263219357E-002
   180.0000      2.022553607821465E-002
   191.2500      2.038181945681572E-002
   202.5000      2.060147561132908E-002
   213.7500      2.084983885288239E-002
   225.0000      2.113522961735725E-002
   236.2500      2.137454971671104E-002
   247.5000      2.161523699760437E-002
   258.7500      2.178612537682056E-002
   270.0000      2.193228341639042E-002
   281.2500      2.201552502810955E-002
   292.5000      2.209294028580189E-002
   303.7500      2.214254625141621E-002
   315.0000      2.220891602337360E-002
   326.2500      2.230722829699516E-002
   337.5000      2.240109257400036E-002
   348.7500      2.251980639994144E-002
   360.0000      2.262973226606846E-002
