  0.0000000E+00  3.116554394364357E-002
   11.25000      3.131799399852753E-002
   22.50000      3.143063932657242E-002
   33.75000      3.147398307919502E-002
   45.00000      3.144510835409164E-002
   56.25000      3.130258247256279E-002
   67.50000      3.112287074327469E-002
   78.75000      3.082115575671196E-002
   90.00000      3.045747429132462E-002
   101.2500      3.006759099662304E-002
   112.5000      2.962408401072025E-002
   123.7500      2.924281358718872E-002
   135.0000      2.890330925583839E-002
   146.2500      2.865443192422390E-002
   157.5000      2.851443365216255E-002
   168.7500      2.845749445259571E-002
   180.0000      2.851053141057491E-002
   191.2500      2.862405590713024E-002
   202.5000      2.879222296178341E-002
   213.7500      2.901679277420044E-002
   225.0000      2.924128621816635E-002
   236.2500      2.947756648063660E-002
   247.5000      2.969351038336754E-002
   258.7500      2.987893484532833E-002
   270.0000      3.002562187612057E-002
   281.2500      3.013976849615574E-002
   292.5000      3.024769201874733E-002
   303.7500      3.035901859402657E-002
   315.0000      3.049305826425552E-002
   326.2500      3.063918836414814E-002
   337.5000      3.080849535763264E-002
   348.7500      3.099247813224792E-002
   360.0000      3.116554394364357E-002
