  0.0000000E+00  4.555525258183479E-002
   11.25000      4.595091566443443E-002
   22.50000      4.625442624092102E-002
   33.75000      4.637989774346352E-002
   45.00000      4.638503491878510E-002
   56.25000      4.617525264620781E-002
   67.50000      4.574059322476387E-002
   78.75000      4.513949528336525E-002
   90.00000      4.435835033655167E-002
   101.2500      4.351365566253662E-002
   112.5000      4.263777658343315E-002
   123.7500      4.182620719075203E-002
   135.0000      4.113608971238136E-002
   146.2500      4.057749360799789E-002
   157.5000      4.021861776709557E-002
   168.7500      4.000886157155037E-002
   180.0000      3.999634459614754E-002
   191.2500      4.012606665492058E-002
   202.5000      4.037903994321823E-002
   213.7500      4.072535410523415E-002
   225.0000      4.112307354807854E-002
   236.2500      4.152835533022881E-002
   247.5000      4.190756380558014E-002
   258.7500      4.224533215165138E-002
   270.0000      4.255942255258560E-002
   281.2500      4.284385964274406E-002
   292.5000      4.311110079288483E-002
   303.7500      4.342616721987724E-002
   315.0000      4.376098513603210E-002
   326.2500      4.419647529721260E-002
   337.5000      4.461523517966270E-002
   348.7500      4.511493444442749E-002
   360.0000      4.555525258183479E-002
