  0.0000000E+00  1.043649483472109E-002
   11.25000      1.052808202803135E-002
   22.50000      1.058435440063477E-002
   33.75000      1.060934271663427E-002
   45.00000      1.059290766716003E-002
   56.25000      1.051462441682816E-002
   67.50000      1.039563305675983E-002
   78.75000      1.021450664848089E-002
   90.00000      1.000742614269257E-002
   101.2500      9.758324362337589E-003
   112.5000      9.518012404441833E-003
   123.7500      9.269630536437035E-003
   135.0000      9.067079983651638E-003
   146.2500      8.882318623363972E-003
   157.5000      8.763693273067474E-003
   168.7500      8.670573122799397E-003
   180.0000      8.651495911180973E-003
   191.2500      8.655196987092495E-003
   202.5000      8.728375658392906E-003
   213.7500      8.807240054011345E-003
   225.0000      8.927047252655029E-003
   236.2500      9.051188826560974E-003
   247.5000      9.195990860462189E-003
   258.7500      9.331377223134041E-003
   270.0000      9.474042803049088E-003
   281.2500      9.602283127605915E-003
   292.5000      9.730351157486439E-003
   303.7500      9.856182150542736E-003
   315.0000      9.976988658308983E-003
   326.2500      1.010544877499342E-002
   337.5000      1.021618675440550E-002
   348.7500      1.034142635762691E-002
   360.0000      1.043649483472109E-002
