  0.0000000E+00  2.965478785336018E-002
   11.25000      2.991044148802757E-002
   22.50000      3.007622994482517E-002
   33.75000      3.016300126910210E-002
   45.00000      3.009717166423798E-002
   56.25000      2.991650253534317E-002
   67.50000      2.957682684063911E-002
   78.75000      2.912407182157040E-002
   90.00000      2.856978401541710E-002
   101.2500      2.796277217566967E-002
   112.5000      2.735470049083233E-002
   123.7500      2.680902555584908E-002
   135.0000      2.636213973164558E-002
   146.2500      2.604529075324535E-002
   157.5000      2.586630918085575E-002
   168.7500      2.582460083067417E-002
   180.0000      2.589555457234383E-002
   191.2500      2.608685567975044E-002
   202.5000      2.633644826710224E-002
   213.7500      2.663743868470192E-002
   225.0000      2.695484273135662E-002
   236.2500      2.724333666265011E-002
   247.5000      2.752204053103924E-002
   258.7500      2.770891599357128E-002
   270.0000      2.789989113807678E-002
   281.2500      2.801424264907837E-002
   292.5000      2.815991640090942E-002
   303.7500      2.830879576504230E-002
   315.0000      2.850235626101494E-002
   326.2500      2.876789867877960E-002
   337.5000      2.904709056019783E-002
   348.7500      2.936856262385845E-002
   360.0000      2.965478785336018E-002
