  0.0000000E+00  1.249268371611834E-002
   11.25000      1.256743259727955E-002
   22.50000      1.263424009084702E-002
   33.75000      1.264495123177767E-002
   45.00000      1.261619012802839E-002
   56.25000      1.252665836364031E-002
   67.50000      1.239543594419956E-002
   78.75000      1.220771670341492E-002
   90.00000      1.199441030621529E-002
   101.2500      1.175502967089415E-002
   112.5000      1.152900140732527E-002
   123.7500      1.131843123584986E-002
   135.0000      1.115159224718809E-002
   146.2500      1.103008817881346E-002
   157.5000      1.096058171242476E-002
   168.7500      1.095461659133434E-002
   180.0000      1.098235044628382E-002
   191.2500      1.107034925371408E-002
   202.5000      1.116537395864725E-002
   213.7500      1.130254287272692E-002
   225.0000      1.142065692692995E-002
   236.2500      1.154036819934845E-002
   247.5000      1.165075227618217E-002
   258.7500      1.174083724617958E-002
   270.0000      1.181902922689915E-002
   281.2500      1.187794189900160E-002
   292.5000      1.194398850202560E-002
   303.7500      1.199952792376280E-002
   315.0000      1.208597607910633E-002
   326.2500      1.216495782136917E-002
   337.5000      1.228207349777222E-002
   348.7500      1.237709075212479E-002
   360.0000      1.249268371611834E-002
