  0.0000000E+00  1.291068363934755E-002
   11.25000      1.298795454204082E-002
   22.50000      1.306065544486046E-002
   33.75000      1.307830587029457E-002
   45.00000      1.305475644767284E-002
   56.25000      1.296480093151331E-002
   67.50000      1.283114403486252E-002
   78.75000      1.264216564595699E-002
   90.00000      1.243323180824518E-002
   101.2500      1.219640951603651E-002
   112.5000      1.197104062885046E-002
   123.7500      1.175018493086100E-002
   135.0000      1.157369464635849E-002
   146.2500      1.143006980419159E-002
   157.5000      1.134497020393610E-002
   168.7500      1.130072865635157E-002
   180.0000      1.130524184554815E-002
   191.2500      1.135352998971939E-002
   202.5000      1.142170000821352E-002
   213.7500      1.152821350842714E-002
   225.0000      1.162283401936293E-002
   236.2500      1.173832919448614E-002
   247.5000      1.182969193905592E-002
   258.7500      1.192290801554918E-002
   270.0000      1.200673729181290E-002
   281.2500      1.208863593637943E-002
   292.5000      1.217884290963411E-002
   303.7500      1.227560639381409E-002
   315.0000      1.239541359245777E-002
   326.2500      1.251525338739157E-002
   337.5000      1.265831105411053E-002
   348.7500      1.277925260365009E-002
   360.0000      1.291068363934755E-002
