  0.0000000E+00  2.733774855732918E-002
   11.25000      2.746425941586494E-002
   22.50000      2.755625173449516E-002
   33.75000      2.755878865718842E-002
   45.00000      2.750533446669579E-002
   56.25000      2.735904976725578E-002
   67.50000      2.713498473167419E-002
   78.75000      2.682705596089363E-002
   90.00000      2.648211456835270E-002
   101.2500      2.611017413437366E-002
   112.5000      2.573086321353912E-002
   123.7500      2.540340088307858E-002
   135.0000      2.508548833429813E-002
   146.2500      2.487116493284702E-002
   157.5000      2.470552362501621E-002
   168.7500      2.461932785809040E-002
   180.0000      2.462604641914368E-002
   191.2500      2.467690035700798E-002
   202.5000      2.480357885360718E-002
   213.7500      2.496566809713840E-002
   225.0000      2.514116279780865E-002
   236.2500      2.534873783588409E-002
   247.5000      2.553780749440193E-002
   258.7500      2.572776377201080E-002
   270.0000      2.590559236705303E-002
   281.2500      2.606008388102055E-002
   292.5000      2.625201456248760E-002
   303.7500      2.641943469643593E-002
   315.0000      2.659553848206997E-002
   326.2500      2.679871767759323E-002
   337.5000      2.698242105543613E-002
   348.7500      2.717979438602924E-002
   360.0000      2.733774855732918E-002
