  0.0000000E+00  1.305271498858929E-002
   11.25000      1.313183829188347E-002
   22.50000      1.320875994861126E-002
   33.75000      1.322829257696867E-002
   45.00000      1.320486422628164E-002
   56.25000      1.311497576534748E-002
   67.50000      1.298324484378099E-002
   78.75000      1.279722712934017E-002
   90.00000      1.258979085832834E-002
   101.2500      1.235052011907101E-002
   112.5000      1.212011091411114E-002
   123.7500      1.189149823039770E-002
   135.0000      1.170695200562477E-002
   146.2500      1.155165676027536E-002
   157.5000      1.145521085709333E-002
   168.7500      1.139664091169834E-002
   180.0000      1.139333285391331E-002
   191.2500      1.142843812704086E-002
   202.5000      1.149203628301620E-002
   213.7500      1.159117650240660E-002
   225.0000      1.168523356318474E-002
   236.2500      1.180250849574804E-002
   247.5000      1.189144793897867E-002
   258.7500      1.199523452669382E-002
   270.0000      1.208600308746099E-002
   281.2500      1.218118611723185E-002
   292.5000      1.228326931595802E-002
   303.7500      1.239376328885555E-002
   315.0000      1.252173632383347E-002
   326.2500      1.265073753893375E-002
   337.5000      1.279708556830883E-002
   348.7500      1.292251981794834E-002
   360.0000      1.305271498858929E-002
