  0.0000000E+00  1.596001535654068E-002
   11.25000      1.598549634218216E-002
   22.50000      1.598552241921425E-002
   33.75000      1.593496277928352E-002
   45.00000      1.582847908139229E-002
   56.25000      1.568128354847431E-002
   67.50000      1.546816248446703E-002
   78.75000      1.523220818489790E-002
   90.00000      1.495103444904089E-002
   101.2500      1.466655079275370E-002
   112.5000      1.438235770910978E-002
   123.7500      1.412700582295656E-002
   135.0000      1.391222141683102E-002
   146.2500      1.375399250537157E-002
   157.5000      1.366343256086111E-002
   168.7500      1.364500727504492E-002
   180.0000      1.369395386427641E-002
   191.2500      1.379747129976749E-002
   202.5000      1.396153587847948E-002
   213.7500      1.414256263524294E-002
   225.0000      1.437297649681568E-002
   236.2500      1.457831729203463E-002
   247.5000      1.478823926299810E-002
   258.7500      1.497782487422228E-002
   270.0000      1.515314448624849E-002
   281.2500      1.529830601066351E-002
   292.5000      1.543280016630888E-002
   303.7500      1.553510781377554E-002
   315.0000      1.564477011561394E-002
   326.2500      1.572727225720882E-002
   337.5000      1.583006232976913E-002
   348.7500      1.588966697454453E-002
   360.0000      1.596001535654068E-002
