  0.0000000E+00  2.606576308608055E-002
   11.25000      2.614866755902767E-002
   22.50000      2.616807073354721E-002
   33.75000      2.615476585924625E-002
   45.00000      2.606209181249142E-002
   56.25000      2.591542527079582E-002
   67.50000      2.571758255362511E-002
   78.75000      2.545319870114326E-002
   90.00000      2.513680979609489E-002
   101.2500      2.478434704244137E-002
   112.5000      2.439883910119534E-002
   123.7500      2.403842099010944E-002
   135.0000      2.368788979947567E-002
   146.2500      2.337802201509476E-002
   157.5000      2.314131148159504E-002
   168.7500      2.295754477381706E-002
   180.0000      2.286667749285698E-002
   191.2500      2.282634936273098E-002
   202.5000      2.288490533828735E-002
   213.7500      2.301331236958504E-002
   225.0000      2.320624142885208E-002
   236.2500      2.345716767013073E-002
   247.5000      2.373960614204407E-002
   258.7500      2.403224445879459E-002
   270.0000      2.432990819215775E-002
   281.2500      2.462747879326344E-002
   292.5000      2.489577792584896E-002
   303.7500      2.515126019716263E-002
   315.0000      2.538202144205570E-002
   326.2500      2.559540979564190E-002
   337.5000      2.579058706760406E-002
   348.7500      2.593676373362541E-002
   360.0000      2.606576308608055E-002
