  0.0000000E+00  2.855275385081768E-002
   11.25000      2.885038219392300E-002
   22.50000      2.905168384313583E-002
   33.75000      2.919746935367584E-002
   45.00000      2.921656146645546E-002
   56.25000      2.909171581268311E-002
   67.50000      2.882120199501514E-002
   78.75000      2.841935493052006E-002
   90.00000      2.791013382375240E-002
   101.2500      2.733936533331871E-002
   112.5000      2.675115503370762E-002
   123.7500      2.619551122188568E-002
   135.0000      2.571867033839226E-002
   146.2500      2.536050044000149E-002
   157.5000      2.512341551482677E-002
   168.7500      2.503483183681965E-002
   180.0000      2.505389787256718E-002
   191.2500      2.517712116241455E-002
   202.5000      2.538347430527210E-002
   213.7500      2.560668438673019E-002
   225.0000      2.590122818946838E-002
   236.2500      2.614871971309185E-002
   247.5000      2.641954831779003E-002
   258.7500      2.661278843879700E-002
   270.0000      2.678570523858070E-002
   281.2500      2.692927233874798E-002
   292.5000      2.705302834510803E-002
   303.7500      2.722673863172531E-002
   315.0000      2.740448899567127E-002
   326.2500      2.765320613980293E-002
   337.5000      2.792802266776562E-002
   348.7500      2.824568375945091E-002
   360.0000      2.855275385081768E-002
