  0.0000000E+00  9.500101208686829E-003
   11.25000      9.560320526361465E-003
   22.50000      9.593610651791096E-003
   33.75000      9.592945687472820E-003
   45.00000      9.563030675053596E-003
   56.25000      9.478610008955002E-003
   67.50000      9.366984479129314E-003
   78.75000      9.212050586938858E-003
   90.00000      9.049235843122005E-003
   101.2500      8.864209055900574E-003
   112.5000      8.697407320141792E-003
   123.7500      8.532988838851452E-003
   135.0000      8.409681729972363E-003
   146.2500      8.309075608849525E-003
   157.5000      8.258627727627754E-003
   168.7500      8.237201720476151E-003
   180.0000      8.260403759777546E-003
   191.2500      8.303394541144371E-003
   202.5000      8.383676409721375E-003
   213.7500      8.468098007142544E-003
   225.0000      8.554426953196526E-003
   236.2500      8.652073331177235E-003
   247.5000      8.728585205972195E-003
   258.7500      8.810802362859249E-003
   270.0000      8.871004916727543E-003
   281.2500      8.938940241932869E-003
   292.5000      9.000943042337894E-003
   303.7500      9.069145657122135E-003
   315.0000      9.147928096354008E-003
   326.2500      9.235779754817486E-003
   337.5000      9.328329935669899E-003
   348.7500      9.418485686182976E-003
   360.0000      9.500101208686829E-003
