  0.0000000E+00  2.894473634660244E-002
   11.25000      2.910642139613628E-002
   22.50000      2.918888814747334E-002
   33.75000      2.920980192720890E-002
   45.00000      2.913012914359570E-002
   56.25000      2.895420975983143E-002
   67.50000      2.869193069636822E-002
   78.75000      2.833407372236252E-002
   90.00000      2.791310101747513E-002
   101.2500      2.744965068995953E-002
   112.5000      2.697231993079185E-002
   123.7500      2.650733478367329E-002
   135.0000      2.609713934361935E-002
   146.2500      2.576632983982563E-002
   157.5000      2.552474290132523E-002
   168.7500      2.539116330444813E-002
   180.0000      2.535249479115009E-002
   191.2500      2.540921606123447E-002
   202.5000      2.556671202182770E-002
   213.7500      2.574863284826279E-002
   225.0000      2.601411379873753E-002
   236.2500      2.628324925899506E-002
   247.5000      2.657628990709782E-002
   258.7500      2.688250690698624E-002
   270.0000      2.713264897465706E-002
   281.2500      2.741197682917118E-002
   292.5000      2.765446342527866E-002
   303.7500      2.787822484970093E-002
   315.0000      2.810898236930370E-002
   326.2500      2.832020632922649E-002
   337.5000      2.855692058801651E-002
   348.7500      2.877622842788696E-002
   360.0000      2.894473634660244E-002
