  0.0000000E+00  2.029265463352203E-002
   11.25000      2.046749182045460E-002
   22.50000      2.060078084468842E-002
   33.75000      2.064695395529270E-002
   45.00000      2.062108926475048E-002
   56.25000      2.047647349536419E-002
   67.50000      2.024518884718418E-002
   78.75000      1.991835236549377E-002
   90.00000      1.952087320387363E-002
   101.2500      1.907756552100182E-002
   112.5000      1.863977685570717E-002
   123.7500      1.822270825505257E-002
   135.0000      1.787686720490456E-002
   146.2500      1.761124841868877E-002
   157.5000      1.744288951158524E-002
   168.7500      1.737242192029953E-002
   180.0000      1.737737283110619E-002
   191.2500      1.747840084135532E-002
   202.5000      1.762846857309341E-002
   213.7500      1.784443482756615E-002
   225.0000      1.806170865893364E-002
   236.2500      1.829738169908524E-002
   247.5000      1.852746494114399E-002
   258.7500      1.870167441666126E-002
   270.0000      1.887289807200432E-002
   281.2500      1.900982297956944E-002
   292.5000      1.913321577012539E-002
   303.7500      1.929652132093906E-002
   315.0000      1.944547891616821E-002
   326.2500      1.965858787298203E-002
   337.5000      1.984453946352005E-002
   348.7500      2.007867582142353E-002
   360.0000      2.029265463352203E-002
