  0.0000000E+00  2.579429373145103E-002
   11.25000      2.592336386442184E-002
   22.50000      2.600647322833538E-002
   33.75000      2.601782791316509E-002
   45.00000      2.596614696085453E-002
   56.25000      2.582630142569542E-002
   67.50000      2.561749517917633E-002
   78.75000      2.534572221338749E-002
   90.00000      2.502561733126640E-002
   101.2500      2.470223978161812E-002
   112.5000      2.437205798923969E-002
   123.7500      2.406150288879871E-002
   135.0000      2.378154359757900E-002
   146.2500      2.356726862490177E-002
   157.5000      2.341496758162975E-002
   168.7500      2.332744002342224E-002
   180.0000      2.329633012413979E-002
   191.2500      2.332837134599686E-002
   202.5000      2.342275716364384E-002
   213.7500      2.355360612273216E-002
   225.0000      2.372471056878567E-002
   236.2500      2.390004880726337E-002
   247.5000      2.406371012330055E-002
   258.7500      2.425768226385117E-002
   270.0000      2.443836629390717E-002
   281.2500      2.460168302059174E-002
   292.5000      2.478148415684700E-002
   303.7500      2.494953759014606E-002
   315.0000      2.512418478727341E-002
   326.2500      2.530162036418915E-002
   337.5000      2.545708045363426E-002
   348.7500      2.565586939454079E-002
   360.0000      2.579429373145103E-002
