  0.0000000E+00  9.695538319647312E-003
   11.25000      9.759247303009033E-003
   22.50000      9.794201701879501E-003
   33.75000      9.793980978429317E-003
   45.00000      9.764014743268490E-003
   56.25000      9.681245312094688E-003
   67.50000      9.575366042554379E-003
   78.75000      9.426201693713665E-003
   90.00000      9.267427027225494E-003
   101.2500      9.082745760679245E-003
   112.5000      8.913054130971432E-003
   123.7500      8.740681223571301E-003
   135.0000      8.608408272266388E-003
   146.2500      8.491453714668751E-003
   157.5000      8.425464853644371E-003
   168.7500      8.382268249988556E-003
   180.0000      8.386769331991673E-003
   191.2500      8.413488976657391E-003
   202.5000      8.476826362311840E-003
   213.7500      8.542698808014393E-003
   225.0000      8.620865643024445E-003
   236.2500      8.705738931894302E-003
   247.5000      8.781527169048786E-003
   258.7500      8.867700584232807E-003
   270.0000      8.937824517488480E-003
   281.2500      9.025149047374725E-003
   292.5000      9.101066738367081E-003
   303.7500      9.196934290230274E-003
   315.0000      9.296385571360588E-003
   326.2500      9.401871822774410E-003
   337.5000      9.508120827376842E-003
   348.7500      9.609205648303032E-003
   360.0000      9.695538319647312E-003
