  0.0000000E+00  3.546863421797752E-002
   11.25000      3.569606319069862E-002
   22.50000      3.584268689155579E-002
   33.75000      3.589527681469917E-002
   45.00000      3.582144528627396E-002
   56.25000      3.559457138180733E-002
   67.50000      3.526490554213524E-002
   78.75000      3.480239957571030E-002
   90.00000      3.425966575741768E-002
   101.2500      3.364612534642220E-002
   112.5000      3.302469477057457E-002
   123.7500      3.247127681970596E-002
   135.0000      3.193878754973412E-002
   146.2500      3.157541155815125E-002
   157.5000      3.133281692862511E-002
   168.7500      3.120403178036213E-002
   180.0000      3.123174421489239E-002
   191.2500      3.136288002133369E-002
   202.5000      3.158520534634590E-002
   213.7500      3.184108436107635E-002
   225.0000      3.219593688845634E-002
   236.2500      3.251070529222488E-002
   247.5000      3.282986581325531E-002
   258.7500      3.313519433140755E-002
   270.0000      3.338577598333359E-002
   281.2500      3.364602476358414E-002
   292.5000      3.384731709957123E-002
   303.7500      3.409176692366600E-002
   315.0000      3.433579578995705E-002
   326.2500      3.460502624511719E-002
   337.5000      3.490024432539940E-002
   348.7500      3.518976643681526E-002
   360.0000      3.546863421797752E-002
