  0.0000000E+00  2.999773807823658E-002
   11.25000      3.023610450327396E-002
   22.50000      3.037820011377335E-002
   33.75000      3.043653815984726E-002
   45.00000      3.035798482596874E-002
   56.25000      3.015954792499542E-002
   67.50000      2.980236522853374E-002
   78.75000      2.934161387383938E-002
   90.00000      2.877791784703732E-002
   101.2500      2.817221172153950E-002
   112.5000      2.757538110017776E-002
   123.7500      2.704605832695961E-002
   135.0000      2.661597542464733E-002
   146.2500      2.631778828799725E-002
   157.5000      2.615557797253132E-002
   168.7500      2.612893469631672E-002
   180.0000      2.622221410274506E-002
   191.2500      2.642998099327087E-002
   202.5000      2.669592015445232E-002
   213.7500      2.701581083238125E-002
   225.0000      2.732957713305950E-002
   236.2500      2.762996591627598E-002
   247.5000      2.790223434567451E-002
   258.7500      2.809474058449268E-002
   270.0000      2.828264608979225E-002
   281.2500      2.839049324393272E-002
   292.5000      2.854195050895214E-002
   303.7500      2.868415787816048E-002
   315.0000      2.889057435095310E-002
   326.2500      2.914788015186787E-002
   337.5000      2.942148968577385E-002
   348.7500      2.973097562789917E-002
   360.0000      2.999773807823658E-002
