  0.0000000E+00  2.695885859429836E-002
   11.25000      2.701771259307861E-002
   22.50000      2.703463286161423E-002
   33.75000      2.701172977685928E-002
   45.00000      2.691189944744110E-002
   56.25000      2.678107097744942E-002
   67.50000      2.657784149050713E-002
   78.75000      2.634388022124767E-002
   90.00000      2.602939121425152E-002
   101.2500      2.569767460227013E-002
   112.5000      2.533777058124542E-002
   123.7500      2.498179860413074E-002
   135.0000      2.468315698206425E-002
   146.2500      2.442940510809422E-002
   157.5000      2.426097728312016E-002
   168.7500      2.418248541653156E-002
   180.0000      2.418174967169762E-002
   191.2500      2.425713837146759E-002
   202.5000      2.439383417367935E-002
   213.7500      2.458432130515575E-002
   225.0000      2.482168935239315E-002
   236.2500      2.506167627871037E-002
   247.5000      2.533429861068726E-002
   258.7500      2.557880990207195E-002
   270.0000      2.580292150378227E-002
   281.2500      2.602812089025974E-002
   292.5000      2.619767002761364E-002
   303.7500      2.635833434760571E-002
   315.0000      2.650172263383865E-002
   326.2500      2.663175389170647E-002
   337.5000      2.676658891141415E-002
   348.7500      2.686215937137604E-002
   360.0000      2.695885859429836E-002
