  0.0000000E+00  3.040323592722416E-002
   11.25000      3.043775260448456E-002
   22.50000      3.042955882847309E-002
   33.75000      3.037501499056816E-002
   45.00000      3.020202927291393E-002
   56.25000      3.001541644334793E-002
   67.50000      2.973183616995811E-002
   78.75000      2.938902191817760E-002
   90.00000      2.903715521097183E-002
   101.2500      2.864360436797142E-002
   112.5000      2.825612016022205E-002
   123.7500      2.789801917970181E-002
   135.0000      2.758344262838364E-002
   146.2500      2.735800296068192E-002
   157.5000      2.719709835946560E-002
   168.7500      2.712580561637878E-002
   180.0000      2.714395709335804E-002
   191.2500      2.724417671561241E-002
   202.5000      2.742217481136322E-002
   213.7500      2.765650115907192E-002
   225.0000      2.793690003454685E-002
   236.2500      2.823447994887829E-002
   247.5000      2.853999100625515E-002
   258.7500      2.882021665573120E-002
   270.0000      2.907180599868298E-002
   281.2500      2.929142862558365E-002
   292.5000      2.948489598929882E-002
   303.7500      2.968251332640648E-002
   315.0000      2.984659373760223E-002
   326.2500      2.998368628323078E-002
   337.5000      3.016533143818378E-002
   348.7500      3.028987348079681E-002
   360.0000      3.040323592722416E-002
