  0.0000000E+00  4.386803135275841E-002
   11.25000      4.402009397745132E-002
   22.50000      4.404327273368835E-002
   33.75000      4.399164766073227E-002
   45.00000      4.377902299165726E-002
   56.25000      4.348379001021385E-002
   67.50000      4.299431666731834E-002
   78.75000      4.236821830272675E-002
   90.00000      4.163943976163864E-002
   101.2500      4.089580848813057E-002
   112.5000      4.018600285053253E-002
   123.7500      3.960593417286873E-002
   135.0000      3.918794542551041E-002
   146.2500      3.897356986999512E-002
   157.5000      3.897137567400932E-002
   168.7500      3.914383426308632E-002
   180.0000      3.950392454862595E-002
   191.2500      3.997270762920380E-002
   202.5000      4.054115712642670E-002
   213.7500      4.115306213498116E-002
   225.0000      4.170233383774757E-002
   236.2500      4.222521558403969E-002
   247.5000      4.255528748035431E-002
   258.7500      4.282939806580544E-002
   270.0000      4.292553663253784E-002
   281.2500      4.301097616553307E-002
   292.5000      4.304277896881104E-002
   303.7500      4.306139424443245E-002
   315.0000      4.316316917538643E-002
   326.2500      4.329058527946472E-002
   337.5000      4.346320778131485E-002
   348.7500      4.368047788739204E-002
   360.0000      4.386803135275841E-002
