  0.0000000E+00  3.273320943117142E-002
   11.25000      3.293612971901894E-002
   22.50000      3.308470919728279E-002
   33.75000      3.314230963587761E-002
   45.00000      3.311388194561005E-002
   56.25000      3.300099447369576E-002
   67.50000      3.279182687401772E-002
   78.75000      3.247163444757462E-002
   90.00000      3.211302682757378E-002
   101.2500      3.169305995106697E-002
   112.5000      3.126192837953568E-002
   123.7500      3.081820346415043E-002
   135.0000      3.046423755586147E-002
   146.2500      3.013566136360168E-002
   157.5000      2.990875765681267E-002
   168.7500      2.979780547320843E-002
   180.0000      2.973221056163311E-002
   191.2500      2.978576160967350E-002
   202.5000      2.985914982855320E-002
   213.7500      2.998901344835758E-002
   225.0000      3.014151751995087E-002
   236.2500      3.029908239841461E-002
   247.5000      3.048962727189064E-002
   258.7500      3.066509589552879E-002
   270.0000      3.083420917391777E-002
   281.2500      3.101799078285694E-002
   292.5000      3.120446018874645E-002
   303.7500      3.142789378762245E-002
   315.0000      3.166791424155235E-002
   326.2500      3.193207085132599E-002
   337.5000      3.220862522721291E-002
   348.7500      3.248326480388641E-002
   360.0000      3.273320943117142E-002
