  0.0000000E+00  0.249889880418777     
   11.25000      0.249854832887650     
   22.50000      0.249823853373528     
   33.75000      0.249791815876961     
   45.00000      0.249768823385239     
   56.25000      0.249734014272690     
   67.50000      0.249724239110947     
   78.75000      0.249717220664024     
   90.00000      0.249727621674538     
   101.2500      0.249750837683678     
   112.5000      0.249785318970680     
   123.7500      0.249851375818253     
   135.0000      0.249930426478386     
   146.2500      0.250037729740143     
   157.5000      0.250166445970535     
   168.7500      0.250297755002975     
   180.0000      0.250435471534729     
   191.2500      0.250561028718948     
   202.5000      0.250663131475449     
   213.7500      0.250744313001633     
   225.0000      0.250782012939453     
   236.2500      0.250793009996414     
   247.5000      0.250770211219788     
   258.7500      0.250714391469955     
   270.0000      0.250621706247330     
   281.2500      0.250507861375809     
   292.5000      0.250382572412491     
   303.7500      0.250261902809143     
   315.0000      0.250155925750732     
   326.2500      0.250060200691223     
   337.5000      0.249995917081833     
   348.7500      0.249939143657684     
   360.0000      0.249889880418777     
