  0.0000000E+00  0.249844655394554     
   11.25000      0.249099612236023     
   22.50000      0.248297408223152     
   33.75000      0.247411355376244     
   45.00000      0.246597379446030     
   56.25000      0.245865941047668     
   67.50000      0.245272979140282     
   78.75000      0.244891405105591     
   90.00000      0.244658410549164     
   101.2500      0.244719088077545     
   112.5000      0.244921177625656     
   123.7500      0.245348572731018     
   135.0000      0.245886042714119     
   146.2500      0.246531769633293     
   157.5000      0.247200161218643     
   168.7500      0.247906893491745     
   180.0000      0.248546034097672     
   191.2500      0.249207630753517     
   202.5000      0.249665588140488     
   213.7500      0.250096499919891     
   225.0000      0.250383466482162     
   236.2500      0.250663906335831     
   247.5000      0.250797390937805     
   258.7500      0.250982880592346     
   270.0000      0.251069009304047     
   281.2500      0.251192450523376     
   292.5000      0.251287907361984     
   303.7500      0.251374781131744     
   315.0000      0.251318693161011     
   326.2500      0.251185804605484     
   337.5000      0.250856339931488     
   348.7500      0.250419527292252     
   360.0000      0.249844655394554     
