  0.0000000E+00  0.246450230479240     
   11.25000      0.246022507548332     
   22.50000      0.245594665408134     
   33.75000      0.245073154568672     
   45.00000      0.244570687413216     
   56.25000      0.244121566414833     
   67.50000      0.243746861815453     
   78.75000      0.243462830781937     
   90.00000      0.243318602442741     
   101.2500      0.243303954601288     
   112.5000      0.243451282382011     
   123.7500      0.243703439831734     
   135.0000      0.244083687663078     
   146.2500      0.244527950882912     
   157.5000      0.245008781552315     
   168.7500      0.245545595884323     
   180.0000      0.246022969484329     
   191.2500      0.246550068259239     
   202.5000      0.246961832046509     
   213.7500      0.247288137674332     
   225.0000      0.247530058026314     
   236.2500      0.247664928436279     
   247.5000      0.247721761465073     
   258.7500      0.247681021690369     
   270.0000      0.247633904218674     
   281.2500      0.247564166784286     
   292.5000      0.247478857636452     
   303.7500      0.247372657060623     
   315.0000      0.247275516390800     
   326.2500      0.247181460261345     
   337.5000      0.246993914246559     
   348.7500      0.246755108237267     
   360.0000      0.246450230479240     
