  0.0000000E+00  0.233601212501526     
   11.25000      0.233972117304802     
   22.50000      0.234125331044197     
   33.75000      0.234250053763390     
   45.00000      0.234212055802345     
   56.25000      0.234003350138664     
   67.50000      0.233664974570274     
   78.75000      0.233140230178833     
   90.00000      0.232572898268700     
   101.2500      0.231876462697983     
   112.5000      0.231243029236794     
   123.7500      0.230557918548584     
   135.0000      0.230036213994026     
   146.2500      0.229529976844788     
   157.5000      0.229286447167397     
   168.7500      0.229095876216888     
   180.0000      0.229167878627777     
   191.2500      0.229256048798561     
   202.5000      0.229560792446136     
   213.7500      0.229807123541832     
   225.0000      0.230139672756195     
   236.2500      0.230417728424072     
   247.5000      0.230722382664680     
   258.7500      0.230935841798782     
   270.0000      0.231173485517502     
   281.2500      0.231345847249031     
   292.5000      0.231589302420616     
   303.7500      0.231801256537437     
   315.0000      0.232111141085625     
   326.2500      0.232439026236534     
   337.5000      0.232832789421082     
   348.7500      0.233248665928841     
   360.0000      0.233601212501526     
