  0.0000000E+00  0.249830961227417     
   11.25000      0.249419644474983     
   22.50000      0.248859629034996     
   33.75000      0.248227745294571     
   45.00000      0.247487574815750     
   56.25000      0.246776342391968     
   67.50000      0.246007159352303     
   78.75000      0.245371788740158     
   90.00000      0.244816794991493     
   101.2500      0.244443923234940     
   112.5000      0.244151160120964     
   123.7500      0.244060844182968     
   135.0000      0.244076982140541     
   146.2500      0.244163691997528     
   157.5000      0.244426354765892     
   168.7500      0.244671091437340     
   180.0000      0.244976028800011     
   191.2500      0.245336294174194     
   202.5000      0.245757594704628     
   213.7500      0.246154874563217     
   225.0000      0.246613368391991     
   236.2500      0.246979147195816     
   247.5000      0.247344180941582     
   258.7500      0.247752502560616     
   270.0000      0.248148679733276     
   281.2500      0.248588249087334     
   292.5000      0.249017372727394     
   303.7500      0.249436050653458     
   315.0000      0.249765247106552     
   326.2500      0.250036805868149     
   337.5000      0.250138103961945     
   348.7500      0.250106275081635     
   360.0000      0.249830961227417     
