  0.0000000E+00  0.228867575526237     
   11.25000      0.229201406240463     
   22.50000      0.229467004537582     
   33.75000      0.229630827903748     
   45.00000      0.229737848043442     
   56.25000      0.229650706052780     
   67.50000      0.229500800371170     
   78.75000      0.229179665446281     
   90.00000      0.228857368230820     
   101.2500      0.228425219655037     
   112.5000      0.228064149618149     
   123.7500      0.227660179138184     
   135.0000      0.227379977703094     
   146.2500      0.227119103074074     
   157.5000      0.227008134126663     
   168.7500      0.226932987570763     
   180.0000      0.226990610361099     
   191.2500      0.227026298642159     
   202.5000      0.227172270417213     
   213.7500      0.227275446057320     
   225.0000      0.227326408028603     
   236.2500      0.227405771613121     
   247.5000      0.227378025650978     
   258.7500      0.227380096912384     
   270.0000      0.227310508489609     
   281.2500      0.227295696735382     
   292.5000      0.227307125926018     
   303.7500      0.227387964725494     
   315.0000      0.227547764778137     
   326.2500      0.227807268500328     
   337.5000      0.228129252791405     
   348.7500      0.228494629263878     
   360.0000      0.228867575526237     
