  0.0000000E+00  0.250176519155502     
   11.25000      0.250134438276291     
   22.50000      0.250080198049545     
   33.75000      0.249954879283905     
   45.00000      0.249749913811684     
   56.25000      0.249565660953522     
   67.50000      0.249322906136513     
   78.75000      0.249064281582832     
   90.00000      0.248804926872253     
   101.2500      0.248527765274048     
   112.5000      0.248272448778152     
   123.7500      0.247986182570457     
   135.0000      0.247786402702332     
   146.2500      0.247597962617874     
   157.5000      0.247493594884872     
   168.7500      0.247472614049911     
   180.0000      0.247481256723404     
   191.2500      0.247589066624641     
   202.5000      0.247701853513718     
   213.7500      0.247839808464050     
   225.0000      0.248019620776176     
   236.2500      0.248203992843628     
   247.5000      0.248429298400879     
   258.7500      0.248648285865784     
   270.0000      0.248854249715805     
   281.2500      0.249081060290337     
   292.5000      0.249272540211678     
   303.7500      0.249492108821869     
   315.0000      0.249681785702705     
   326.2500      0.249861180782318     
   337.5000      0.250020831823349     
   348.7500      0.250103920698166     
   360.0000      0.250176519155502     
