  0.0000000E+00  0.248609036207199     
   11.25000      0.248605772852898     
   22.50000      0.248620405793190     
   33.75000      0.248650193214417     
   45.00000      0.248679205775261     
   56.25000      0.248716965317726     
   67.50000      0.248746931552887     
   78.75000      0.248778969049454     
   90.00000      0.248805359005928     
   101.2500      0.248828232288361     
   112.5000      0.248863637447357     
   123.7500      0.248897477984428     
   135.0000      0.248950257897377     
   146.2500      0.249010786414146     
   157.5000      0.249072745442390     
   168.7500      0.249160975217819     
   180.0000      0.249253809452057     
   191.2500      0.249358341097832     
   202.5000      0.249456390738487     
   213.7500      0.249523937702179     
   225.0000      0.249579444527626     
   236.2500      0.249597460031509     
   247.5000      0.249575793743134     
   258.7500      0.249515369534492     
   270.0000      0.249408259987831     
   281.2500      0.249291002750397     
   292.5000      0.249157860875130     
   303.7500      0.249013960361481     
   315.0000      0.248889446258545     
   326.2500      0.248775109648705     
   337.5000      0.248696714639664     
   348.7500      0.248634189367294     
   360.0000      0.248609036207199     
