  0.0000000E+00  0.248954549431801     
   11.25000      0.248227000236511     
   22.50000      0.247552126646042     
   33.75000      0.246891379356384     
   45.00000      0.246385827660561     
   56.25000      0.246038809418678     
   67.50000      0.245881706476212     
   78.75000      0.245887413620949     
   90.00000      0.246128544211388     
   101.2500      0.246520042419434     
   112.5000      0.247020080685616     
   123.7500      0.247687608003616     
   135.0000      0.248293325304985     
   146.2500      0.249027773737907     
   157.5000      0.249660924077034     
   168.7500      0.250315040349960     
   180.0000      0.250870943069458     
   191.2500      0.251388013362885     
   202.5000      0.251808106899261     
   213.7500      0.252086967229843     
   225.0000      0.252251029014587     
   236.2500      0.252360701560974     
   247.5000      0.252332031726837     
   258.7500      0.252340883016586     
   270.0000      0.252196162939072     
   281.2500      0.252006709575653     
   292.5000      0.251771807670593     
   303.7500      0.251509219408035     
   315.0000      0.251164257526398     
   326.2500      0.250758737325668     
   337.5000      0.250195145606995     
   348.7500      0.249598205089569     
   360.0000      0.248954549431801     
