  0.0000000E+00  0.228138163685799     
   11.25000      0.228438973426819     
   22.50000      0.228694841265678     
   33.75000      0.228864431381226     
   45.00000      0.228974446654320     
   56.25000      0.228900790214539     
   67.50000      0.228766202926636     
   78.75000      0.228448346257210     
   90.00000      0.228110745549202     
   101.2500      0.227659374475479     
   112.5000      0.227269113063812     
   123.7500      0.226860374212265     
   135.0000      0.226577162742615     
   146.2500      0.226335406303406     
   157.5000      0.226254880428314     
   168.7500      0.226221710443497     
   180.0000      0.226351082324982     
   191.2500      0.226501628756523     
   202.5000      0.226674839854240     
   213.7500      0.226889699697495     
   225.0000      0.227015823125839     
   236.2500      0.227156743407249     
   247.5000      0.227188631892204     
   258.7500      0.227203696966171     
   270.0000      0.227151557803154     
   281.2500      0.227088540792465     
   292.5000      0.227045148611069     
   303.7500      0.227059334516525     
   315.0000      0.227132692933083     
   326.2500      0.227290511131287     
   337.5000      0.227529257535934     
   348.7500      0.227818921208382     
   360.0000      0.228138163685799     
