  0.0000000E+00  0.248559087514877     
   11.25000      0.247735485434532     
   22.50000      0.246964454650879     
   33.75000      0.246225848793983     
   45.00000      0.245642825961113     
   56.25000      0.245201393961906     
   67.50000      0.244939804077148     
   78.75000      0.244973793625832     
   90.00000      0.245203614234924     
   101.2500      0.245621144771576     
   112.5000      0.246221646666527     
   123.7500      0.246889486908913     
   135.0000      0.247653588652611     
   146.2500      0.248393923044205     
   157.5000      0.249154612421989     
   168.7500      0.249872148036957     
   180.0000      0.250474810600281     
   191.2500      0.251067131757736     
   202.5000      0.251489788293839     
   213.7500      0.251916468143463     
   225.0000      0.252153128385544     
   236.2500      0.252359539270401     
   247.5000      0.252430349588394     
   258.7500      0.252416521310806     
   270.0000      0.252341628074646     
   281.2500      0.252192050218582     
   292.5000      0.251963496208191     
   303.7500      0.251655906438828     
   315.0000      0.251250863075256     
   326.2500      0.250757992267609     
   337.5000      0.250105887651443     
   348.7500      0.249383345246315     
   360.0000      0.248559087514877     
