  0.0000000E+00  0.248622298240662     
   11.25000      0.248643413186073     
   22.50000      0.248591318726540     
   33.75000      0.248354345560074     
   45.00000      0.248064786195755     
   56.25000      0.247649118304253     
   67.50000      0.247190594673157     
   78.75000      0.246659010648727     
   90.00000      0.246175155043602     
   101.2500      0.245673194527626     
   112.5000      0.245301991701126     
   123.7500      0.244964912533760     
   135.0000      0.244794994592667     
   146.2500      0.244716912508011     
   157.5000      0.244760811328888     
   168.7500      0.244933679699898     
   180.0000      0.245191901922226     
   191.2500      0.245549470186234     
   202.5000      0.245889276266098     
   213.7500      0.246205374598503     
   225.0000      0.246508419513702     
   236.2500      0.246740549802780     
   247.5000      0.246935218572617     
   258.7500      0.247090473771095     
   270.0000      0.247206851840019     
   281.2500      0.247358307242393     
   292.5000      0.247485205531120     
   303.7500      0.247679784893990     
   315.0000      0.247869923710823     
   326.2500      0.248115494847298     
   337.5000      0.248315006494522     
   348.7500      0.248512983322144     
   360.0000      0.248622298240662     
