  0.0000000E+00  0.241615220904350     
   11.25000      0.241842627525330     
   22.50000      0.241948932409286     
   33.75000      0.241950601339340     
   45.00000      0.241808697581291     
   56.25000      0.241549134254456     
   67.50000      0.241164401173592     
   78.75000      0.240690693259239     
   90.00000      0.240162491798401     
   101.2500      0.239602684974670     
   112.5000      0.239104047417641     
   123.7500      0.238619506359100     
   135.0000      0.238280549645424     
   146.2500      0.237987697124481     
   157.5000      0.237901031970978     
   168.7500      0.237868428230286     
   180.0000      0.238038793206215     
   191.2500      0.238214537501335     
   202.5000      0.238528579473495     
   213.7500      0.238781780004501     
   225.0000      0.239094540476799     
   236.2500      0.239293321967125     
   247.5000      0.239530473947525     
   258.7500      0.239650130271912     
   270.0000      0.239816382527351     
   281.2500      0.239911466836929     
   292.5000      0.240075349807739     
   303.7500      0.240259513258934     
   315.0000      0.240473419427872     
   326.2500      0.240778878331184     
   337.5000      0.241035699844360     
   348.7500      0.241382837295532     
   360.0000      0.241615220904350     
