  0.0000000E+00  0.249776288866997     
   11.25000      0.250002741813660     
   22.50000      0.250209599733353     
   33.75000      0.250317305326462     
   45.00000      0.250403434038162     
   56.25000      0.250371903181076     
   67.50000      0.250306159257889     
   78.75000      0.250191122293472     
   90.00000      0.250028133392334     
   101.2500      0.249868169426918     
   112.5000      0.249678090214729     
   123.7500      0.249495595693588     
   135.0000      0.249352738261223     
   146.2500      0.249226018786430     
   157.5000      0.249150693416595     
   168.7500      0.249130859971046     
   180.0000      0.249088600277901     
   191.2500      0.249056130647659     
   202.5000      0.249008446931839     
   213.7500      0.248962029814720     
   225.0000      0.248874828219414     
   236.2500      0.248776331543922     
   247.5000      0.248687162995338     
   258.7500      0.248594537377357     
   270.0000      0.248539954423904     
   281.2500      0.248484879732132     
   292.5000      0.248503088951111     
   303.7500      0.248582303524017     
   315.0000      0.248743817210197     
   326.2500      0.248986378312111     
   337.5000      0.249222159385681     
   348.7500      0.249517649412155     
   360.0000      0.249776288866997     
