  0.0000000E+00  0.232869014143944     
   11.25000      0.233263403177261     
   22.50000      0.233502373099327     
   33.75000      0.233667120337486     
   45.00000      0.233709737658501     
   56.25000      0.233560144901276     
   67.50000      0.233310416340828     
   78.75000      0.232851624488831     
   90.00000      0.232337906956673     
   101.2500      0.231669738888741     
   112.5000      0.231048077344894     
   123.7500      0.230355918407440     
   135.0000      0.229817926883698     
   146.2500      0.229269683361053     
   157.5000      0.228943616151810     
   168.7500      0.228661805391312     
   180.0000      0.228643640875816     
   191.2500      0.228657782077789     
   202.5000      0.228901445865631     
   213.7500      0.229100048542023     
   225.0000      0.229404419660568     
   236.2500      0.229671761393547     
   247.5000      0.229982644319534     
   258.7500      0.230214774608612     
   270.0000      0.230471819639206     
   281.2500      0.230656832456589     
   292.5000      0.230899900197983     
   303.7500      0.231134116649628     
   315.0000      0.231422916054726     
   326.2500      0.231759428977966     
   337.5000      0.232099831104279     
   348.7500      0.232536971569061     
   360.0000      0.232869014143944     
