  0.0000000E+00  0.249328002333641     
   11.25000      0.249356940388680     
   22.50000      0.249362409114838     
   33.75000      0.249380975961685     
   45.00000      0.249425858259201     
   56.25000      0.249433115124702     
   67.50000      0.249475702643394     
   78.75000      0.249521702528000     
   90.00000      0.249549597501755     
   101.2500      0.249612599611282     
   112.5000      0.249688163399696     
   123.7500      0.249768376350403     
   135.0000      0.249842405319214     
   146.2500      0.249922245740891     
   157.5000      0.250006556510925     
   168.7500      0.250078678131104     
   180.0000      0.250168412923813     
   191.2500      0.250239640474319     
   202.5000      0.250287860631943     
   213.7500      0.250306516885757     
   225.0000      0.250292897224426     
   236.2500      0.250281393527985     
   247.5000      0.250190675258636     
   258.7500      0.250105321407318     
   270.0000      0.249985709786415     
   281.2500      0.249849572777748     
   292.5000      0.249724939465523     
   303.7500      0.249574422836304     
   315.0000      0.249467775225639     
   326.2500      0.249405175447464     
   337.5000      0.249350845813751     
   348.7500      0.249322891235352     
   360.0000      0.249328002333641     
