  0.0000000E+00  0.246392577886581     
   11.25000      0.246511623263359     
   22.50000      0.246586039662361     
   33.75000      0.246480777859688     
   45.00000      0.246337547898293     
   56.25000      0.246011346578598     
   67.50000      0.245654702186584     
   78.75000      0.245261177420616     
   90.00000      0.244803085923195     
   101.2500      0.244390666484833     
   112.5000      0.243986010551453     
   123.7500      0.243673816323280     
   135.0000      0.243446573615074     
   146.2500      0.243333488702774     
   157.5000      0.243340492248535     
   168.7500      0.243455111980438     
   180.0000      0.243600055575371     
   191.2500      0.243847534060478     
   202.5000      0.244096487760544     
   213.7500      0.244373276829720     
   225.0000      0.244594395160675     
   236.2500      0.244787544012070     
   247.5000      0.244936227798462     
   258.7500      0.244974777102470     
   270.0000      0.245023712515831     
   281.2500      0.245038166642189     
   292.5000      0.245114848017693     
   303.7500      0.245284542441368     
   315.0000      0.245445221662521     
   326.2500      0.245725125074387     
   337.5000      0.245917454361916     
   348.7500      0.246181130409241     
   360.0000      0.246392577886581     
