  0.0000000E+00  0.248299196362495     
   11.25000      0.248100623488426     
   22.50000      0.247755572199821     
   33.75000      0.247374773025513     
   45.00000      0.246890604496002     
   56.25000      0.246406257152557     
   67.50000      0.245923891663551     
   78.75000      0.245457574725151     
   90.00000      0.245013892650604     
   101.2500      0.244653403759003     
   112.5000      0.244331449270248     
   123.7500      0.244135603308678     
   135.0000      0.243997856974602     
   146.2500      0.243981555104256     
   157.5000      0.244063436985016     
   168.7500      0.244208708405495     
   180.0000      0.244513854384422     
   191.2500      0.244784191250801     
   202.5000      0.245142444968224     
   213.7500      0.245498359203339     
   225.0000      0.245882734656334     
   236.2500      0.246239230036736     
   247.5000      0.246588572859764     
   258.7500      0.246942266821861     
   270.0000      0.247227594256401     
   281.2500      0.247553080320358     
   292.5000      0.247825294733047     
   303.7500      0.248033985495567     
   315.0000      0.248270735144615     
   326.2500      0.248356059193611     
   337.5000      0.248424112796783     
   348.7500      0.248420715332031     
   360.0000      0.248299196362495     
