  0.0000000E+00  0.247357994318008     
   11.25000      0.247611299157143     
   22.50000      0.247797161340714     
   33.75000      0.247968763113022     
   45.00000      0.248098418116570     
   56.25000      0.248129844665527     
   67.50000      0.248166218400002     
   78.75000      0.248078376054764     
   90.00000      0.247975930571556     
   101.2500      0.247880131006241     
   112.5000      0.247777625918388     
   123.7500      0.247665330767632     
   135.0000      0.247573554515839     
   146.2500      0.247500732541084     
   157.5000      0.247395738959312     
   168.7500      0.247347325086594     
   180.0000      0.247320994734764     
   191.2500      0.247273981571198     
   202.5000      0.247234240174294     
   213.7500      0.247165486216545     
   225.0000      0.247079744935036     
   236.2500      0.246942996978760     
   247.5000      0.246774852275848     
   258.7500      0.246630594134331     
   270.0000      0.246467232704163     
   281.2500      0.246360167860985     
   292.5000      0.246331989765167     
   303.7500      0.246355205774307     
   315.0000      0.246510922908783     
   326.2500      0.246666640043259     
   337.5000      0.246919363737106     
   348.7500      0.247142747044563     
   360.0000      0.247357994318008     
