  0.0000000E+00  0.235829249024391     
   11.25000      0.235962688922882     
   22.50000      0.236128509044647     
   33.75000      0.236209869384766     
   45.00000      0.236243635416031     
   56.25000      0.236171543598175     
   67.50000      0.236018463969231     
   78.75000      0.235750630497932     
   90.00000      0.235407665371895     
   101.2500      0.235016420483589     
   112.5000      0.234589293599129     
   123.7500      0.234227925539017     
   135.0000      0.233853474259377     
   146.2500      0.233633786439896     
   157.5000      0.233445748686790     
   168.7500      0.233440265059471     
   180.0000      0.233509063720703     
   191.2500      0.233673155307770     
   202.5000      0.233952969312668     
   213.7500      0.234190344810486     
   225.0000      0.234463259577751     
   236.2500      0.234674811363220     
   247.5000      0.234892100095749     
   258.7500      0.234979242086411     
   270.0000      0.235075980424881     
   281.2500      0.235056787729263     
   292.5000      0.235106691718102     
   303.7500      0.235101401805878     
   315.0000      0.235207155346870     
   326.2500      0.235287457704544     
   337.5000      0.235478460788727     
   348.7500      0.235615313053131     
   360.0000      0.235829249024391     
