  0.0000000E+00  0.250441253185272     
   11.25000      0.250422567129135     
   22.50000      0.250380158424377     
   33.75000      0.250292301177979     
   45.00000      0.250172764062881     
   56.25000      0.250016748905182     
   67.50000      0.249839484691620     
   78.75000      0.249643549323082     
   90.00000      0.249448761343956     
   101.2500      0.249261230230331     
   112.5000      0.249102815985680     
   123.7500      0.248998522758484     
   135.0000      0.248938903212547     
   146.2500      0.248958185315132     
   157.5000      0.249040096998215     
   168.7500      0.249201163649559     
   180.0000      0.249415665864944     
   191.2500      0.249664932489395     
   202.5000      0.249934166669846     
   213.7500      0.250206649303436     
   225.0000      0.250407367944717     
   236.2500      0.250555753707886     
   247.5000      0.250670582056046     
   258.7500      0.250713616609573     
   270.0000      0.250710219144821     
   281.2500      0.250659674406052     
   292.5000      0.250593930482864     
   303.7500      0.250533282756805     
   315.0000      0.250471204519272     
   326.2500      0.250441640615463     
   337.5000      0.250438332557678     
   348.7500      0.250448405742645     
   360.0000      0.250441253185272     
