  0.0000000E+00  0.247807636857033     
   11.25000      0.247633188962936     
   22.50000      0.247500732541084     
   33.75000      0.247390449047089     
   45.00000      0.247258529067039     
   56.25000      0.247147753834724     
   67.50000      0.247062653303146     
   78.75000      0.247006505727768     
   90.00000      0.246983513236046     
   101.2500      0.247037544846535     
   112.5000      0.247158437967300     
   123.7500      0.247283339500427     
   135.0000      0.247478738427162     
   146.2500      0.247683480381966     
   157.5000      0.247912615537643     
   168.7500      0.248145252466202     
   180.0000      0.248351454734802     
   191.2500      0.248566836118698     
   202.5000      0.248683676123619     
   213.7500      0.248790323734283     
   225.0000      0.248801797628403     
   236.2500      0.248738601803780     
   247.5000      0.248653396964073     
   258.7500      0.248526155948639     
   270.0000      0.248407945036888     
   281.2500      0.248297125101089     
   292.5000      0.248189359903336     
   303.7500      0.248133212327957     
   315.0000      0.248069912195206     
   326.2500      0.248032093048096     
   337.5000      0.247991159558296     
   348.7500      0.247884601354599     
   360.0000      0.247807636857033     
