  0.0000000E+00  0.248254403471947     
   11.25000      0.248263716697693     
   22.50000      0.248267218470573     
   33.75000      0.248271107673645     
   45.00000      0.248259067535400     
   56.25000      0.248231247067451     
   67.50000      0.248193889856339     
   78.75000      0.248132437467575     
   90.00000      0.248074546456337     
   101.2500      0.247999802231789     
   112.5000      0.247941896319389     
   123.7500      0.247900545597076     
   135.0000      0.247878909111023     
   146.2500      0.247884094715118     
   157.5000      0.247926026582718     
   168.7500      0.247997537255287     
   180.0000      0.248106524348259     
   191.2500      0.248218014836311     
   202.5000      0.248348385095596     
   213.7500      0.248469695448875     
   225.0000      0.248583301901817     
   236.2500      0.248673677444458     
   247.5000      0.248721182346344     
   258.7500      0.248720064759254     
   270.0000      0.248682469129562     
   281.2500      0.248616918921471     
   292.5000      0.248528361320496     
   303.7500      0.248438730835915     
   315.0000      0.248360365629196     
   326.2500      0.248305499553680     
   337.5000      0.248272478580475     
   348.7500      0.248252004384995     
   360.0000      0.248254403471947     
