  0.0000000E+00  0.248175621032715     
   11.25000      0.248393103480339     
   22.50000      0.248424947261810     
   33.75000      0.248419329524040     
   45.00000      0.248237296938896     
   56.25000      0.248063519597054     
   67.50000      0.247797966003418     
   78.75000      0.247537225484848     
   90.00000      0.247246697545052     
   101.2500      0.247021153569221     
   112.5000      0.246828466653824     
   123.7500      0.246695697307587     
   135.0000      0.246646761894226     
   146.2500      0.246585503220558     
   157.5000      0.246608242392540     
   168.7500      0.246555089950562     
   180.0000      0.246562629938126     
   191.2500      0.246459364891052     
   202.5000      0.246343389153481     
   213.7500      0.246151521801949     
   225.0000      0.245964601635933     
   236.2500      0.245745033025742     
   247.5000      0.245551690459251     
   258.7500      0.245436012744904     
   270.0000      0.245407000184059     
   281.2500      0.245542809367180     
   292.5000      0.245801404118538     
   303.7500      0.246182411909103     
   315.0000      0.246599078178406     
   326.2500      0.247087821364403     
   337.5000      0.247485250234604     
   348.7500      0.247881799936295     
   360.0000      0.248175621032715     
