  0.0000000E+00  0.247158259153366     
   11.25000      0.247323662042618     
   22.50000      0.247471556067467     
   33.75000      0.247573986649513     
   45.00000      0.247716873884201     
   56.25000      0.247778117656708     
   67.50000      0.247856751084328     
   78.75000      0.247905761003494     
   90.00000      0.247886404395103     
   101.2500      0.247866243124008     
   112.5000      0.247857823967934     
   123.7500      0.247849524021149     
   135.0000      0.247812375426292     
   146.2500      0.247805669903755     
   157.5000      0.247790247201920     
   168.7500      0.247755989432335     
   180.0000      0.247752293944359     
   191.2500      0.247731104493141     
   202.5000      0.247717544436455     
   213.7500      0.247660323977470     
   225.0000      0.247600361704826     
   236.2500      0.247475519776344     
   247.5000      0.247305974364281     
   258.7500      0.247148096561432     
   270.0000      0.246995478868484     
   281.2500      0.246842041611671     
   292.5000      0.246760264039040     
   303.7500      0.246683582663536     
   315.0000      0.246716633439064     
   326.2500      0.246773689985275     
   337.5000      0.246883943676949     
   348.7500      0.247049868106842     
   360.0000      0.247158259153366     
