  0.0000000E+00  0.248383581638336     
   11.25000      0.248382672667503     
   22.50000      0.248210713267326     
   33.75000      0.247958764433861     
   45.00000      0.247644886374474     
   56.25000      0.247273027896881     
   67.50000      0.246851786971092     
   78.75000      0.246413290500641     
   90.00000      0.246015354990959     
   101.2500      0.245632514357567     
   112.5000      0.245375245809555     
   123.7500      0.245154902338982     
   135.0000      0.245114162564278     
   146.2500      0.245110049843788     
   157.5000      0.245301485061646     
   168.7500      0.245524659752846     
   180.0000      0.245834276080132     
   191.2500      0.246157526969910     
   202.5000      0.246467947959900     
   213.7500      0.246718451380730     
   225.0000      0.246952310204506     
   236.2500      0.247103899717331     
   247.5000      0.247227713465691     
   258.7500      0.247277259826660     
   270.0000      0.247323304414749     
   281.2500      0.247366070747375     
   292.5000      0.247436508536339     
   303.7500      0.247590243816376     
   315.0000      0.247746706008911     
   326.2500      0.247969225049019     
   337.5000      0.248146101832390     
   348.7500      0.248328849673271     
   360.0000      0.248383581638336     
