  0.0000000E+00  0.249720200896263     
   11.25000      0.249815821647644     
   22.50000      0.249926552176476     
   33.75000      0.250043094158173     
   45.00000      0.250147461891174     
   56.25000      0.250246822834015     
   67.50000      0.250329762697220     
   78.75000      0.250394195318222     
   90.00000      0.250424236059189     
   101.2500      0.250446498394012     
   112.5000      0.250451356172562     
   123.7500      0.250438690185547     
   135.0000      0.250434339046478     
   146.2500      0.250416606664658     
   157.5000      0.250427335500717     
   168.7500      0.250462830066681     
   180.0000      0.250486582517624     
   191.2500      0.250548303127289     
   202.5000      0.250604301691055     
   213.7500      0.250640869140625     
   225.0000      0.250650942325592     
   236.2500      0.250612646341324     
   247.5000      0.250536590814590     
   258.7500      0.250426501035690     
   270.0000      0.250277191400528     
   281.2500      0.250118672847748     
   292.5000      0.249964341521263     
   303.7500      0.249826148152351     
   315.0000      0.249717012047768     
   326.2500      0.249650180339813     
   337.5000      0.249630182981491     
   348.7500      0.249666392803192     
   360.0000      0.249720200896263     
