  0.0000000E+00  0.249439761042595     
   11.25000      0.248667761683464     
   22.50000      0.247811287641525     
   33.75000      0.246929407119751     
   45.00000      0.246034428477287     
   56.25000      0.245262593030930     
   67.50000      0.244590267539024     
   78.75000      0.244128882884979     
   90.00000      0.243900671601295     
   101.2500      0.243874058127403     
   112.5000      0.244063168764114     
   123.7500      0.244440138339996     
   135.0000      0.244933813810349     
   146.2500      0.245612904429436     
   157.5000      0.246238917112350     
   168.7500      0.247035011649132     
   180.0000      0.247691065073013     
   191.2500      0.248341843485832     
   202.5000      0.248912185430527     
   213.7500      0.249443903565407     
   225.0000      0.249872192740440     
   236.2500      0.250262618064880     
   247.5000      0.250541955232620     
   258.7500      0.250750303268433     
   270.0000      0.250938266515732     
   281.2500      0.251098334789276     
   292.5000      0.251215577125549     
   303.7500      0.251295268535614     
   315.0000      0.251215517520905     
   326.2500      0.251019775867462     
   337.5000      0.250634074211121     
   348.7500      0.250134915113449     
   360.0000      0.249439761042595     
