  0.0000000E+00  0.249344661831856     
   11.25000      0.249320194125175     
   22.50000      0.249173134565353     
   33.75000      0.248921990394592     
   45.00000      0.248520120978355     
   56.25000      0.248025149106979     
   67.50000      0.247489109635353     
   78.75000      0.246887251734734     
   90.00000      0.246386066079140     
   101.2500      0.245906472206116     
   112.5000      0.245536819100380     
   123.7500      0.245196536183357     
   135.0000      0.244996294379234     
   146.2500      0.244862914085388     
   157.5000      0.244833856821060     
   168.7500      0.244822159409523     
   180.0000      0.244934678077698     
   191.2500      0.245050653815269     
   202.5000      0.245254382491112     
   213.7500      0.245443820953369     
   225.0000      0.245643913745880     
   236.2500      0.245865374803543     
   247.5000      0.246068179607391     
   258.7500      0.246300622820854     
   270.0000      0.246569067239761     
   281.2500      0.246901750564575     
   292.5000      0.247280269861221     
   303.7500      0.247732579708099     
   315.0000      0.248170733451843     
   326.2500      0.248610079288483     
   337.5000      0.248970553278923     
   348.7500      0.249220654368401     
   360.0000      0.249344661831856     
