  0.0000000E+00  0.251546323299408     
   11.25000      0.251502633094788     
   22.50000      0.251496136188507     
   33.75000      0.251411497592926     
   45.00000      0.251431763172150     
   56.25000      0.251461446285248     
   67.50000      0.251503825187683     
   78.75000      0.251563727855682     
   90.00000      0.251677513122559     
   101.2500      0.251836568117142     
   112.5000      0.252038747072220     
   123.7500      0.252332121133804     
   135.0000      0.252617001533508     
   146.2500      0.252921342849731     
   157.5000      0.253363847732544     
   168.7500      0.253584295511246     
   180.0000      0.253920227289200     
   191.2500      0.254219710826874     
   202.5000      0.254240393638611     
   213.7500      0.254226893186569     
   225.0000      0.253997862339020     
   236.2500      0.253738224506378     
   247.5000      0.253463447093964     
   258.7500      0.253053724765778     
   270.0000      0.252679198980331     
   281.2500      0.252364814281464     
   292.5000      0.252126872539520     
   303.7500      0.251952201128006     
   315.0000      0.251836597919464     
   326.2500      0.251734226942062     
   337.5000      0.251659452915192     
   348.7500      0.251579314470291     
   360.0000      0.251546323299408     
