  0.0000000E+00  0.250111818313599     
   11.25000      0.249991044402122     
   22.50000      0.249917328357697     
   33.75000      0.249906018376350     
   45.00000      0.250004947185516     
   56.25000      0.250073581933975     
   67.50000      0.250296324491501     
   78.75000      0.250530302524567     
   90.00000      0.250850349664688     
   101.2500      0.251165956258774     
   112.5000      0.251506060361862     
   123.7500      0.251931339502335     
   135.0000      0.252275079488754     
   146.2500      0.252732723951340     
   157.5000      0.253144592046738     
   168.7500      0.253542423248291     
   180.0000      0.253930777311325     
   191.2500      0.254133343696594     
   202.5000      0.254341155290604     
   213.7500      0.254371434450150     
   225.0000      0.254300445318222     
   236.2500      0.254108250141144     
   247.5000      0.253723889589310     
   258.7500      0.253295987844467     
   270.0000      0.252835214138031     
   281.2500      0.252394944429398     
   292.5000      0.251982480287552     
   303.7500      0.251599699258804     
   315.0000      0.251243680715561     
   326.2500      0.250942051410675     
   337.5000      0.250609904527664     
   348.7500      0.250375837087631     
   360.0000      0.250111818313599     
