  0.0000000E+00  0.246428504586220     
   11.25000      0.246559843420982     
   22.50000      0.246598705649376     
   33.75000      0.246501997113228     
   45.00000      0.246358171105385     
   56.25000      0.246050193905830     
   67.50000      0.245771080255508     
   78.75000      0.245419129729271     
   90.00000      0.245028629899025     
   101.2500      0.244678199291229     
   112.5000      0.244323506951332     
   123.7500      0.244075447320938     
   135.0000      0.243880644440651     
   146.2500      0.243804141879082     
   157.5000      0.243818223476410     
   168.7500      0.243914768099785     
   180.0000      0.244065314531326     
   191.2500      0.244275674223900     
   202.5000      0.244477957487106     
   213.7500      0.244705751538277     
   225.0000      0.244871392846107     
   236.2500      0.245030507445335     
   247.5000      0.245104715228081     
   258.7500      0.245159566402435     
   270.0000      0.245169520378113     
   281.2500      0.245206281542778     
   292.5000      0.245323404669762     
   303.7500      0.245441660284996     
   315.0000      0.245597958564758     
   326.2500      0.245820105075836     
   337.5000      0.245984405279160     
   348.7500      0.246243953704834     
   360.0000      0.246428504586220     
