  0.0000000E+00  0.242155998945236     
   11.25000      0.242321550846100     
   22.50000      0.242370218038559     
   33.75000      0.242353782057762     
   45.00000      0.242235451936722     
   56.25000      0.242033615708351     
   67.50000      0.241746202111244     
   78.75000      0.241407603025436     
   90.00000      0.241005837917328     
   101.2500      0.240611955523491     
   112.5000      0.240237742662430     
   123.7500      0.239916294813156     
   135.0000      0.239642471075058     
   146.2500      0.239461347460747     
   157.5000      0.239387869834900     
   168.7500      0.239355564117432     
   180.0000      0.239478379487991     
   191.2500      0.239596664905548     
   202.5000      0.239853635430336     
   213.7500      0.240048274397850     
   225.0000      0.240332871675491     
   236.2500      0.240493148565292     
   247.5000      0.240668714046478     
   258.7500      0.240764245390892     
   270.0000      0.240891784429550     
   281.2500      0.240941226482391     
   292.5000      0.241087466478348     
   303.7500      0.241179808974266     
   315.0000      0.241405934095383     
   326.2500      0.241565391421318     
   337.5000      0.241806730628014     
   348.7500      0.241988122463226     
   360.0000      0.242155998945236     
