  0.0000000E+00  0.249538198113441     
   11.25000      0.249316364526749     
   22.50000      0.248943939805031     
   33.75000      0.248470708727837     
   45.00000      0.247845575213432     
   56.25000      0.247248411178589     
   67.50000      0.246580913662910     
   78.75000      0.245994403958321     
   90.00000      0.245460823178291     
   101.2500      0.245059669017792     
   112.5000      0.244744166731834     
   123.7500      0.244507461786270     
   135.0000      0.244443267583847     
   146.2500      0.244388073682785     
   157.5000      0.244441047310829     
   168.7500      0.244534060359001     
   180.0000      0.244675189256668     
   191.2500      0.244808986783028     
   202.5000      0.245038554072380     
   213.7500      0.245249137282372     
   225.0000      0.245554581284523     
   236.2500      0.245856091380119     
   247.5000      0.246152192354202     
   258.7500      0.246513471007347     
   270.0000      0.246919065713882     
   281.2500      0.247381716966629     
   292.5000      0.247868075966835     
   303.7500      0.248382329940796     
   315.0000      0.248825877904892     
   326.2500      0.249214544892311     
   337.5000      0.249450892210007     
   348.7500      0.249593451619148     
   360.0000      0.249538198113441     
