  0.0000000E+00  0.231804504990578     
   11.25000      0.232133403420448     
   22.50000      0.232387721538544     
   33.75000      0.232581958174706     
   45.00000      0.232706442475319     
   56.25000      0.232631847262383     
   67.50000      0.232478916645050     
   78.75000      0.232127428054810     
   90.00000      0.231735989451408     
   101.2500      0.231175020337105     
   112.5000      0.230643332004547     
   123.7500      0.230010807514191     
   135.0000      0.229497060179710     
   146.2500      0.228967577219009     
   157.5000      0.228628486394882     
   168.7500      0.228296384215355     
   180.0000      0.228173866868019     
   191.2500      0.228063002228737     
   202.5000      0.228170245885849     
   213.7500      0.228265196084976     
   225.0000      0.228456407785416     
   236.2500      0.228639751672745     
   247.5000      0.228888422250748     
   258.7500      0.229097872972488     
   270.0000      0.229343354701996     
   281.2500      0.229572996497154     
   292.5000      0.229804202914238     
   303.7500      0.230091214179993     
   315.0000      0.230354860424995     
   326.2500      0.230741485953331     
   337.5000      0.231057301163673     
   348.7500      0.231462404131889     
   360.0000      0.231804504990578     
