  0.0000000E+00  0.248698860406876     
   11.25000      0.248731911182404     
   22.50000      0.248652085661888     
   33.75000      0.248436689376831     
   45.00000      0.248175710439682     
   56.25000      0.247807070612907     
   67.50000      0.247401133179665     
   78.75000      0.247013509273529     
   90.00000      0.246628195047379     
   101.2500      0.246276378631592     
   112.5000      0.245987802743912     
   123.7500      0.245706662535667     
   135.0000      0.245532527565956     
   146.2500      0.245350211858749     
   157.5000      0.245246604084969     
   168.7500      0.245205357670784     
   180.0000      0.245145544409752     
   191.2500      0.245124995708466     
   202.5000      0.245142772793770     
   213.7500      0.245219841599464     
   225.0000      0.245290935039520     
   236.2500      0.245441943407059     
   247.5000      0.245628207921982     
   258.7500      0.245808243751526     
   270.0000      0.246101438999176     
   281.2500      0.246390119194984     
   292.5000      0.246753454208374     
   303.7500      0.247170358896255     
   315.0000      0.247548148036003     
   326.2500      0.247987896203995     
   337.5000      0.248286351561546     
   348.7500      0.248558282852173     
   360.0000      0.248698860406876     
