  0.0000000E+00  0.247586116194725     
   11.25000      0.247441187500954     
   22.50000      0.247374370694160     
   33.75000      0.247307464480400     
   45.00000      0.247213110327721     
   56.25000      0.247152969241142     
   67.50000      0.247106999158859     
   78.75000      0.247085079550743     
   90.00000      0.247108668088913     
   101.2500      0.247202977538109     
   112.5000      0.247319057583809     
   123.7500      0.247442081570625     
   135.0000      0.247628763318062     
   146.2500      0.247802346944809     
   157.5000      0.248002395033836     
   168.7500      0.248188614845276     
   180.0000      0.248362392187119     
   191.2500      0.248520389199257     
   202.5000      0.248593658208847     
   213.7500      0.248674035072327     
   225.0000      0.248638853430748     
   236.2500      0.248556137084961     
   247.5000      0.248462215065956     
   258.7500      0.248327001929283     
   270.0000      0.248206824064255     
   281.2500      0.248079180717468     
   292.5000      0.247969329357147     
   303.7500      0.247908443212509     
   315.0000      0.247835114598274     
   326.2500      0.247802406549454     
   337.5000      0.247742071747780     
   348.7500      0.247651726007462     
   360.0000      0.247586116194725     
