  0.0000000E+00  0.249838769435883     
   11.25000      0.249996989965439     
   22.50000      0.250137418508530     
   33.75000      0.250282138586044     
   45.00000      0.250400185585022     
   56.25000      0.250499039888382     
   67.50000      0.250568360090256     
   78.75000      0.250602126121521     
   90.00000      0.250602871179581     
   101.2500      0.250583857297897     
   112.5000      0.250530242919922     
   123.7500      0.250474572181702     
   135.0000      0.250420838594437     
   146.2500      0.250380277633667     
   157.5000      0.250382453203201     
   168.7500      0.250390321016312     
   180.0000      0.250436782836914     
   191.2500      0.250484824180603     
   202.5000      0.250510394573212     
   213.7500      0.250527441501617     
   225.0000      0.250508964061737     
   236.2500      0.250452756881714     
   247.5000      0.250365376472473     
   258.7500      0.250237166881561     
   270.0000      0.250084966421127     
   281.2500      0.249935507774353     
   292.5000      0.249789044260979     
   303.7500      0.249672308564186     
   315.0000      0.249604612588882     
   326.2500      0.249591782689095     
   337.5000      0.249635949730873     
   348.7500      0.249721899628639     
   360.0000      0.249838769435883     
