  0.0000000E+00  0.249643534421921     
   11.25000      0.249565050005913     
   22.50000      0.249449819326401     
   33.75000      0.249244466423988     
   45.00000      0.249066248536110     
   56.25000      0.248811841011047     
   67.50000      0.248517453670502     
   78.75000      0.248212203383446     
   90.00000      0.247863173484802     
   101.2500      0.247559621930122     
   112.5000      0.247291684150696     
   123.7500      0.247100606560707     
   135.0000      0.246988371014595     
   146.2500      0.246931806206703     
   157.5000      0.247010603547096     
   168.7500      0.247103780508041     
   180.0000      0.247335389256477     
   191.2500      0.247587397694588     
   202.5000      0.247886061668396     
   213.7500      0.248198360204697     
   225.0000      0.248505905270576     
   236.2500      0.248776733875275     
   247.5000      0.249006688594818     
   258.7500      0.249171122908592     
   270.0000      0.249325782060623     
   281.2500      0.249414175748825     
   292.5000      0.249507755041122     
   303.7500      0.249578043818474     
   315.0000      0.249615192413330     
   326.2500      0.249672815203667     
   337.5000      0.249671280384064     
   348.7500      0.249687194824219     
   360.0000      0.249643534421921     
