  0.0000000E+00  0.247503519058228     
   11.25000      0.247525781393051     
   22.50000      0.247540205717087     
   33.75000      0.247557640075684     
   45.00000      0.247560322284698     
   56.25000      0.247556895017624     
   67.50000      0.247553065419197     
   78.75000      0.247539058327675     
   90.00000      0.247520461678505     
   101.2500      0.247501283884048     
   112.5000      0.247493624687195     
   123.7500      0.247488290071487     
   135.0000      0.247494250535965     
   146.2500      0.247518464922905     
   157.5000      0.247554495930672     
   168.7500      0.247598797082901     
   180.0000      0.247654959559441     
   191.2500      0.247714191675186     
   202.5000      0.247764855623245     
   213.7500      0.247808262705803     
   225.0000      0.247826784849167     
   236.2500      0.247818842530251     
   247.5000      0.247790813446045     
   258.7500      0.247738420963287     
   270.0000      0.247675612568855     
   281.2500      0.247598096728325     
   292.5000      0.247527673840523     
   303.7500      0.247481808066368     
   315.0000      0.247450739145279     
   326.2500      0.247439771890640     
   337.5000      0.247455820441246     
   348.7500      0.247472584247589     
   360.0000      0.247503519058228     
