  0.0000000E+00  0.242410823702812     
   11.25000      0.242578297853470     
   22.50000      0.242705300450325     
   33.75000      0.242771014571190     
   45.00000      0.242722481489182     
   56.25000      0.242620691657066     
   67.50000      0.242413878440857     
   78.75000      0.242144033312798     
   90.00000      0.241819202899933     
   101.2500      0.241474807262421     
   112.5000      0.241103738546371     
   123.7500      0.240772217512131     
   135.0000      0.240468308329582     
   146.2500      0.240248769521713     
   157.5000      0.240104481577873     
   168.7500      0.240084037184715     
   180.0000      0.240156203508377     
   191.2500      0.240273594856262     
   202.5000      0.240498170256615     
   213.7500      0.240673750638962     
   225.0000      0.240937635302544     
   236.2500      0.241086035966873     
   247.5000      0.241222634911537     
   258.7500      0.241292238235474     
   270.0000      0.241370931267738     
   281.2500      0.241398766636848     
   292.5000      0.241491198539734     
   303.7500      0.241534367203712     
   315.0000      0.241690069437027     
   326.2500      0.241793170571327     
   337.5000      0.242034748196602     
   348.7500      0.242178082466125     
   360.0000      0.242410823702812     
