  0.0000000E+00  0.250245660543442     
   11.25000      0.250203818082809     
   22.50000      0.250120699405670     
   33.75000      0.250030368566513     
   45.00000      0.249902978539467     
   56.25000      0.249749064445496     
   67.50000      0.249584838747978     
   78.75000      0.249410569667816     
   90.00000      0.249249026179314     
   101.2500      0.249110236763954     
   112.5000      0.249019950628281     
   123.7500      0.248975172638893     
   135.0000      0.248989865183830     
   146.2500      0.249084353446960     
   157.5000      0.249231845140457     
   168.7500      0.249445915222168     
   180.0000      0.249683752655983     
   191.2500      0.249950081110001     
   202.5000      0.250207334756851     
   213.7500      0.250419706106186     
   225.0000      0.250583320856094     
   236.2500      0.250693321228027     
   247.5000      0.250741958618164     
   258.7500      0.250714600086212     
   270.0000      0.250650912523270     
   281.2500      0.250554531812668     
   292.5000      0.250464260578156     
   303.7500      0.250373929738998     
   315.0000      0.250317454338074     
   326.2500      0.250299543142319     
   337.5000      0.250286519527435     
   348.7500      0.250274807214737     
   360.0000      0.250245660543442     
