  0.0000000E+00  0.250802427530289     
   11.25000      0.250842958688736     
   22.50000      0.250833779573441     
   33.75000      0.250817239284515     
   45.00000      0.250770866870880     
   56.25000      0.250707298517227     
   67.50000      0.250605732202530     
   78.75000      0.250478804111481     
   90.00000      0.250317037105560     
   101.2500      0.250141113996506     
   112.5000      0.249955117702484     
   123.7500      0.249781236052513     
   135.0000      0.249623343348503     
   146.2500      0.249501541256905     
   157.5000      0.249408423900604     
   168.7500      0.249365031719208     
   180.0000      0.249357014894485     
   191.2500      0.249387681484222     
   202.5000      0.249448463320732     
   213.7500      0.249540627002716     
   225.0000      0.249634742736816     
   236.2500      0.249747812747955     
   247.5000      0.249860599637032     
   258.7500      0.249973788857460     
   270.0000      0.250084102153778     
   281.2500      0.250176399946213     
   292.5000      0.250275790691376     
   303.7500      0.250378102064133     
   315.0000      0.250475794076920     
   326.2500      0.250567495822906     
   337.5000      0.250673830509186     
   348.7500      0.250752031803131     
   360.0000      0.250802427530289     
