  0.0000000E+00  0.245207607746124     
   11.25000      0.244902744889259     
   22.50000      0.244540676474571     
   33.75000      0.244204342365265     
   45.00000      0.243982344865799     
   56.25000      0.243805035948753     
   67.50000      0.243720442056656     
   78.75000      0.243781477212906     
   90.00000      0.243921533226967     
   101.2500      0.244174689054489     
   112.5000      0.244508907198906     
   123.7500      0.244891405105591     
   135.0000      0.245326802134514     
   146.2500      0.245753869414330     
   157.5000      0.246224433183670     
   168.7500      0.246626615524292     
   180.0000      0.247016847133636     
   191.2500      0.247309163212776     
   202.5000      0.247490599751472     
   213.7500      0.247571185231209     
   225.0000      0.247552365064621     
   236.2500      0.247437492012978     
   247.5000      0.247276917099953     
   258.7500      0.247059255838394     
   270.0000      0.246832683682442     
   281.2500      0.246595934033394     
   292.5000      0.246435597538948     
   303.7500      0.246267214417458     
   315.0000      0.246129035949707     
   326.2500      0.245972692966461     
   337.5000      0.245766967535019     
   348.7500      0.245535328984261     
   360.0000      0.245207607746124     
