  0.0000000E+00  0.254664927721024     
   11.25000      0.254573374986649     
   22.50000      0.254414826631546     
   33.75000      0.254274159669876     
   45.00000      0.254076957702637     
   56.25000      0.253934234380722     
   67.50000      0.253813773393631     
   78.75000      0.253724396228790     
   90.00000      0.253679484128952     
   101.2500      0.253685057163239     
   112.5000      0.253755331039429     
   123.7500      0.253853917121887     
   135.0000      0.254035711288452     
   146.2500      0.254225671291351     
   157.5000      0.254370719194412     
   168.7500      0.254660308361053     
   180.0000      0.254830449819565     
   191.2500      0.254747331142426     
   202.5000      0.254752874374390     
   213.7500      0.254663467407227     
   225.0000      0.254614323377609     
   236.2500      0.254607051610947     
   247.5000      0.254447400569916     
   258.7500      0.254327416419983     
   270.0000      0.254269957542419     
   281.2500      0.254286140203476     
   292.5000      0.254369199275970     
   303.7500      0.254483580589294     
   315.0000      0.254612952470779     
   326.2500      0.254693597555161     
   337.5000      0.254747420549393     
   348.7500      0.254706382751465     
   360.0000      0.254664927721024     
