  0.0000000E+00  0.248514100909233     
   11.25000      0.248689293861389     
   22.50000      0.248801887035370     
   33.75000      0.248755455017090     
   45.00000      0.248563170433044     
   56.25000      0.248301103711128     
   67.50000      0.247918248176575     
   78.75000      0.247491329908371     
   90.00000      0.247001886367798     
   101.2500      0.246531292796135     
   112.5000      0.246055632829666     
   123.7500      0.245654001832008     
   135.0000      0.245279267430305     
   146.2500      0.245033577084541     
   157.5000      0.244826436042786     
   168.7500      0.244769677519798     
   180.0000      0.244736045598984     
   191.2500      0.244798630475998     
   202.5000      0.244884669780731     
   213.7500      0.245018109679222     
   225.0000      0.245132923126221     
   236.2500      0.245250567793846     
   247.5000      0.245362877845764     
   258.7500      0.245502576231956     
   270.0000      0.245677903294563     
   281.2500      0.245892390608788     
   292.5000      0.246194511651993     
   303.7500      0.246496960520744     
   315.0000      0.246934011578560     
   326.2500      0.247328355908394     
   337.5000      0.247796759009361     
   348.7500      0.248157352209091     
   360.0000      0.248514100909233     
