  0.0000000E+00  0.245790228247643     
   11.25000      0.245394900441170     
   22.50000      0.244986891746521     
   33.75000      0.244500294327736     
   45.00000      0.244108602404594     
   56.25000      0.243798241019249     
   67.50000      0.243552297353745     
   78.75000      0.243436783552170     
   90.00000      0.243458941578865     
   101.2500      0.243604019284248     
   112.5000      0.243881374597549     
   123.7500      0.244233906269073     
   135.0000      0.244681954383850     
   146.2500      0.245135486125946     
   157.5000      0.245639562606812     
   168.7500      0.246129333972931     
   180.0000      0.246588692069054     
   191.2500      0.247038200497627     
   202.5000      0.247335210442543     
   213.7500      0.247540384531021     
   225.0000      0.247654005885124     
   236.2500      0.247652813792229     
   247.5000      0.247581958770752     
   258.7500      0.247451782226562     
   270.0000      0.247324138879776     
   281.2500      0.247151300311089     
   292.5000      0.247006013989449     
   303.7500      0.246864989399910     
   315.0000      0.246736615896225     
   326.2500      0.246588408946991     
   337.5000      0.246374443173409     
   348.7500      0.246137008070946     
   360.0000      0.245790228247643     
