  0.0000000E+00  0.250431805849075     
   11.25000      0.250588893890381     
   22.50000      0.250732690095901     
   33.75000      0.250822186470032     
   45.00000      0.250862956047058     
   56.25000      0.250877678394318     
   67.50000      0.250835508108139     
   78.75000      0.250753641128540     
   90.00000      0.250646710395813     
   101.2500      0.250529587268829     
   112.5000      0.250418871641159     
   123.7500      0.250316888093948     
   135.0000      0.250230789184570     
   146.2500      0.250166922807693     
   157.5000      0.250114440917969     
   168.7500      0.250088989734650     
   180.0000      0.250069528818130     
   191.2500      0.250069856643677     
   202.5000      0.250054180622101     
   213.7500      0.250023990869522     
   225.0000      0.249989137053490     
   236.2500      0.249929443001747     
   247.5000      0.249850377440453     
   258.7500      0.249773100018501     
   270.0000      0.249697387218475     
   281.2500      0.249645054340363     
   292.5000      0.249643161892891     
   303.7500      0.249686419963837     
   315.0000      0.249767139554024     
   326.2500      0.249907284975052     
   337.5000      0.250071257352829     
   348.7500      0.250252932310104     
   360.0000      0.250431805849075     
