  0.0000000E+00  0.248146936297417     
   11.25000      0.248228952288628     
   22.50000      0.248213514685631     
   33.75000      0.248116359114647     
   45.00000      0.247893989086151     
   56.25000      0.247565448284149     
   67.50000      0.247209489345551     
   78.75000      0.246765315532684     
   90.00000      0.246441170573235     
   101.2500      0.246121153235435     
   112.5000      0.245899990200996     
   123.7500      0.245726183056831     
   135.0000      0.245558947324753     
   146.2500      0.245452880859375     
   157.5000      0.245352804660797     
   168.7500      0.245219245553017     
   180.0000      0.245124161243439     
   191.2500      0.245039463043213     
   202.5000      0.244924500584602     
   213.7500      0.244883194565773     
   225.0000      0.244738817214966     
   236.2500      0.244648501276970     
   247.5000      0.244652226567268     
   258.7500      0.244757369160652     
   270.0000      0.244957864284515     
   281.2500      0.245284482836723     
   292.5000      0.245686531066895     
   303.7500      0.246180534362793     
   315.0000      0.246667832136154     
   326.2500      0.247167527675629     
   337.5000      0.247605532407761     
   348.7500      0.247921764850616     
   360.0000      0.248146936297417     
