  0.0000000E+00  0.241881549358368     
   11.25000      0.242066383361816     
   22.50000      0.242145448923111     
   33.75000      0.242116630077362     
   45.00000      0.241957336664200     
   56.25000      0.241699889302254     
   67.50000      0.241328716278076     
   78.75000      0.240897461771965     
   90.00000      0.240415573120117     
   101.2500      0.239927470684052     
   112.5000      0.239471882581711     
   123.7500      0.239067569375038     
   135.0000      0.238776043057442     
   146.2500      0.238539218902588     
   157.5000      0.238497316837311     
   168.7500      0.238491877913475     
   180.0000      0.238662332296371     
   191.2500      0.238815471529961     
   202.5000      0.239102706313133     
   213.7500      0.239319443702698     
   225.0000      0.239626914262772     
   236.2500      0.239810064435005     
   247.5000      0.240018412470818     
   258.7500      0.240120127797127     
   270.0000      0.240279093384743     
   281.2500      0.240353137254715     
   292.5000      0.240526929497719     
   303.7500      0.240664124488831     
   315.0000      0.240894645452499     
   326.2500      0.241152033209801     
   337.5000      0.241409823298454     
   348.7500      0.241713851690292     
   360.0000      0.241881549358368     
