  0.0000000E+00  0.7421756    
   7.500000      0.7615615    
   15.00000      0.7856076    
   22.50000      0.8138195    
   30.00000      0.8456126    
   37.50000      0.8804045    
   45.00000      0.9130347    
   52.50000      0.9495280    
   60.00000      0.9873112    
   67.50000       1.025923    
   75.00000       1.065018    
   82.50000       1.104341    
   90.00000       1.143519    
   97.50000       1.181832    
   105.0000       1.218414    
   112.5000       1.252096    
   120.0000       1.281365    
   127.5000       1.304446    
   135.0000       1.319815    
   142.5000       1.326803    
   150.0000       1.325723    
   157.5000       1.317668    
   165.0000       1.304115    
   172.5000       1.286535    
   180.0000       1.266207    
   187.5000       1.243792    
   195.0000       1.226530    
   202.5000       1.204888    
   210.0000       1.180961    
   217.5000       1.154509    
   225.0000       1.126064    
   232.5000       1.094237    
   240.0000       1.060195    
   247.5000       1.027705    
   255.0000      0.9911298    
   262.5000      0.9532389    
   270.0000      0.9152129    
   277.5000      0.8781300    
   285.0000      0.8430382    
   292.5000      0.8108596    
   300.0000      0.7823203    
   307.5000      0.7581903    
   315.0000      0.7390118    
   322.5000      0.7255045    
   330.0000      0.7181162    
   337.5000      0.7151367    
   345.0000      0.7179878    
   352.5000      0.7275750    
   360.0000      0.7421756    
