  0.0000000E+00  0.6899062    
   7.500000      0.7083311    
   15.00000      0.7318850    
   22.50000      0.7605004    
   30.00000      0.7933145    
   37.50000      0.8298488    
   45.00000      0.8699194    
   52.50000      0.9139505    
   60.00000      0.9573261    
   67.50000       1.006158    
   75.00000       1.056366    
   82.50000       1.107420    
   90.00000       1.159436    
   97.50000       1.210878    
   105.0000       1.259631    
   112.5000       1.303587    
   120.0000       1.341076    
   127.5000       1.370591    
   135.0000       1.390754    
   142.5000       1.400921    
   150.0000       1.401343    
   157.5000       1.393213    
   165.0000       1.378195    
   172.5000       1.357967    
   180.0000       1.334015    
   187.5000       1.314329    
   195.0000       1.289339    
   202.5000       1.262253    
   210.0000       1.233136    
   217.5000       1.201792    
   225.0000       1.167943    
   232.5000       1.131684    
   240.0000       1.097174    
   247.5000       1.058024    
   255.0000       1.016243    
   262.5000      0.9723653    
   270.0000      0.9271229    
   277.5000      0.8813658    
   285.0000      0.8362420    
   292.5000      0.7938700    
   300.0000      0.7561470    
   307.5000      0.7240520    
   315.0000      0.6986593    
   322.5000      0.6807117    
   330.0000      0.6702044    
   337.5000      0.6665448    
   345.0000      0.6692857    
   352.5000      0.6780810    
   360.0000      0.6899062    
