  0.0000000E+00  0.7541354    
   7.500000      0.7827603    
   15.00000      0.8168299    
   22.50000      0.8559106    
   30.00000      0.8998824    
   37.50000      0.9497259    
   45.00000       1.005466    
   52.50000       1.061486    
   60.00000       1.123862    
   67.50000       1.189414    
   75.00000       1.257264    
   82.50000       1.325458    
   90.00000       1.390391    
   97.50000       1.448251    
   105.0000       1.494778    
   112.5000       1.526035    
   120.0000       1.538923    
   127.5000       1.531907    
   135.0000       1.506068    
   142.5000       1.464569    
   150.0000       1.411742    
   157.5000       1.352473    
   165.0000       1.291506    
   172.5000       1.231816    
   180.0000       1.176914    
   187.5000       1.131749    
   195.0000       1.089075    
   202.5000       1.050667    
   210.0000       1.015744    
   217.5000      0.9834746    
   225.0000      0.9531493    
   232.5000      0.9262164    
   240.0000      0.8996027    
   247.5000      0.8719989    
   255.0000      0.8440707    
   262.5000      0.8167389    
   270.0000      0.7909368    
   277.5000      0.7668044    
   285.0000      0.7443941    
   292.5000      0.7250131    
   300.0000      0.7097448    
   307.5000      0.6989542    
   315.0000      0.6923918    
   322.5000      0.6902285    
   330.0000      0.6928307    
   337.5000      0.7006835    
   345.0000      0.7142279    
   352.5000      0.7331712    
   360.0000      0.7541354    
