  0.0000000E+00  0.6597062    
   7.500000      0.6833692    
   15.00000      0.7128938    
   22.50000      0.7482772    
   30.00000      0.7900875    
   37.50000      0.8389004    
   45.00000      0.8900585    
   52.50000      0.9500746    
   60.00000       1.017285    
   67.50000       1.092709    
   75.00000       1.174403    
   82.50000       1.261412    
   90.00000       1.348992    
   97.50000       1.425111    
   105.0000       1.499133    
   112.5000       1.560461    
   120.0000       1.603695    
   127.5000       1.627437    
   135.0000       1.627409    
   142.5000       1.606070    
   150.0000       1.572776    
   157.5000       1.530331    
   165.0000       1.477591    
   172.5000       1.421313    
   180.0000       1.364585    
   187.5000       1.308663    
   195.0000       1.254283    
   202.5000       1.209677    
   210.0000       1.163469    
   217.5000       1.118155    
   225.0000       1.073278    
   232.5000       1.028478    
   240.0000      0.9834995    
   247.5000      0.9401509    
   255.0000      0.8982545    
   262.5000      0.8559312    
   270.0000      0.8148426    
   277.5000      0.7758901    
   285.0000      0.7399656    
   292.5000      0.7079040    
   300.0000      0.6804242    
   307.5000      0.6580968    
   315.0000      0.6413891    
   322.5000      0.6304961    
   330.0000      0.6255000    
   337.5000      0.6264693    
   345.0000      0.6310095    
   352.5000      0.6421990    
   360.0000      0.6597062    
