  0.0000000E+00  0.6931200    
   7.500000      0.7138851    
   15.00000      0.7397296    
   22.50000      0.7703884    
   30.00000      0.8055512    
   37.50000      0.8450599    
   45.00000      0.8893924    
   52.50000      0.9338639    
   60.00000      0.9853966    
   67.50000       1.040274    
   75.00000       1.098144    
   82.50000       1.159164    
   90.00000       1.221426    
   97.50000       1.282725    
   105.0000       1.341020    
   112.5000       1.393363    
   120.0000       1.435624    
   127.5000       1.465245    
   135.0000       1.481405    
   142.5000       1.484396    
   150.0000       1.475336    
   157.5000       1.456247    
   165.0000       1.429256    
   172.5000       1.396617    
   180.0000       1.360161    
   187.5000       1.323417    
   195.0000       1.291256    
   202.5000       1.253970    
   210.0000       1.214182    
   217.5000       1.171598    
   225.0000       1.126638    
   232.5000       1.079718    
   240.0000       1.031428    
   247.5000      0.9868225    
   255.0000      0.9396039    
   262.5000      0.8933902    
   270.0000      0.8495803    
   277.5000      0.8092058    
   285.0000      0.7729210    
   292.5000      0.7410790    
   300.0000      0.7143017    
   307.5000      0.6928922    
   315.0000      0.6770155    
   322.5000      0.6667441    
   330.0000      0.6620667    
   337.5000      0.6629078    
   345.0000      0.6691483    
   352.5000      0.6776685    
   360.0000      0.6931200    
