  0.0000000E+00  0.7488312    
   7.500000      0.7805568    
   15.00000      0.8181819    
   22.50000      0.8614506    
   30.00000      0.9109949    
   37.50000      0.9668477    
   45.00000       1.022922    
   52.50000       1.085961    
   60.00000       1.152497    
   67.50000       1.220038    
   75.00000       1.286588    
   82.50000       1.348419    
   90.00000       1.401840    
   97.50000       1.442479    
   105.0000       1.464852    
   112.5000       1.473352    
   120.0000       1.469953    
   127.5000       1.457253    
   135.0000       1.437416    
   142.5000       1.405689    
   150.0000       1.366952    
   157.5000       1.324786    
   165.0000       1.281322    
   172.5000       1.237182    
   180.0000       1.194938    
   187.5000       1.155508    
   195.0000       1.122275    
   202.5000       1.087665    
   210.0000       1.053615    
   217.5000       1.019740    
   225.0000      0.9860159    
   232.5000      0.9521884    
   240.0000      0.9204575    
   247.5000      0.8873409    
   255.0000      0.8542975    
   262.5000      0.8224983    
   270.0000      0.7924743    
   277.5000      0.7644318    
   285.0000      0.7389931    
   292.5000      0.7174159    
   300.0000      0.7005097    
   307.5000      0.6883610    
   315.0000      0.6810474    
   322.5000      0.6788163    
   330.0000      0.6821508    
   337.5000      0.6913843    
   345.0000      0.7060980    
   352.5000      0.7235446    
   360.0000      0.7488312    
