  0.0000000E+00  0.6858225    
   7.500000      0.7042532    
   15.00000      0.7272961    
   22.50000      0.7551421    
   30.00000      0.7878664    
   37.50000      0.8249570    
   45.00000      0.8654857    
   52.50000      0.9090768    
   60.00000      0.9514881    
   67.50000      0.9991446    
   75.00000       1.049635    
   82.50000       1.100599    
   90.00000       1.151278    
   97.50000       1.201522    
   105.0000       1.249564    
   112.5000       1.293150    
   120.0000       1.330375    
   127.5000       1.359703    
   135.0000       1.380117    
   142.5000       1.391138    
   150.0000       1.392953    
   157.5000       1.386514    
   165.0000       1.373238    
   172.5000       1.354729    
   180.0000       1.333049    
   187.5000       1.314234    
   195.0000       1.290776    
   202.5000       1.265279    
   210.0000       1.237786    
   217.5000       1.208136    
   225.0000       1.176153    
   232.5000       1.142086    
   240.0000       1.109962    
   247.5000       1.073292    
   255.0000       1.033439    
   262.5000      0.9905798    
   270.0000      0.9451766    
   277.5000      0.8977910    
   285.0000      0.8497857    
   292.5000      0.8038793    
   300.0000      0.7621170    
   307.5000      0.7266726    
   315.0000      0.6991373    
   322.5000      0.6796229    
   330.0000      0.6676766    
   337.5000      0.6630793    
   345.0000      0.6652946    
   352.5000      0.6737043    
   360.0000      0.6858225    
