  0.0000000E+00  0.7862260    
   7.500000      0.7899088    
   15.00000      0.7964870    
   22.50000      0.8075019    
   30.00000      0.8237162    
   37.50000      0.8449001    
   45.00000      0.8707102    
   52.50000      0.9008260    
   60.00000      0.9311801    
   67.50000      0.9670179    
   75.00000       1.005459    
   82.50000       1.045073    
   90.00000       1.084725    
   97.50000       1.124300    
   105.0000       1.162636    
   112.5000       1.198134    
   120.0000       1.228995    
   127.5000       1.253819    
   135.0000       1.271738    
   142.5000       1.282406    
   150.0000       1.285967    
   157.5000       1.283017    
   165.0000       1.274502    
   172.5000       1.261514    
   180.0000       1.248704    
   187.5000       1.233296    
   195.0000       1.214868    
   202.5000       1.194272    
   210.0000       1.171069    
   217.5000       1.145169    
   225.0000       1.116776    
   232.5000       1.091385    
   240.0000       1.061226    
   247.5000       1.029057    
   255.0000      0.9954990    
   262.5000      0.9617617    
   270.0000      0.9295786    
   277.5000      0.8997827    
   285.0000      0.8731480    
   292.5000      0.8503147    
   300.0000      0.8316717    
   307.5000      0.8173354    
   315.0000      0.8071202    
   322.5000      0.8002600    
   330.0000      0.7953643    
   337.5000      0.7919858    
   345.0000      0.7873310    
   352.5000      0.7856046    
   360.0000      0.7862260    
