  0.0000000E+00  0.6768470    
   7.500000      0.7093558    
   15.00000      0.7485439    
   22.50000      0.7954898    
   30.00000      0.8508214    
   37.50000      0.9092655    
   45.00000      0.9774933    
   52.50000       1.053505    
   60.00000       1.135839    
   67.50000       1.223577    
   75.00000       1.312607    
   82.50000       1.392434    
   90.00000       1.460186    
   97.50000       1.519407    
   105.0000       1.563554    
   112.5000       1.589839    
   120.0000       1.599072    
   127.5000       1.594249    
   135.0000       1.575951    
   142.5000       1.546091    
   150.0000       1.508751    
   157.5000       1.470319    
   165.0000       1.423991    
   172.5000       1.374741    
   180.0000       1.323543    
   187.5000       1.271979    
   195.0000       1.222335    
   202.5000       1.178171    
   210.0000       1.130820    
   217.5000       1.082842    
   225.0000       1.034111    
   232.5000      0.9845627    
   240.0000      0.9348353    
   247.5000      0.8870661    
   255.0000      0.8424773    
   262.5000      0.7989101    
   270.0000      0.7583293    
   277.5000      0.7212930    
   285.0000      0.6889199    
   292.5000      0.6617678    
   300.0000      0.6402976    
   307.5000      0.6245384    
   315.0000      0.6145415    
   322.5000      0.6103722    
   330.0000      0.6122953    
   337.5000      0.6204584    
   345.0000      0.6318758    
   352.5000      0.6510248    
   360.0000      0.6768470    
