  0.0000000E+00  0.7613329    
   7.500000      0.7808081    
   15.00000      0.8050019    
   22.50000      0.8333249    
   30.00000      0.8655137    
   37.50000      0.9011825    
   45.00000      0.9354249    
   52.50000      0.9734915    
   60.00000       1.012598    
   67.50000       1.051814    
   75.00000       1.090325    
   82.50000       1.127425    
   90.00000       1.162557    
   97.50000       1.195190    
   105.0000       1.224585    
   112.5000       1.250154    
   120.0000       1.271072    
   127.5000       1.286463    
   135.0000       1.295529    
   142.5000       1.297776    
   150.0000       1.293294    
   157.5000       1.282821    
   165.0000       1.267623    
   172.5000       1.248997    
   180.0000       1.228090    
   187.5000       1.207877    
   195.0000       1.189799    
   202.5000       1.168504    
   210.0000       1.145467    
   217.5000       1.120343    
   225.0000       1.092759    
   232.5000       1.062759    
   240.0000       1.034188    
   247.5000       1.003633    
   255.0000      0.9709681    
   262.5000      0.9374847    
   270.0000      0.9043519    
   277.5000      0.8725271    
   285.0000      0.8426055    
   292.5000      0.8155455    
   300.0000      0.7919284    
   307.5000      0.7721894    
   315.0000      0.7568591    
   322.5000      0.7460324    
   330.0000      0.7398732    
   337.5000      0.7360955    
   345.0000      0.7385134    
   352.5000      0.7470779    
   360.0000      0.7613329    
