  0.0000000E+00  0.8401840    
   7.500000      0.8703784    
   15.00000      0.9005668    
   22.50000      0.9393851    
   30.00000      0.9854360    
   37.50000       1.038644    
   45.00000       1.098439    
   52.50000       1.163362    
   60.00000       1.229920    
   67.50000       1.289452    
   75.00000       1.351261    
   82.50000       1.407258    
   90.00000       1.453753    
   97.50000       1.485349    
   105.0000       1.497971    
   112.5000       1.491235    
   120.0000       1.464996    
   127.5000       1.423817    
   135.0000       1.371085    
   142.5000       1.312110    
   150.0000       1.249939    
   157.5000       1.197554    
   165.0000       1.144801    
   172.5000       1.096068    
   180.0000       1.052252    
   187.5000       1.012863    
   195.0000      0.9788026    
   202.5000      0.9514740    
   210.0000      0.9255612    
   217.5000      0.9019058    
   225.0000      0.8799686    
   232.5000      0.8587149    
   240.0000      0.8381230    
   247.5000      0.8200222    
   255.0000      0.8055888    
   262.5000      0.7910162    
   270.0000      0.7784556    
   277.5000      0.7681532    
   285.0000      0.7600497    
   292.5000      0.7539458    
   300.0000      0.7493107    
   307.5000      0.7474077    
   315.0000      0.7501911    
   322.5000      0.7554850    
   330.0000      0.7643302    
   337.5000      0.7773747    
   345.0000      0.7939723    
   352.5000      0.8147592    
   360.0000      0.8401840    
