  0.0000000E+00  0.7869390    
   7.500000      0.8168305    
   15.00000      0.8518302    
   22.50000      0.8921941    
   30.00000      0.9390664    
   37.50000      0.9924548    
   45.00000       1.051667    
   52.50000       1.110555    
   60.00000       1.175568    
   67.50000       1.243709    
   75.00000       1.312846    
   82.50000       1.378936    
   90.00000       1.437146    
   97.50000       1.481769    
   105.0000       1.506415    
   112.5000       1.507095    
   120.0000       1.483429    
   127.5000       1.438688    
   135.0000       1.379798    
   142.5000       1.315056    
   150.0000       1.251621    
   157.5000       1.193972    
   165.0000       1.144726    
   172.5000       1.104548    
   180.0000       1.074457    
   187.5000       1.048013    
   195.0000       1.025300    
   202.5000       1.004907    
   210.0000      0.9854659    
   217.5000      0.9655888    
   225.0000      0.9444655    
   232.5000      0.9266142    
   240.0000      0.9060273    
   247.5000      0.8838437    
   255.0000      0.8599818    
   262.5000      0.8357202    
   270.0000      0.8122812    
   277.5000      0.7895392    
   285.0000      0.7681437    
   292.5000      0.7499364    
   300.0000      0.7356976    
   307.5000      0.7252506    
   315.0000      0.7187110    
   322.5000      0.7166622    
   330.0000      0.7201481    
   337.5000      0.7293136    
   345.0000      0.7441277    
   352.5000      0.7643273    
   360.0000      0.7869390    
