  0.0000000E+00  0.6950695    
   7.500000      0.7121000    
   15.00000      0.7332971    
   22.50000      0.7589434    
   30.00000      0.7889510    
   37.50000      0.8235346    
   45.00000      0.8585322    
   52.50000      0.9008827    
   60.00000      0.9481123    
   67.50000      0.9992292    
   75.00000       1.054769    
   82.50000       1.114885    
   90.00000       1.178086    
   97.50000       1.242551    
   105.0000       1.304239    
   112.5000       1.355626    
   120.0000       1.399921    
   127.5000       1.436660    
   135.0000       1.464044    
   142.5000       1.482024    
   150.0000       1.484535    
   157.5000       1.475198    
   165.0000       1.456527    
   172.5000       1.430013    
   180.0000       1.398705    
   187.5000       1.362408    
   195.0000       1.326234    
   202.5000       1.288265    
   210.0000       1.246260    
   217.5000       1.201378    
   225.0000       1.153725    
   232.5000       1.103433    
   240.0000       1.051273    
   247.5000      0.9996140    
   255.0000      0.9515113    
   262.5000      0.9037136    
   270.0000      0.8589479    
   277.5000      0.8181718    
   285.0000      0.7820398    
   292.5000      0.7509753    
   300.0000      0.7252288    
   307.5000      0.7048317    
   315.0000      0.6895851    
   322.5000      0.6792829    
   330.0000      0.6739855    
   337.5000      0.6732574    
   345.0000      0.6747152    
   352.5000      0.6824438    
   360.0000      0.6950695    
