  0.0000000E+00  0.6935580    
   7.500000      0.7156919    
   15.00000      0.7428222    
   22.50000      0.7746383    
   30.00000      0.8111876    
   37.50000      0.8531768    
   45.00000      0.9001524    
   52.50000      0.9476098    
   60.00000       1.001068    
   67.50000       1.058634    
   75.00000       1.120450    
   82.50000       1.184684    
   90.00000       1.249841    
   97.50000       1.314227    
   105.0000       1.375082    
   112.5000       1.427912    
   120.0000       1.466853    
   127.5000       1.493720    
   135.0000       1.507861    
   142.5000       1.507643    
   150.0000       1.494650    
   157.5000       1.470982    
   165.0000       1.439637    
   172.5000       1.402074    
   180.0000       1.361899    
   187.5000       1.320154    
   195.0000       1.283427    
   202.5000       1.241319    
   210.0000       1.197175    
   217.5000       1.151419    
   225.0000       1.104501    
   232.5000       1.056447    
   240.0000       1.007490    
   247.5000      0.9620866    
   255.0000      0.9160967    
   262.5000      0.8720957    
   270.0000      0.8306831    
   277.5000      0.7924980    
   285.0000      0.7581869    
   292.5000      0.7283262    
   300.0000      0.7033713    
   307.5000      0.6836417    
   315.0000      0.6693289    
   322.5000      0.6605161    
   330.0000      0.6572005    
   337.5000      0.6593169    
   345.0000      0.6667623    
   352.5000      0.6767250    
   360.0000      0.6935580    
