  0.0000000E+00  0.7366578    
   7.500000      0.7667986    
   15.00000      0.8033247    
   22.50000      0.8460737    
   30.00000      0.8944734    
   37.50000      0.9486616    
   45.00000       1.003186    
   52.50000       1.066613    
   60.00000       1.134225    
   67.50000       1.204449    
   75.00000       1.275359    
   82.50000       1.343998    
   90.00000       1.406222    
   97.50000       1.456755    
   105.0000       1.487583    
   112.5000       1.503106    
   120.0000       1.504203    
   127.5000       1.493102    
   135.0000       1.473850    
   142.5000       1.442278    
   150.0000       1.401465    
   157.5000       1.355470    
   165.0000       1.308290    
   172.5000       1.261228    
   180.0000       1.214658    
   187.5000       1.171378    
   195.0000       1.135685    
   202.5000       1.098804    
   210.0000       1.062537    
   217.5000       1.026602    
   225.0000      0.9909054    
   232.5000      0.9553624    
   240.0000      0.9218355    
   247.5000      0.8879972    
   255.0000      0.8537731    
   262.5000      0.8203845    
   270.0000      0.7891169    
   277.5000      0.7604679    
   285.0000      0.7347496    
   292.5000      0.7122803    
   300.0000      0.6943009    
   307.5000      0.6812982    
   315.0000      0.6736348    
   322.5000      0.6711885    
   330.0000      0.6740137    
   337.5000      0.6822672    
   345.0000      0.6961560    
   352.5000      0.7127560    
   360.0000      0.7366578    
