  0.0000000E+00  0.7482460    
   7.500000      0.7760363    
   15.00000      0.8098938    
   22.50000      0.8488697    
   30.00000      0.8925598    
   37.50000      0.9412920    
   45.00000      0.9957139    
   52.50000       1.050417    
   60.00000       1.112483    
   67.50000       1.177329    
   75.00000       1.244583    
   82.50000       1.313050    
   90.00000       1.379158    
   97.50000       1.439352    
   105.0000       1.489526    
   112.5000       1.525761    
   120.0000       1.544921    
   127.5000       1.544963    
   135.0000       1.525923    
   142.5000       1.490412    
   150.0000       1.441763    
   157.5000       1.384768    
   165.0000       1.323440    
   172.5000       1.262133    
   180.0000       1.202931    
   187.5000       1.153648    
   195.0000       1.106366    
   202.5000       1.063388    
   210.0000       1.024362    
   217.5000      0.9885932    
   225.0000      0.9553729    
   232.5000      0.9258007    
   240.0000      0.8979903    
   247.5000      0.8694773    
   255.0000      0.8409248    
   262.5000      0.8130136    
   270.0000      0.7866353    
   277.5000      0.7624206    
   285.0000      0.7403340    
   292.5000      0.7207425    
   300.0000      0.7051159    
   307.5000      0.6940376    
   315.0000      0.6876702    
   322.5000      0.6857777    
   330.0000      0.6885095    
   337.5000      0.6961608    
   345.0000      0.7090961    
   352.5000      0.7275978    
   360.0000      0.7482460    
