  0.0000000E+00  0.7603344    
   7.500000      0.7693920    
   15.00000      0.7825007    
   22.50000      0.7995469    
   30.00000      0.8209639    
   37.50000      0.8469273    
   45.00000      0.8771136    
   52.50000      0.9084054    
   60.00000      0.9433585    
   67.50000      0.9810681    
   75.00000       1.021201    
   82.50000       1.063237    
   90.00000       1.106350    
   97.50000       1.148716    
   105.0000       1.188700    
   112.5000       1.224972    
   120.0000       1.256316    
   127.5000       1.281476    
   135.0000       1.299266    
   142.5000       1.309100    
   150.0000       1.311102    
   157.5000       1.306024    
   165.0000       1.295046    
   172.5000       1.279505    
   180.0000       1.260559    
   187.5000       1.245694    
   195.0000       1.225628    
   202.5000       1.203059    
   210.0000       1.178292    
   217.5000       1.151287    
   225.0000       1.122092    
   232.5000       1.091588    
   240.0000       1.061483    
   247.5000       1.028200    
   255.0000      0.9936995    
   262.5000      0.9593854    
   270.0000      0.9260298    
   277.5000      0.8946000    
   285.0000      0.8658513    
   292.5000      0.8403816    
   300.0000      0.8185802    
   307.5000      0.8006280    
   315.0000      0.7863512    
   322.5000      0.7749908    
   330.0000      0.7663404    
   337.5000      0.7609053    
   345.0000      0.7562350    
   352.5000      0.7561215    
   360.0000      0.7603344    
