  0.0000000E+00  0.7071653    
   7.500000      0.7335916    
   15.00000      0.7658339    
   22.50000      0.8033459    
   30.00000      0.8459476    
   37.50000      0.8941628    
   45.00000      0.9449061    
   52.50000       1.000990    
   60.00000       1.063176    
   67.50000       1.129757    
   75.00000       1.200803    
   82.50000       1.273858    
   90.00000       1.345895    
   97.50000       1.413974    
   105.0000       1.470112    
   112.5000       1.509809    
   120.0000       1.535435    
   127.5000       1.546427    
   135.0000       1.544535    
   142.5000       1.527482    
   150.0000       1.496044    
   157.5000       1.454313    
   165.0000       1.406839    
   172.5000       1.355674    
   180.0000       1.302841    
   187.5000       1.251867    
   195.0000       1.207661    
   202.5000       1.161531    
   210.0000       1.116405    
   217.5000       1.072419    
   225.0000       1.029489    
   232.5000      0.9870923    
   240.0000      0.9457010    
   247.5000      0.9079050    
   255.0000      0.8691866    
   262.5000      0.8315874    
   270.0000      0.7960640    
   277.5000      0.7633581    
   285.0000      0.7341788    
   292.5000      0.7091306    
   300.0000      0.6886638    
   307.5000      0.6730614    
   315.0000      0.6624664    
   322.5000      0.6569854    
   330.0000      0.6567882    
   337.5000      0.6620910    
   345.0000      0.6730530    
   352.5000      0.6867203    
   360.0000      0.7071653    
