  0.0000000E+00  0.8232659    
   7.500000      0.8561637    
   15.00000      0.8955527    
   22.50000      0.9410849    
   30.00000      0.9923525    
   37.50000       1.048616    
   45.00000       1.108122    
   52.50000       1.163361    
   60.00000       1.217963    
   67.50000       1.265004    
   75.00000       1.299286    
   82.50000       1.315715    
   90.00000       1.312906    
   97.50000       1.294672    
   105.0000       1.266923    
   112.5000       1.236403    
   120.0000       1.208183    
   127.5000       1.184806    
   135.0000       1.165460    
   142.5000       1.149548    
   150.0000       1.135956    
   157.5000       1.123392    
   165.0000       1.111271    
   172.5000       1.099776    
   180.0000       1.090854    
   187.5000       1.079151    
   195.0000       1.066222    
   202.5000       1.052199    
   210.0000       1.036841    
   217.5000       1.019372    
   225.0000      0.9985880    
   232.5000      0.9795659    
   240.0000      0.9574584    
   247.5000      0.9333912    
   255.0000      0.9070901    
   262.5000      0.8800993    
   270.0000      0.8539429    
   277.5000      0.8286495    
   285.0000      0.8046476    
   292.5000      0.7841689    
   300.0000      0.7683815    
   307.5000      0.7569877    
   315.0000      0.7500374    
   322.5000      0.7478551    
   330.0000      0.7511966    
   337.5000      0.7608681    
   345.0000      0.7767743    
   352.5000      0.7989146    
   360.0000      0.8232659    
