  0.0000000E+00  0.7115138    
   7.500000      0.7388020    
   15.00000      0.7715216    
   22.50000      0.8094575    
   30.00000      0.8528777    
   37.50000      0.9024998    
   45.00000      0.9540151    
   52.50000       1.011845    
   60.00000       1.074982    
   67.50000       1.143157    
   75.00000       1.215426    
   82.50000       1.288810    
   90.00000       1.360729    
   97.50000       1.427952    
   105.0000       1.480879    
   112.5000       1.517322    
   120.0000       1.540029    
   127.5000       1.545981    
   135.0000       1.539986    
   142.5000       1.519545    
   150.0000       1.484962    
   157.5000       1.441111    
   165.0000       1.391910    
   172.5000       1.339267    
   180.0000       1.287082    
   187.5000       1.236316    
   195.0000       1.192530    
   202.5000       1.147526    
   210.0000       1.103988    
   217.5000       1.061813    
   225.0000       1.020310    
   232.5000      0.9793047    
   240.0000      0.9394825    
   247.5000      0.9023747    
   255.0000      0.8645855    
   262.5000      0.8279108    
   270.0000      0.7931249    
   277.5000      0.7611705    
   285.0000      0.7326987    
   292.5000      0.7083187    
   300.0000      0.6884509    
   307.5000      0.6733276    
   315.0000      0.6630931    
   322.5000      0.6579740    
   330.0000      0.6583134    
   337.5000      0.6643674    
   345.0000      0.6760449    
   352.5000      0.6901283    
   360.0000      0.7115138    
