  0.0000000E+00  0.6894131    
   7.500000      0.7062226    
   15.00000      0.7277205    
   22.50000      0.7539086    
   30.00000      0.7846738    
   37.50000      0.8205470    
   45.00000      0.8571864    
   52.50000      0.9014224    
   60.00000      0.9502008    
   67.50000       1.003395    
   75.00000       1.061926    
   82.50000       1.125064    
   90.00000       1.191136    
   97.50000       1.258725    
   105.0000       1.321465    
   112.5000       1.374464    
   120.0000       1.421666    
   127.5000       1.459850    
   135.0000       1.486057    
   142.5000       1.503127    
   150.0000       1.504785    
   157.5000       1.493490    
   165.0000       1.472099    
   172.5000       1.442501    
   180.0000       1.407522    
   187.5000       1.367357    
   195.0000       1.326446    
   202.5000       1.286133    
   210.0000       1.241617    
   217.5000       1.194590    
   225.0000       1.144861    
   232.5000       1.093232    
   240.0000       1.040592    
   247.5000      0.9892271    
   255.0000      0.9418850    
   262.5000      0.8954003    
   270.0000      0.8520209    
   277.5000      0.8124858    
   285.0000      0.7773513    
   292.5000      0.7470014    
   300.0000      0.7216214    
   307.5000      0.7012411    
   315.0000      0.6856791    
   322.5000      0.6750633    
   330.0000      0.6693803    
   337.5000      0.6683470    
   345.0000      0.6694464    
   352.5000      0.6769108    
   360.0000      0.6894131    
