  0.0000000E+00  0.7865040    
   7.500000      0.8184101    
   15.00000      0.8562408    
   22.50000      0.8996009    
   30.00000      0.9483308    
   37.50000       1.002194    
   45.00000       1.054302    
   52.50000       1.112308    
   60.00000       1.171196    
   67.50000       1.228320    
   75.00000       1.280494    
   82.50000       1.324131    
   90.00000       1.356345    
   97.50000       1.375817    
   105.0000       1.382426    
   112.5000       1.377237    
   120.0000       1.362298    
   127.5000       1.340300    
   135.0000       1.313397    
   142.5000       1.283427    
   150.0000       1.252463    
   157.5000       1.221169    
   165.0000       1.190355    
   172.5000       1.160169    
   180.0000       1.131684    
   187.5000       1.109473    
   195.0000       1.085675    
   202.5000       1.061993    
   210.0000       1.037838    
   217.5000       1.012879    
   225.0000      0.9874445    
   232.5000      0.9615086    
   240.0000      0.9364274    
   247.5000      0.9083704    
   255.0000      0.8796049    
   262.5000      0.8511995    
   270.0000      0.8232200    
   277.5000      0.7962992    
   285.0000      0.7722502    
   292.5000      0.7520713    
   300.0000      0.7356586    
   307.5000      0.7232518    
   315.0000      0.7156668    
   322.5000      0.7137286    
   330.0000      0.7175269    
   337.5000      0.7272697    
   345.0000      0.7427937    
   352.5000      0.7606846    
   360.0000      0.7865040    
