  0.0000000E+00  0.6894007    
   7.500000      0.7107346    
   15.00000      0.7375192    
   22.50000      0.7690647    
   30.00000      0.8045927    
   37.50000      0.8435925    
   45.00000      0.8864334    
   52.50000      0.9334716    
   60.00000      0.9800460    
   67.50000       1.030954    
   75.00000       1.083346    
   82.50000       1.138165    
   90.00000       1.193866    
   97.50000       1.247877    
   105.0000       1.298581    
   112.5000       1.344703    
   120.0000       1.384187    
   127.5000       1.415015    
   135.0000       1.435585    
   142.5000       1.445331    
   150.0000       1.444777    
   157.5000       1.435494    
   165.0000       1.419006    
   172.5000       1.397007    
   180.0000       1.372375    
   187.5000       1.351167    
   195.0000       1.324545    
   202.5000       1.295467    
   210.0000       1.263862    
   217.5000       1.229266    
   225.0000       1.190830    
   232.5000       1.146849    
   240.0000       1.096265    
   247.5000       1.043580    
   255.0000      0.9846367    
   262.5000      0.9234871    
   270.0000      0.8639594    
   277.5000      0.8095092    
   285.0000      0.7621723    
   292.5000      0.7232674    
   300.0000      0.6930211    
   307.5000      0.6708825    
   315.0000      0.6561531    
   322.5000      0.6480687    
   330.0000      0.6460120    
   337.5000      0.6495259    
   345.0000      0.6582585    
   352.5000      0.6719508    
   360.0000      0.6894007    
