  0.0000000E+00  0.8373525    
   7.500000      0.8643198    
   15.00000      0.8936007    
   22.50000      0.9230804    
   30.00000      0.9515610    
   37.50000      0.9785733    
   45.00000      0.9994691    
   52.50000       1.020848    
   60.00000       1.039723    
   67.50000       1.057990    
   75.00000       1.076978    
   82.50000       1.096882    
   90.00000       1.117425    
   97.50000       1.138330    
   105.0000       1.159264    
   112.5000       1.178893    
   120.0000       1.196190    
   127.5000       1.210047    
   135.0000       1.219397    
   142.5000       1.223680    
   150.0000       1.222780    
   157.5000       1.217066    
   165.0000       1.207229    
   172.5000       1.194113    
   180.0000       1.181128    
   187.5000       1.167128    
   195.0000       1.150249    
   202.5000       1.131328    
   210.0000       1.110391    
   217.5000       1.087224    
   225.0000       1.062403    
   232.5000       1.038617    
   240.0000       1.010804    
   247.5000      0.9805708    
   255.0000      0.9494680    
   262.5000      0.9183671    
   270.0000      0.8873190    
   277.5000      0.8578856    
   285.0000      0.8316691    
   292.5000      0.8095589    
   300.0000      0.7920194    
   307.5000      0.7794454    
   315.0000      0.7721851    
   322.5000      0.7704695    
   330.0000      0.7744137    
   337.5000      0.7840144    
   345.0000      0.7986523    
   352.5000      0.8146797    
   360.0000      0.8373525    
