  0.0000000E+00  0.7263972    
   7.500000      0.7454440    
   15.00000      0.7686706    
   22.50000      0.7957502    
   30.00000      0.8261760    
   37.50000      0.8594360    
   45.00000      0.8906553    
   52.50000      0.9263325    
   60.00000      0.9643796    
   67.50000       1.004852    
   75.00000       1.047672    
   82.50000       1.092385    
   90.00000       1.138154    
   97.50000       1.184202    
   105.0000       1.229513    
   112.5000       1.272031    
   120.0000       1.308614    
   127.5000       1.337057    
   135.0000       1.356558    
   142.5000       1.366960    
   150.0000       1.368552    
   157.5000       1.362262    
   165.0000       1.349472    
   172.5000       1.331706    
   180.0000       1.310191    
   187.5000       1.286027    
   195.0000       1.268592    
   202.5000       1.244492    
   210.0000       1.217536    
   217.5000       1.187511    
   225.0000       1.153931    
   232.5000       1.117123    
   240.0000       1.077394    
   247.5000       1.038372    
   255.0000      0.9956578    
   262.5000      0.9519981    
   270.0000      0.9084450    
   277.5000      0.8662239    
   285.0000      0.8266088    
   292.5000      0.7908988    
   300.0000      0.7602550    
   307.5000      0.7355165    
   315.0000      0.7171316    
   322.5000      0.7051398    
   330.0000      0.6993740    
   337.5000      0.6986409    
   345.0000      0.7023871    
   352.5000      0.7119085    
   360.0000      0.7263972    
