  0.0000000E+00  0.8264402    
   7.500000      0.8427894    
   15.00000      0.8608327    
   22.50000      0.8794236    
   30.00000      0.8980417    
   37.50000      0.9176381    
   45.00000      0.9381532    
   52.50000      0.9580891    
   60.00000      0.9816565    
   67.50000       1.007597    
   75.00000       1.035850    
   82.50000       1.065781    
   90.00000       1.096875    
   97.50000       1.128170    
   105.0000       1.158576    
   112.5000       1.186858    
   120.0000       1.211528    
   127.5000       1.231179    
   135.0000       1.244860    
   142.5000       1.252151    
   150.0000       1.253150    
   157.5000       1.248427    
   165.0000       1.238844    
   172.5000       1.225364    
   180.0000       1.210938    
   187.5000       1.196821    
   195.0000       1.178972    
   202.5000       1.159101    
   210.0000       1.137394    
   217.5000       1.113452    
   225.0000       1.086262    
   232.5000       1.059654    
   240.0000       1.030852    
   247.5000      0.9999361    
   255.0000      0.9677386    
   262.5000      0.9348658    
   270.0000      0.9028042    
   277.5000      0.8731780    
   285.0000      0.8466903    
   292.5000      0.8240451    
   300.0000      0.8058303    
   307.5000      0.7924786    
   315.0000      0.7842571    
   322.5000      0.7812639    
   330.0000      0.7834233    
   337.5000      0.7904352    
   345.0000      0.7990319    
   352.5000      0.8112831    
   360.0000      0.8264402    
