  0.0000000E+00  0.6836115    
   7.500000      0.7006873    
   15.00000      0.7227160    
   22.50000      0.7495997    
   30.00000      0.7814693    
   37.50000      0.8187902    
   45.00000      0.8572915    
   52.50000      0.9031600    
   60.00000      0.9535035    
   67.50000       1.009337    
   75.00000       1.071019    
   82.50000       1.136872    
   90.00000       1.206064    
   97.50000       1.276716    
   105.0000       1.340178    
   112.5000       1.395468    
   120.0000       1.445423    
   127.5000       1.484109    
   135.0000       1.508915    
   142.5000       1.523848    
   150.0000       1.524531    
   157.5000       1.510438    
   165.0000       1.485666    
   172.5000       1.452157    
   180.0000       1.413009    
   187.5000       1.368715    
   195.0000       1.323417    
   202.5000       1.281098    
   210.0000       1.234315    
   217.5000       1.185053    
   225.0000       1.134039    
   232.5000       1.081923    
   240.0000       1.029600    
   247.5000      0.9793198    
   255.0000      0.9332703    
   262.5000      0.8882645    
   270.0000      0.8461887    
   277.5000      0.8077007    
   285.0000      0.7732883    
   292.5000      0.7433148    
   300.0000      0.7180156    
   307.5000      0.6973320    
   315.0000      0.6814443    
   322.5000      0.6704445    
   330.0000      0.6643390    
   337.5000      0.6630434    
   345.0000      0.6637981    
   352.5000      0.6713787    
   360.0000      0.6836115    
