  0.0000000E+00  0.8537887    
   7.500000      0.8828768    
   15.00000      0.9137840    
   22.50000      0.9439262    
   30.00000      0.9714703    
   37.50000      0.9953955    
   45.00000       1.011626    
   52.50000       1.025023    
   60.00000       1.036100    
   67.50000       1.047193    
   75.00000       1.059258    
   82.50000       1.073651    
   90.00000       1.091077    
   97.50000       1.110775    
   105.0000       1.131501    
   112.5000       1.151757    
   120.0000       1.170067    
   127.5000       1.185161    
   135.0000       1.196165    
   142.5000       1.202526    
   150.0000       1.204055    
   157.5000       1.200958    
   165.0000       1.193745    
   172.5000       1.183092    
   180.0000       1.175286    
   187.5000       1.162331    
   195.0000       1.147137    
   202.5000       1.129886    
   210.0000       1.110352    
   217.5000       1.087844    
   225.0000       1.062958    
   232.5000       1.041105    
   240.0000       1.014621    
   247.5000      0.9854125    
   255.0000      0.9545614    
   262.5000      0.9238842    
   270.0000      0.8939126    
   277.5000      0.8646987    
   285.0000      0.8382179    
   292.5000      0.8158354    
   300.0000      0.7984633    
   307.5000      0.7862251    
   315.0000      0.7794635    
   322.5000      0.7784427    
   330.0000      0.7833303    
   337.5000      0.7941787    
   345.0000      0.8108389    
   352.5000      0.8289821    
   360.0000      0.8537887    
