  0.0000000E+00  0.8587617    
   7.500000      0.8854771    
   15.00000      0.9164449    
   22.50000      0.9566393    
   30.00000       1.004000    
   37.50000       1.057837    
   45.00000       1.116857    
   52.50000       1.178365    
   60.00000       1.233390    
   67.50000       1.288035    
   75.00000       1.339843    
   82.50000       1.383416    
   90.00000       1.414725    
   97.50000       1.430809    
   105.0000       1.430438    
   112.5000       1.413157    
   120.0000       1.382225    
   127.5000       1.341017    
   135.0000       1.292342    
   142.5000       1.240348    
   150.0000       1.187099    
   157.5000       1.143802    
   165.0000       1.100014    
   172.5000       1.059617    
   180.0000       1.023166    
   187.5000      0.9904951    
   195.0000      0.9618186    
   202.5000      0.9412167    
   210.0000      0.9212857    
   217.5000      0.9027640    
   225.0000      0.8851889    
   232.5000      0.8690183    
   240.0000      0.8552688    
   247.5000      0.8420351    
   255.0000      0.8294662    
   262.5000      0.8192791    
   270.0000      0.8100562    
   277.5000      0.8014196    
   285.0000      0.7935551    
   292.5000      0.7873701    
   300.0000      0.7825846    
   307.5000      0.7796395    
   315.0000      0.7794259    
   322.5000      0.7826832    
   330.0000      0.7890077    
   337.5000      0.7992636    
   345.0000      0.8137577    
   352.5000      0.8335488    
   360.0000      0.8587617    
