  0.0000000E+00  0.8026006    
   7.500000      0.8403989    
   15.00000      0.8817712    
   22.50000      0.9211971    
   30.00000      0.9665428    
   37.50000       1.016272    
   45.00000       1.070741    
   52.50000       1.130165    
   60.00000       1.194659    
   67.50000       1.262768    
   75.00000       1.325320    
   82.50000       1.390891    
   90.00000       1.454215    
   97.50000       1.510960    
   105.0000       1.555448    
   112.5000       1.583222    
   120.0000       1.588594    
   127.5000       1.571713    
   135.0000       1.533027    
   142.5000       1.478984    
   150.0000       1.413215    
   157.5000       1.349516    
   165.0000       1.281575    
   172.5000       1.215524    
   180.0000       1.153978    
   187.5000       1.097327    
   195.0000       1.046784    
   202.5000       1.005721    
   210.0000      0.9659328    
   217.5000      0.9288545    
   225.0000      0.8942195    
   232.5000      0.8606666    
   240.0000      0.8289545    
   247.5000      0.8030416    
   255.0000      0.7767195    
   262.5000      0.7518759    
   270.0000      0.7295157    
   277.5000      0.7103418    
   285.0000      0.6947464    
   292.5000      0.6838269    
   300.0000      0.6777082    
   307.5000      0.6764975    
   315.0000      0.6801512    
   322.5000      0.6870478    
   330.0000      0.6975569    
   337.5000      0.7159852    
   345.0000      0.7400643    
   352.5000      0.7691277    
   360.0000      0.8026006    
