  0.0000000E+00  0.7210001    
   7.500000      0.7465932    
   15.00000      0.7780176    
   22.50000      0.8151911    
   30.00000      0.8577785    
   37.50000      0.9050149    
   45.00000      0.9569494    
   52.50000       1.008629    
   60.00000       1.067891    
   67.50000       1.131258    
   75.00000       1.196876    
   82.50000       1.264219    
   90.00000       1.331807    
   97.50000       1.396026    
   105.0000       1.453268    
   112.5000       1.499837    
   120.0000       1.532368    
   127.5000       1.548552    
   135.0000       1.547842    
   142.5000       1.531109    
   150.0000       1.500243    
   157.5000       1.459239    
   165.0000       1.410679    
   172.5000       1.357362    
   180.0000       1.302722    
   187.5000       1.247763    
   195.0000       1.199589    
   202.5000       1.149685    
   210.0000       1.100683    
   217.5000       1.053327    
   225.0000       1.007977    
   232.5000      0.9644812    
   240.0000      0.9263756    
   247.5000      0.8878267    
   255.0000      0.8511777    
   262.5000      0.8167878    
   270.0000      0.7850159    
   277.5000      0.7562866    
   285.0000      0.7306845    
   292.5000      0.7083163    
   300.0000      0.6902584    
   307.5000      0.6768938    
   315.0000      0.6686534    
   322.5000      0.6655156    
   330.0000      0.6672535    
   337.5000      0.6738826    
   345.0000      0.6854960    
   352.5000      0.7010101    
   360.0000      0.7210001    
