  0.0000000E+00  0.7469231    
   7.500000      0.7755851    
   15.00000      0.8093938    
   22.50000      0.8491983    
   30.00000      0.8951314    
   37.50000      0.9471672    
   45.00000       1.002514    
   52.50000       1.059623    
   60.00000       1.122467    
   67.50000       1.189559    
   75.00000       1.258711    
   82.50000       1.327065    
   90.00000       1.391325    
   97.50000       1.447540    
   105.0000       1.491518    
   112.5000       1.519664    
   120.0000       1.528973    
   127.5000       1.520701    
   135.0000       1.494887    
   142.5000       1.455536    
   150.0000       1.406611    
   157.5000       1.353043    
   165.0000       1.297752    
   172.5000       1.244356    
   180.0000       1.193327    
   187.5000       1.150952    
   195.0000       1.110554    
   202.5000       1.072673    
   210.0000       1.037534    
   217.5000       1.004024    
   225.0000      0.9702407    
   232.5000      0.9376339    
   240.0000      0.9089658    
   247.5000      0.8788265    
   255.0000      0.8491266    
   262.5000      0.8201241    
   270.0000      0.7918149    
   277.5000      0.7653004    
   285.0000      0.7417468    
   292.5000      0.7219020    
   300.0000      0.7057095    
   307.5000      0.6933502    
   315.0000      0.6853494    
   322.5000      0.6827297    
   330.0000      0.6855738    
   337.5000      0.6939129    
   345.0000      0.7076470    
   352.5000      0.7242438    
   360.0000      0.7469231    
