  0.0000000E+00  0.7673088    
   7.500000      0.8096061    
   15.00000      0.8573174    
   22.50000      0.9072220    
   30.00000      0.9572701    
   37.50000       1.012936    
   45.00000       1.071169    
   52.50000       1.131358    
   60.00000       1.193429    
   67.50000       1.257458    
   75.00000       1.317220    
   82.50000       1.375519    
   90.00000       1.435563    
   97.50000       1.491738    
   105.0000       1.539609    
   112.5000       1.576388    
   120.0000       1.595575    
   127.5000       1.594998    
   135.0000       1.573728    
   142.5000       1.533073    
   150.0000       1.478505    
   157.5000       1.422383    
   165.0000       1.356636    
   172.5000       1.289362    
   180.0000       1.223677    
   187.5000       1.161158    
   195.0000       1.102390    
   202.5000       1.053689    
   210.0000       1.006333    
   217.5000      0.9620417    
   225.0000      0.9200096    
   232.5000      0.8806440    
   240.0000      0.8425480    
   247.5000      0.8095557    
   255.0000      0.7774361    
   262.5000      0.7478034    
   270.0000      0.7206872    
   277.5000      0.6967710    
   285.0000      0.6769080    
   292.5000      0.6614686    
   300.0000      0.6506861    
   307.5000      0.6454673    
   315.0000      0.6462032    
   322.5000      0.6526557    
   330.0000      0.6637355    
   337.5000      0.6782531    
   345.0000      0.7012026    
   352.5000      0.7310488    
   360.0000      0.7673088    
