  0.0000000E+00  0.6946880    
   7.500000      0.7174168    
   15.00000      0.7450464    
   22.50000      0.7774241    
   30.00000      0.8153049    
   37.50000      0.8587226    
   45.00000      0.9066065    
   52.50000      0.9552687    
   60.00000       1.009771    
   67.50000       1.069256    
   75.00000       1.132567    
   82.50000       1.198316    
   90.00000       1.265093    
   97.50000       1.330931    
   105.0000       1.392815    
   112.5000       1.444319    
   120.0000       1.481472    
   127.5000       1.506576    
   135.0000       1.519656    
   142.5000       1.517220    
   150.0000       1.501789    
   157.5000       1.475585    
   165.0000       1.441421    
   172.5000       1.401151    
   180.0000       1.359057    
   187.5000       1.314789    
   195.0000       1.275286    
   202.5000       1.231034    
   210.0000       1.185517    
   217.5000       1.139188    
   225.0000       1.091732    
   232.5000       1.043353    
   240.0000      0.9945250    
   247.5000      0.9500283    
   255.0000      0.9056051    
   262.5000      0.8629534    
   270.0000      0.8226964    
   277.5000      0.7855495    
   285.0000      0.7522030    
   292.5000      0.7232468    
   300.0000      0.6991376    
   307.5000      0.6801962    
   315.0000      0.6666169    
   322.5000      0.6584851    
   330.0000      0.6558004    
   337.5000      0.6585030    
   345.0000      0.6665055    
   352.5000      0.6771903    
   360.0000      0.6946880    
