  0.0000000E+00  0.7343908    
   7.500000      0.7445740    
   15.00000      0.7597812    
   22.50000      0.7802045    
   30.00000      0.8055364    
   37.50000      0.8353181    
   45.00000      0.8690212    
   52.50000      0.9041157    
   60.00000      0.9416395    
   67.50000      0.9825850    
   75.00000       1.026634    
   82.50000       1.072513    
   90.00000       1.118461    
   97.50000       1.163097    
   105.0000       1.205602    
   112.5000       1.244609    
   120.0000       1.278390    
   127.5000       1.305270    
   135.0000       1.324000    
   142.5000       1.334100    
   150.0000       1.335799    
   157.5000       1.329945    
   165.0000       1.317836    
   172.5000       1.300946    
   180.0000       1.280552    
   187.5000       1.264876    
   195.0000       1.243213    
   202.5000       1.219325    
   210.0000       1.193171    
   217.5000       1.164966    
   225.0000       1.135091    
   232.5000       1.102210    
   240.0000       1.071705    
   247.5000       1.037410    
   255.0000       1.001948    
   262.5000      0.9664506    
   270.0000      0.9316618    
   277.5000      0.8985139    
   285.0000      0.8676510    
   292.5000      0.8395591    
   300.0000      0.8143977    
   307.5000      0.7918615    
   315.0000      0.7719849    
   322.5000      0.7556488    
   330.0000      0.7431059    
   337.5000      0.7344238    
   345.0000      0.7286732    
   352.5000      0.7287818    
   360.0000      0.7343908    
