  0.0000000E+00  0.7774572    
   7.500000      0.8069848    
   15.00000      0.8416277    
   22.50000      0.8814374    
   30.00000      0.9275084    
   37.50000      0.9799457    
   45.00000       1.038126    
   52.50000       1.096120    
   60.00000       1.159883    
   67.50000       1.226842    
   75.00000       1.295041    
   82.50000       1.360901    
   90.00000       1.420339    
   97.50000       1.468487    
   105.0000       1.500088    
   112.5000       1.510789    
   120.0000       1.499282    
   127.5000       1.467226    
   135.0000       1.419109    
   142.5000       1.361164    
   150.0000       1.300054    
   157.5000       1.240910    
   165.0000       1.187155    
   172.5000       1.139293    
   180.0000       1.102610    
   187.5000       1.071216    
   195.0000       1.043095    
   202.5000       1.017700    
   210.0000      0.9936987    
   217.5000      0.9704690    
   225.0000      0.9472529    
   232.5000      0.9275748    
   240.0000      0.9050614    
   247.5000      0.8810454    
   255.0000      0.8558224    
   262.5000      0.8307003    
   270.0000      0.8064737    
   277.5000      0.7830112    
   285.0000      0.7611926    
   292.5000      0.7427306    
   300.0000      0.7282184    
   307.5000      0.7174581    
   315.0000      0.7106796    
   322.5000      0.7084491    
   330.0000      0.7117777    
   337.5000      0.7207115    
   345.0000      0.7352623    
   352.5000      0.7551779    
   360.0000      0.7774572    
