  0.0000000E+00  0.7661017    
   7.500000      0.7951686    
   15.00000      0.8293409    
   22.50000      0.8692220    
   30.00000      0.9153070    
   37.50000      0.9676308    
   45.00000       1.025413    
   52.50000       1.082543    
   60.00000       1.145629    
   67.50000       1.211716    
   75.00000       1.279408    
   82.50000       1.345348    
   90.00000       1.405782    
   97.50000       1.456398    
   105.0000       1.492739    
   112.5000       1.510936    
   120.0000       1.508925    
   127.5000       1.487499    
   135.0000       1.449688    
   142.5000       1.400287    
   150.0000       1.344449    
   157.5000       1.287295    
   165.0000       1.231875    
   172.5000       1.181473    
   180.0000       1.136420    
   187.5000       1.101024    
   195.0000       1.067523    
   202.5000       1.036911    
   210.0000       1.008472    
   217.5000      0.9815440    
   225.0000      0.9554369    
   232.5000      0.9318179    
   240.0000      0.9063898    
   247.5000      0.8796565    
   255.0000      0.8526867    
   262.5000      0.8263531    
   270.0000      0.8007476    
   277.5000      0.7759196    
   285.0000      0.7536237    
   292.5000      0.7349024    
   300.0000      0.7197820    
   307.5000      0.7083330    
   315.0000      0.7009853    
   322.5000      0.6986879    
   330.0000      0.7019810    
   337.5000      0.7107774    
   345.0000      0.7250782    
   352.5000      0.7440154    
   360.0000      0.7661017    
