  0.0000000E+00  0.8954133    
   7.500000      0.9185166    
   15.00000      0.9510819    
   22.50000      0.9897895    
   30.00000       1.033224    
   37.50000       1.079757    
   45.00000       1.127095    
   52.50000       1.167202    
   60.00000       1.206510    
   67.50000       1.243619    
   75.00000       1.274381    
   82.50000       1.296288    
   90.00000       1.307624    
   97.50000       1.307410    
   105.0000       1.296724    
   112.5000       1.277519    
   120.0000       1.251223    
   127.5000       1.218970    
   135.0000       1.183130    
   142.5000       1.146033    
   150.0000       1.108316    
   157.5000       1.078819    
   165.0000       1.048197    
   172.5000       1.019604    
   180.0000      0.9935137    
   187.5000      0.9704876    
   195.0000      0.9506064    
   202.5000      0.9377001    
   210.0000      0.9250118    
   217.5000      0.9148178    
   225.0000      0.9071057    
   232.5000      0.9008492    
   240.0000      0.8941337    
   247.5000      0.8878487    
   255.0000      0.8803630    
   262.5000      0.8729897    
   270.0000      0.8649966    
   277.5000      0.8566225    
   285.0000      0.8483344    
   292.5000      0.8407869    
   300.0000      0.8344101    
   307.5000      0.8298068    
   315.0000      0.8281444    
   322.5000      0.8293339    
   330.0000      0.8344054    
   337.5000      0.8438432    
   345.0000      0.8578788    
   352.5000      0.8763542    
   360.0000      0.8954133    
