  0.0000000E+00  0.6652353    
   7.500000      0.6851906    
   15.00000      0.7112426    
   22.50000      0.7430318    
   30.00000      0.7805759    
   37.50000      0.8238063    
   45.00000      0.8685569    
   52.50000      0.9220785    
   60.00000      0.9823375    
   67.50000       1.048740    
   75.00000       1.121380    
   82.50000       1.199930    
   90.00000       1.281718    
   97.50000       1.357985    
   105.0000       1.426947    
   112.5000       1.490815    
   120.0000       1.543005    
   127.5000       1.578912    
   135.0000       1.595465    
   142.5000       1.591486    
   150.0000       1.578363    
   157.5000       1.546347    
   165.0000       1.503152    
   172.5000       1.452617    
   180.0000       1.398249    
   187.5000       1.343325    
   195.0000       1.288510    
   202.5000       1.240011    
   210.0000       1.189589    
   217.5000       1.140033    
   225.0000       1.091414    
   232.5000       1.043689    
   240.0000      0.9963029    
   247.5000      0.9527653    
   255.0000      0.9107997    
   262.5000      0.8692005    
   270.0000      0.8293627    
   277.5000      0.7919207    
   285.0000      0.7574670    
   292.5000      0.7265773    
   300.0000      0.6997778    
   307.5000      0.6775345    
   315.0000      0.6602071    
   322.5000      0.6481161    
   330.0000      0.6414862    
   337.5000      0.6403382    
   345.0000      0.6422651    
   352.5000      0.6509444    
   360.0000      0.6652353    
