  0.0000000E+00  0.7469146    
   7.500000      0.7733763    
   15.00000      0.8055936    
   22.50000      0.8436897    
   30.00000      0.8875581    
   37.50000      0.9360353    
   45.00000      0.9887861    
   52.50000       1.041703    
   60.00000       1.100381    
   67.50000       1.164446    
   75.00000       1.230602    
   82.50000       1.297915    
   90.00000       1.364686    
   97.50000       1.427641    
   105.0000       1.482562    
   112.5000       1.525442    
   120.0000       1.552881    
   127.5000       1.562329    
   135.0000       1.552626    
   142.5000       1.524810    
   150.0000       1.481656    
   157.5000       1.426540    
   165.0000       1.363627    
   172.5000       1.297343    
   180.0000       1.230901    
   187.5000       1.172948    
   195.0000       1.117147    
   202.5000       1.067164    
   210.0000       1.023055    
   217.5000      0.9837180    
   225.0000      0.9475019    
   232.5000      0.9163198    
   240.0000      0.8865249    
   247.5000      0.8578057    
   255.0000      0.8306214    
   262.5000      0.8045299    
   270.0000      0.7794208    
   277.5000      0.7557640    
   285.0000      0.7349369    
   292.5000      0.7173585    
   300.0000      0.7028789    
   307.5000      0.6918567    
   315.0000      0.6851142    
   322.5000      0.6834375    
   330.0000      0.6868360    
   337.5000      0.6951885    
   345.0000      0.7083055    
   352.5000      0.7263085    
   360.0000      0.7469146    
