  0.0000000E+00  0.6689186    
   7.500000      0.6879124    
   15.00000      0.7124490    
   22.50000      0.7429807    
   30.00000      0.7791927    
   37.50000      0.8209946    
   45.00000      0.8641379    
   52.50000      0.9150722    
   60.00000      0.9730251    
   67.50000       1.036949    
   75.00000       1.106573    
   82.50000       1.181686    
   90.00000       1.260730    
   97.50000       1.336789    
   105.0000       1.403423    
   112.5000       1.466516    
   120.0000       1.518871    
   127.5000       1.556861    
   135.0000       1.576600    
   142.5000       1.577714    
   150.0000       1.570623    
   157.5000       1.543629    
   165.0000       1.505026    
   172.5000       1.458420    
   180.0000       1.406535    
   187.5000       1.353611    
   195.0000       1.299613    
   202.5000       1.252202    
   210.0000       1.201297    
   217.5000       1.150565    
   225.0000       1.100443    
   232.5000       1.050932    
   240.0000       1.002485    
   247.5000      0.9576796    
   255.0000      0.9150701    
   262.5000      0.8731275    
   270.0000      0.8332394    
   277.5000      0.7959806    
   285.0000      0.7618984    
   292.5000      0.7314733    
   300.0000      0.7051362    
   307.5000      0.6832708    
   315.0000      0.6661994    
   322.5000      0.6541487    
   330.0000      0.6473684    
   337.5000      0.6458966    
   345.0000      0.6473117    
   352.5000      0.6553514    
   360.0000      0.6689186    
