  0.0000000E+00  0.7482021    
   7.500000      0.7675930    
   15.00000      0.7915892    
   22.50000      0.8199167    
   30.00000      0.8520241    
   37.50000      0.8872606    
   45.00000      0.9205008    
   52.50000      0.9575233    
   60.00000      0.9956555    
   67.50000       1.034285    
   75.00000       1.072903    
   82.50000       1.111128    
   90.00000       1.148611    
   97.50000       1.184705    
   105.0000       1.218696    
   112.5000       1.249535    
   120.0000       1.275993    
   127.5000       1.296642    
   135.0000       1.310165    
   142.5000       1.315840    
   150.0000       1.313827    
   157.5000       1.305093    
   165.0000       1.291076    
   172.5000       1.273270    
   180.0000       1.252932    
   187.5000       1.230995    
   195.0000       1.213698    
   202.5000       1.192201    
   210.0000       1.168707    
   217.5000       1.142824    
   225.0000       1.114654    
   232.5000       1.084409    
   240.0000       1.051893    
   247.5000       1.020460    
   255.0000      0.9856260    
   262.5000      0.9494799    
   270.0000      0.9133232    
   277.5000      0.8780951    
   285.0000      0.8447695    
   292.5000      0.8142397    
   300.0000      0.7872890    
   307.5000      0.7644361    
   315.0000      0.7461944    
   322.5000      0.7329906    
   330.0000      0.7254502    
   337.5000      0.7218308    
   345.0000      0.7243714    
   352.5000      0.7334357    
   360.0000      0.7482021    
