  0.0000000E+00  0.7310659    
   7.500000      0.7604059    
   15.00000      0.7959849    
   22.50000      0.8378958    
   30.00000      0.8858802    
   37.50000      0.9394425    
   45.00000      0.9931428    
   52.50000       1.055513    
   60.00000       1.123207    
   67.50000       1.194062    
   75.00000       1.265994    
   82.50000       1.336900    
   90.00000       1.402655    
   97.50000       1.458105    
   105.0000       1.493603    
   112.5000       1.514031    
   120.0000       1.517974    
   127.5000       1.509297    
   135.0000       1.491416    
   142.5000       1.460882    
   150.0000       1.419944    
   157.5000       1.372981    
   165.0000       1.323960    
   172.5000       1.275252    
   180.0000       1.227127    
   187.5000       1.181300    
   195.0000       1.144313    
   202.5000       1.106006    
   210.0000       1.068621    
   217.5000       1.031592    
   225.0000      0.9948357    
   232.5000      0.9583015    
   240.0000      0.9236017    
   247.5000      0.8892917    
   255.0000      0.8545734    
   262.5000      0.8205049    
   270.0000      0.7885153    
   277.5000      0.7592613    
   285.0000      0.7332376    
   292.5000      0.7106538    
   300.0000      0.6920910    
   307.5000      0.6785491    
   315.0000      0.6703051    
   322.5000      0.6675589    
   330.0000      0.6701679    
   337.5000      0.6781446    
   345.0000      0.6916035    
   352.5000      0.7079670    
   360.0000      0.7310659    
