  0.0000000E+00  0.7979265    
   7.500000      0.8194736    
   15.00000      0.8450996    
   22.50000      0.8747426    
   30.00000      0.9079537    
   37.50000      0.9422981    
   45.00000      0.9777676    
   52.50000       1.016754    
   60.00000       1.057140    
   67.50000       1.097879    
   75.00000       1.137763    
   82.50000       1.175308    
   90.00000       1.209188    
   97.50000       1.238325    
   105.0000       1.261596    
   112.5000       1.278435    
   120.0000       1.288532    
   127.5000       1.291895    
   135.0000       1.289038    
   142.5000       1.280305    
   150.0000       1.266820    
   157.5000       1.249287    
   165.0000       1.228837    
   172.5000       1.206472    
   180.0000       1.183022    
   187.5000       1.162068    
   195.0000       1.141334    
   202.5000       1.118858    
   210.0000       1.095376    
   217.5000       1.070180    
   225.0000       1.043199    
   232.5000       1.015056    
   240.0000      0.9894884    
   247.5000      0.9597844    
   255.0000      0.9288723    
   262.5000      0.8980843    
   270.0000      0.8682706    
   277.5000      0.8399671    
   285.0000      0.8146487    
   292.5000      0.7931494    
   300.0000      0.7755871    
   307.5000      0.7627390    
   315.0000      0.7547196    
   322.5000      0.7516791    
   330.0000      0.7533684    
   337.5000      0.7577701    
   345.0000      0.7658240    
   352.5000      0.7798129    
   360.0000      0.7979265    
