  0.0000000E+00  0.7231650    
   7.500000      0.7346730    
   15.00000      0.7516814    
   22.50000      0.7739006    
   30.00000      0.8008997    
   37.50000      0.8321744    
   45.00000      0.8672116    
   52.50000      0.9037951    
   60.00000      0.9425439    
   67.50000      0.9852702    
   75.00000       1.031198    
   82.50000       1.078316    
   90.00000       1.125195    
   97.50000       1.171120    
   105.0000       1.215145    
   112.5000       1.255555    
   120.0000       1.290341    
   127.5000       1.317814    
   135.0000       1.336871    
   142.5000       1.347041    
   150.0000       1.348552    
   157.5000       1.342283    
   165.0000       1.329579    
   172.5000       1.311954    
   180.0000       1.290791    
   187.5000       1.274010    
   195.0000       1.251516    
   202.5000       1.226903    
   210.0000       1.199997    
   217.5000       1.171536    
   225.0000       1.140912    
   232.5000       1.107171    
   240.0000       1.076132    
   247.5000       1.041103    
   255.0000       1.004974    
   262.5000      0.9686151    
   270.0000      0.9328334    
   277.5000      0.8984795    
   285.0000      0.8661451    
   292.5000      0.8360964    
   300.0000      0.8083358    
   307.5000      0.7830477    
   315.0000      0.7612702    
   322.5000      0.7434239    
   330.0000      0.7295749    
   337.5000      0.7206063    
   345.0000      0.7161272    
   352.5000      0.7169050    
   360.0000      0.7231650    
