  0.0000000E+00  0.8273908    
   7.500000      0.8590748    
   15.00000      0.8958123    
   22.50000      0.9369338    
   30.00000      0.9812919    
   37.50000       1.026994    
   45.00000       1.066085    
   52.50000       1.104607    
   60.00000       1.136989    
   67.50000       1.161815    
   75.00000       1.179677    
   82.50000       1.191286    
   90.00000       1.197676    
   97.50000       1.201350    
   105.0000       1.204060    
   112.5000       1.206030    
   120.0000       1.207260    
   127.5000       1.207006    
   135.0000       1.204791    
   142.5000       1.200303    
   150.0000       1.192924    
   157.5000       1.182792    
   165.0000       1.170252    
   172.5000       1.155670    
   180.0000       1.143703    
   187.5000       1.129064    
   195.0000       1.112448    
   202.5000       1.094356    
   210.0000       1.074799    
   217.5000       1.053521    
   225.0000       1.029511    
   232.5000       1.006653    
   240.0000      0.9805942    
   247.5000      0.9529947    
   255.0000      0.9238430    
   262.5000      0.8937541    
   270.0000      0.8646684    
   277.5000      0.8375266    
   285.0000      0.8123274    
   292.5000      0.7900084    
   300.0000      0.7721596    
   307.5000      0.7596905    
   315.0000      0.7527761    
   322.5000      0.7515087    
   330.0000      0.7559882    
   337.5000      0.7662947    
   345.0000      0.7824820    
   352.5000      0.8012277    
   360.0000      0.8273908    
