  0.0000000E+00  0.8105117    
   7.500000      0.8418442    
   15.00000      0.8800135    
   22.50000      0.9247190    
   30.00000      0.9754235    
   37.50000       1.031654    
   45.00000       1.092630    
   52.50000       1.151448    
   60.00000       1.214645    
   67.50000       1.275486    
   75.00000       1.328847    
   82.50000       1.368472    
   90.00000       1.389339    
   97.50000       1.388408    
   105.0000       1.366988    
   112.5000       1.331028    
   120.0000       1.288272    
   127.5000       1.245489    
   135.0000       1.207296    
   142.5000       1.174316    
   150.0000       1.146810    
   157.5000       1.124092    
   165.0000       1.104231    
   172.5000       1.087288    
   180.0000       1.075074    
   187.5000       1.061382    
   195.0000       1.047180    
   202.5000       1.032223    
   210.0000       1.016084    
   217.5000      0.9991157    
   225.0000      0.9803761    
   232.5000      0.9618232    
   240.0000      0.9395359    
   247.5000      0.9159066    
   255.0000      0.8913422    
   262.5000      0.8654947    
   270.0000      0.8396754    
   277.5000      0.8156624    
   285.0000      0.7935764    
   292.5000      0.7735197    
   300.0000      0.7570900    
   307.5000      0.7456204    
   315.0000      0.7394789    
   322.5000      0.7382586    
   330.0000      0.7420494    
   337.5000      0.7511206    
   345.0000      0.7659032    
   352.5000      0.7868734    
   360.0000      0.8105117    
