  0.0000000E+00  0.7523401    
   7.500000      0.7810253    
   15.00000      0.8156642    
   22.50000      0.8564438    
   30.00000      0.9035149    
   37.50000      0.9563431    
   45.00000       1.011500    
   52.50000       1.069204    
   60.00000       1.132662    
   67.50000       1.200028    
   75.00000       1.268689    
   82.50000       1.335677    
   90.00000       1.397562    
   97.50000       1.450073    
   105.0000       1.489195    
   112.5000       1.511640    
   120.0000       1.515211    
   127.5000       1.501258    
   135.0000       1.471244    
   142.5000       1.429299    
   150.0000       1.379968    
   157.5000       1.327211    
   165.0000       1.274341    
   172.5000       1.223833    
   180.0000       1.176049    
   187.5000       1.137486    
   195.0000       1.099896    
   202.5000       1.065115    
   210.0000       1.032529    
   217.5000       1.000772    
   225.0000      0.9687999    
   232.5000      0.9378527    
   240.0000      0.9103131    
   247.5000      0.8810982    
   255.0000      0.8520561    
   262.5000      0.8232982    
   270.0000      0.7950859    
   277.5000      0.7688465    
   285.0000      0.7457690    
   292.5000      0.7258971    
   300.0000      0.7093883    
   307.5000      0.6967092    
   315.0000      0.6891630    
   322.5000      0.6869153    
   330.0000      0.6901845    
   337.5000      0.6987688    
   345.0000      0.7125683    
   352.5000      0.7291180    
   360.0000      0.7523401    
