  0.0000000E+00  0.7364964    
   7.500000      0.7626632    
   15.00000      0.7942318    
   22.50000      0.8300624    
   30.00000      0.8705517    
   37.50000      0.9168012    
   45.00000      0.9684371    
   52.50000       1.022943    
   60.00000       1.077414    
   67.50000       1.137472    
   75.00000       1.201412    
   82.50000       1.266906    
   90.00000       1.331840    
   97.50000       1.394567    
   105.0000       1.452473    
   112.5000       1.501793    
   120.0000       1.538756    
   127.5000       1.561001    
   135.0000       1.566538    
   142.5000       1.555427    
   150.0000       1.528683    
   157.5000       1.489085    
   165.0000       1.438138    
   172.5000       1.379094    
   180.0000       1.313906    
   187.5000       1.249441    
   195.0000       1.184445    
   202.5000       1.120319    
   210.0000       1.060869    
   217.5000       1.007494    
   225.0000      0.9597116    
   232.5000      0.9187118    
   240.0000      0.8836721    
   247.5000      0.8506963    
   255.0000      0.8201061    
   262.5000      0.7921133    
   270.0000      0.7666759    
   277.5000      0.7437974    
   285.0000      0.7234299    
   292.5000      0.7056133    
   300.0000      0.6915341    
   307.5000      0.6817874    
   315.0000      0.6762674    
   322.5000      0.6748185    
   330.0000      0.6777119    
   337.5000      0.6853650    
   345.0000      0.6981040    
   352.5000      0.7160167    
   360.0000      0.7364964    
