  0.0000000E+00  0.8045697    
   7.500000      0.8157559    
   15.00000      0.8282378    
   22.50000      0.8433655    
   30.00000      0.8615192    
   37.50000      0.8824283    
   45.00000      0.9062179    
   52.50000      0.9301066    
   60.00000      0.9590189    
   67.50000      0.9900830    
   75.00000       1.023720    
   82.50000       1.059321    
   90.00000       1.095703    
   97.50000       1.132217    
   105.0000       1.167492    
   112.5000       1.199799    
   120.0000       1.227627    
   127.5000       1.249719    
   135.0000       1.265252    
   142.5000       1.273848    
   150.0000       1.275609    
   157.5000       1.271106    
   165.0000       1.261283    
   172.5000       1.247229    
   180.0000       1.230583    
   187.5000       1.216358    
   195.0000       1.197889    
   202.5000       1.177418    
   210.0000       1.154470    
   217.5000       1.128689    
   225.0000       1.100506    
   232.5000       1.073065    
   240.0000       1.043917    
   247.5000       1.012044    
   255.0000      0.9787335    
   262.5000      0.9451117    
   270.0000      0.9128518    
   277.5000      0.8827971    
   285.0000      0.8557469    
   292.5000      0.8324164    
   300.0000      0.8133454    
   307.5000      0.7988834    
   315.0000      0.7891838    
   322.5000      0.7842014    
   330.0000      0.7836315    
   337.5000      0.7866371    
   345.0000      0.7892892    
   352.5000      0.7953514    
   360.0000      0.8045697    
