  0.0000000E+00  0.6974834    
   7.500000      0.7347613    
   15.00000      0.7798804    
   22.50000      0.8324642    
   30.00000      0.8919572    
   37.50000      0.9532855    
   45.00000       1.024615    
   52.50000       1.101021    
   60.00000       1.181332    
   67.50000       1.261654    
   75.00000       1.338319    
   82.50000       1.399290    
   90.00000       1.455287    
   97.50000       1.501614    
   105.0000       1.537149    
   112.5000       1.562518    
   120.0000       1.577958    
   127.5000       1.579298    
   135.0000       1.567892    
   142.5000       1.541878    
   150.0000       1.505553    
   157.5000       1.468479    
   165.0000       1.420790    
   172.5000       1.367626    
   180.0000       1.311632    
   187.5000       1.256227    
   195.0000       1.200405    
   202.5000       1.151526    
   210.0000       1.099877    
   217.5000       1.048433    
   225.0000      0.9975390    
   232.5000      0.9476392    
   240.0000      0.8992010    
   247.5000      0.8555546    
   255.0000      0.8133069    
   262.5000      0.7732626    
   270.0000      0.7363999    
   277.5000      0.7036076    
   285.0000      0.6755519    
   292.5000      0.6524350    
   300.0000      0.6343401    
   307.5000      0.6217616    
   315.0000      0.6151387    
   322.5000      0.6145393    
   330.0000      0.6199464    
   337.5000      0.6312822    
   345.0000      0.6458570    
   352.5000      0.6680406    
   360.0000      0.6974834    
