  0.0000000E+00  0.6977611    
   7.500000      0.7203904    
   15.00000      0.7484928    
   22.50000      0.7806016    
   30.00000      0.8165995    
   37.50000      0.8571712    
   45.00000      0.9024310    
   52.50000      0.9514495    
   60.00000      0.9990883    
   67.50000       1.051299    
   75.00000       1.107015    
   82.50000       1.164404    
   90.00000       1.221273    
   97.50000       1.276995    
   105.0000       1.330157    
   112.5000       1.378239    
   120.0000       1.418585    
   127.5000       1.449195    
   135.0000       1.468747    
   142.5000       1.476827    
   150.0000       1.473945    
   157.5000       1.461375    
   165.0000       1.442038    
   172.5000       1.416887    
   180.0000       1.388521    
   187.5000       1.363416    
   195.0000       1.332180    
   202.5000       1.297536    
   210.0000       1.258884    
   217.5000       1.214718    
   225.0000       1.164042    
   232.5000       1.107824    
   240.0000       1.046377    
   247.5000      0.9855164    
   255.0000      0.9238822    
   262.5000      0.8657093    
   270.0000      0.8134344    
   277.5000      0.7685669    
   285.0000      0.7314454    
   292.5000      0.7018919    
   300.0000      0.6793661    
   307.5000      0.6632041    
   315.0000      0.6528632    
   322.5000      0.6480260    
   330.0000      0.6483012    
   337.5000      0.6535209    
   345.0000      0.6637306    
   352.5000      0.6789846    
   360.0000      0.6977611    
