  0.0000000E+00  0.7995614    
   7.500000      0.8316232    
   15.00000      0.8697555    
   22.50000      0.9137599    
   30.00000      0.9631321    
   37.50000       1.017136    
   45.00000       1.071821    
   52.50000       1.127725    
   60.00000       1.185757    
   67.50000       1.241095    
   75.00000       1.289700    
   82.50000       1.327356    
   90.00000       1.351354    
   97.50000       1.360167    
   105.0000       1.354473    
   112.5000       1.337602    
   120.0000       1.313293    
   127.5000       1.285410    
   135.0000       1.256640    
   142.5000       1.228095    
   150.0000       1.200820    
   157.5000       1.175358    
   165.0000       1.151391    
   172.5000       1.128294    
   180.0000       1.109938    
   187.5000       1.091516    
   195.0000       1.072678    
   202.5000       1.053565    
   210.0000       1.033528    
   217.5000       1.011574    
   225.0000      0.9881070    
   232.5000      0.9675490    
   240.0000      0.9435274    
   247.5000      0.9174526    
   255.0000      0.8897472    
   262.5000      0.8620513    
   270.0000      0.8352190    
   277.5000      0.8091297    
   285.0000      0.7850468    
   292.5000      0.7646976    
   300.0000      0.7487995    
   307.5000      0.7371103    
   315.0000      0.7298372    
   322.5000      0.7274843    
   330.0000      0.7309048    
   337.5000      0.7403426    
   345.0000      0.7558128    
   352.5000      0.7748137    
   360.0000      0.7995614    
