  0.0000000E+00  0.7011045    
   7.500000      0.7189060    
   15.00000      0.7417125    
   22.50000      0.7693138    
   30.00000      0.8014586    
   37.50000      0.8378553    
   45.00000      0.8781823    
   52.50000      0.9183245    
   60.00000      0.9632888    
   67.50000       1.012043    
   75.00000       1.064298    
   82.50000       1.118742    
   90.00000       1.173673    
   97.50000       1.228237    
   105.0000       1.280721    
   112.5000       1.328771    
   120.0000       1.369619    
   127.5000       1.400939    
   135.0000       1.420984    
   142.5000       1.429063    
   150.0000       1.425750    
   157.5000       1.412682    
   165.0000       1.392051    
   172.5000       1.366053    
   180.0000       1.337228    
   187.5000       1.308216    
   195.0000       1.281484    
   202.5000       1.251149    
   210.0000       1.218825    
   217.5000       1.184155    
   225.0000       1.146746    
   232.5000       1.106878    
   240.0000       1.064748    
   247.5000       1.024081    
   255.0000      0.9800845    
   262.5000      0.9356175    
   270.0000      0.8918313    
   277.5000      0.8497402    
   285.0000      0.8106479    
   292.5000      0.7757304    
   300.0000      0.7458843    
   307.5000      0.7215022    
   315.0000      0.7026422    
   322.5000      0.6891967    
   330.0000      0.6813870    
   337.5000      0.6793135    
   345.0000      0.6820446    
   352.5000      0.6884896    
   360.0000      0.7011045    
