  0.0000000E+00  0.7062583    
   7.500000      0.7211547    
   15.00000      0.7414080    
   22.50000      0.7665647    
   30.00000      0.7961416    
   37.50000      0.8296468    
   45.00000      0.8670118    
   52.50000      0.9064373    
   60.00000      0.9479711    
   67.50000      0.9942379    
   75.00000       1.042395    
   82.50000       1.091194    
   90.00000       1.140707    
   97.50000       1.189865    
   105.0000       1.236726    
   112.5000       1.279244    
   120.0000       1.315584    
   127.5000       1.344139    
   135.0000       1.363728    
   142.5000       1.373801    
   150.0000       1.374588    
   157.5000       1.367106    
   165.0000       1.352868    
   172.5000       1.333532    
   180.0000       1.310514    
   187.5000       1.291511    
   195.0000       1.267440    
   202.5000       1.241258    
   210.0000       1.213236    
   217.5000       1.183190    
   225.0000       1.150768    
   232.5000       1.115235    
   240.0000       1.082486    
   247.5000       1.045758    
   255.0000       1.007479    
   262.5000      0.9686940    
   270.0000      0.9301097    
   277.5000      0.8922243    
   285.0000      0.8554477    
   292.5000      0.8203925    
   300.0000      0.7883193    
   307.5000      0.7599436    
   315.0000      0.7356124    
   322.5000      0.7163983    
   330.0000      0.7032343    
   337.5000      0.6961111    
   345.0000      0.6948111    
   352.5000      0.6971170    
   360.0000      0.7062583    
