  0.0000000E+00  0.7270825    
   7.500000      0.7530532    
   15.00000      0.7835479    
   22.50000      0.8191071    
   30.00000      0.8604259    
   37.50000      0.9073367    
   45.00000      0.9587805    
   52.50000       1.009429    
   60.00000       1.066139    
   67.50000       1.127554    
   75.00000       1.192238    
   82.50000       1.257737    
   90.00000       1.322797    
   97.50000       1.385428    
   105.0000       1.442435    
   112.5000       1.489972    
   120.0000       1.524727    
   127.5000       1.544488    
   135.0000       1.547843    
   142.5000       1.535433    
   150.0000       1.508507    
   157.5000       1.470780    
   165.0000       1.424082    
   172.5000       1.371576    
   180.0000       1.315177    
   187.5000       1.259820    
   195.0000       1.206107    
   202.5000       1.150859    
   210.0000       1.097273    
   217.5000       1.045994    
   225.0000      0.9971184    
   232.5000      0.9515585    
   240.0000      0.9127075    
   247.5000      0.8755900    
   255.0000      0.8409723    
   262.5000      0.8086386    
   270.0000      0.7783875    
   277.5000      0.7510433    
   285.0000      0.7271318    
   292.5000      0.7072091    
   300.0000      0.6911626    
   307.5000      0.6790321    
   315.0000      0.6711472    
   322.5000      0.6680869    
   330.0000      0.6703388    
   337.5000      0.6777052    
   345.0000      0.6901548    
   352.5000      0.7074257    
   360.0000      0.7270825    
