  0.0000000E+00   100.2032    
   11.25000       98.52410    
   22.50000       97.33207    
   33.75000       96.70599    
   45.00000       96.66837    
   56.25000       97.01867    
   67.50000       97.67646    
   78.75000       98.44720    
   90.00000       98.99703    
   101.2500       99.28166    
   112.5000       99.10932    
   123.7500       98.50890    
   135.0000       97.51473    
   146.2500       96.21999    
   157.5000       94.96649    
   168.7500       93.93695    
   180.0000       93.36700    
   191.2500       93.40570    
   202.5000       94.11761    
   213.7500       95.56641    
   225.0000       97.59065    
   236.2500       100.1127    
   247.5000       102.7167    
   258.7500       105.1356    
   270.0000       107.3414    
   281.2500       108.9257    
   292.5000       109.6745    
   303.7500       109.3901    
   315.0000       108.3488    
   326.2500       106.5722    
   337.5000       104.3629    
   348.7500       102.2609    
   360.0000       100.2032    
