  0.0000000E+00   127.3122    
   11.25000       123.0692    
   22.50000       115.5172    
   33.75000       104.6787    
   45.00000       92.88928    
   56.25000       82.26943    
   67.50000       73.83828    
   78.75000       68.99973    
   90.00000       67.18289    
   101.2500       67.94753    
   112.5000       71.32595    
   123.7500       76.83396    
   135.0000       84.32778    
   146.2500       93.64833    
   157.5000       103.9760    
   168.7500       113.9385    
   180.0000       121.7262    
   191.2500       126.0447    
   202.5000       125.2243    
   213.7500       119.8017    
   225.0000       111.2091    
   236.2500       101.2921    
   247.5000       93.84916    
   258.7500       89.52096    
   270.0000       88.12396    
   281.2500       90.21958    
   292.5000       94.79829    
   303.7500       101.3037    
   315.0000       108.3049    
   326.2500       114.9049    
   337.5000       121.1142    
   348.7500       124.8073    
   360.0000       127.3122    
