  0.0000000E+00   100.2307    
   11.25000       97.12581    
   22.50000       94.83900    
   33.75000       93.69286    
   45.00000       93.44255    
   56.25000       94.26701    
   67.50000       95.82761    
   78.75000       97.04366    
   90.00000       97.98694    
   101.2500       98.32710    
   112.5000       97.95731    
   123.7500       96.82027    
   135.0000       95.02340    
   146.2500       92.92285    
   157.5000       90.89500    
   168.7500       89.28426    
   180.0000       87.82732    
   191.2500       87.96793    
   202.5000       89.33371    
   213.7500       91.90214    
   225.0000       95.58470    
   236.2500       100.1790    
   247.5000       105.2235    
   258.7500       109.9476    
   270.0000       113.8878    
   281.2500       116.9556    
   292.5000       118.1925    
   303.7500       117.6117    
   315.0000       115.4042    
   326.2500       111.8916    
   337.5000       108.2203    
   348.7500       104.1841    
   360.0000       100.2307    
