  0.0000000E+00   96.75678    
   11.25000       103.0414    
   22.50000       108.2246    
   33.75000       109.8661    
   45.00000       108.3681    
   56.25000       104.4068    
   67.50000       97.61241    
   78.75000       90.15276    
   90.00000       83.37807    
   101.2500       78.11377    
   112.5000       74.49291    
   123.7500       73.81821    
   135.0000       75.38094    
   146.2500       80.04491    
   157.5000       86.97380    
   168.7500       96.82037    
   180.0000       108.6475    
   191.2500       121.1174    
   202.5000       132.2369    
   213.7500       139.6507    
   225.0000       141.5444    
   236.2500       137.5987    
   247.5000       129.0508    
   258.7500       118.3184    
   270.0000       106.0424    
   281.2500       95.33439    
   292.5000       87.04606    
   303.7500       81.72687    
   315.0000       79.65501    
   326.2500       80.70939    
   337.5000       84.22832    
   348.7500       89.64103    
   360.0000       96.75678    
