  0.0000000E+00   99.75241    
   11.25000       96.78720    
   22.50000       95.39009    
   33.75000       94.44892    
   45.00000       94.35445    
   56.25000       95.08049    
   67.50000       96.24046    
   78.75000       97.36990    
   90.00000       98.27023    
   101.2500       98.48070    
   112.5000       97.90996    
   123.7500       96.48839    
   135.0000       94.52283    
   146.2500       92.37756    
   157.5000       90.21893    
   168.7500       88.68179    
   180.0000       87.92710    
   191.2500       88.19031    
   202.5000       89.68459    
   213.7500       92.39737    
   225.0000       95.61633    
   236.2500       100.1433    
   247.5000       105.2373    
   258.7500       110.0895    
   270.0000       114.2634    
   281.2500       117.0791    
   292.5000       118.0851    
   303.7500       117.4082    
   315.0000       115.0119    
   326.2500       111.5792    
   337.5000       107.5028    
   348.7500       103.4100    
   360.0000       99.75241    
