  0.0000000E+00   101.4549    
   11.25000       99.92063    
   22.50000       98.77218    
   33.75000       98.05308    
   45.00000       98.02129    
   56.25000       98.02917    
   67.50000       98.21491    
   78.75000       98.41254    
   90.00000       98.43903    
   101.2500       98.21463    
   112.5000       97.64044    
   123.7500       96.78222    
   135.0000       95.72139    
   146.2500       94.57059    
   157.5000       93.56812    
   168.7500       92.94997    
   180.0000       92.73749    
   191.2500       92.98003    
   202.5000       93.98350    
   213.7500       95.61136    
   225.0000       97.74339    
   236.2500       100.2060    
   247.5000       102.8475    
   258.7500       105.3351    
   270.0000       107.4294    
   281.2500       108.9298    
   292.5000       109.6312    
   303.7500       109.4994    
   315.0000       108.5941    
   326.2500       107.1215    
   337.5000       105.2739    
   348.7500       103.3115    
   360.0000       101.4549    
