  0.0000000E+00   100.8414    
   11.25000       99.07605    
   22.50000       97.86210    
   33.75000       97.25816    
   45.00000       97.13683    
   56.25000       97.49144    
   67.50000       98.05287    
   78.75000       98.59983    
   90.00000       99.18215    
   101.2500       99.46103    
   112.5000       98.96791    
   123.7500       98.06582    
   135.0000       96.71900    
   146.2500       95.19016    
   157.5000       93.52611    
   168.7500       92.46217    
   180.0000       91.96582    
   191.2500       92.11288    
   202.5000       93.05375    
   213.7500       94.73380    
   225.0000       97.07334    
   236.2500       99.89776    
   247.5000       102.8927    
   258.7500       105.5988    
   270.0000       107.9880    
   281.2500       109.7053    
   292.5000       110.4140    
   303.7500       110.2186    
   315.0000       109.0372    
   326.2500       107.1847    
   337.5000       105.2727    
   348.7500       102.9575    
   360.0000       100.8414    
