  0.0000000E+00   97.43401    
   11.25000       95.30336    
   22.50000       93.94828    
   33.75000       93.81728    
   45.00000       93.97334    
   56.25000       94.60431    
   67.50000       95.69444    
   78.75000       96.79096    
   90.00000       97.84778    
   101.2500       98.43777    
   112.5000       98.61250    
   123.7500       98.17043    
   135.0000       97.35126    
   146.2500       96.23477    
   157.5000       95.15887    
   168.7500       94.32590    
   180.0000       94.03656    
   191.2500       94.38573    
   202.5000       95.35823    
   213.7500       96.95081    
   225.0000       99.46948    
   236.2500       102.5299    
   247.5000       105.6674    
   258.7500       108.6154    
   270.0000       110.8602    
   281.2500       112.1549    
   292.5000       112.2892    
   303.7500       111.2028    
   315.0000       109.1297    
   326.2500       106.3121    
   337.5000       103.2169    
   348.7500       100.1156    
   360.0000       97.43401    
