  0.0000000E+00   96.64236    
   11.25000       92.62599    
   22.50000       89.28671    
   33.75000       87.59479    
   45.00000       87.47465    
   56.25000       89.12523    
   67.50000       92.02488    
   78.75000       94.62192    
   90.00000       96.92755    
   101.2500       98.21239    
   112.5000       98.19921    
   123.7500       96.58767    
   135.0000       93.87772    
   146.2500       90.56844    
   157.5000       87.25370    
   168.7500       84.78256    
   180.0000       82.75305    
   191.2500       82.89733    
   202.5000       84.96101    
   213.7500       88.81045    
   225.0000       94.70004    
   236.2500       101.1373    
   247.5000       109.0996    
   258.7500       117.1608    
   270.0000       123.9826    
   281.2500       128.3420    
   292.5000       129.7195    
   303.7500       127.8031    
   315.0000       123.2911    
   326.2500       116.9192    
   337.5000       109.7789    
   348.7500       102.8382    
   360.0000       96.64236    
