  0.0000000E+00   94.81913    
   11.25000       91.55173    
   22.50000       91.33145    
   33.75000       93.72392    
   45.00000       98.58480    
   56.25000       104.3912    
   67.50000       109.4254    
   78.75000       112.1237    
   90.00000       113.1463    
   101.2500       111.4905    
   112.5000       109.5838    
   123.7500       106.1015    
   135.0000       102.7600    
   146.2500       99.76488    
   157.5000       96.29916    
   168.7500       92.03297    
   180.0000       88.56639    
   191.2500       86.29760    
   202.5000       85.93659    
   213.7500       87.81721    
   225.0000       91.20277    
   236.2500       94.84723    
   247.5000       98.31786    
   258.7500       101.0845    
   270.0000       103.2314    
   281.2500       104.9092    
   292.5000       106.2408    
   303.7500       107.2666    
   315.0000       107.5361    
   326.2500       106.3606    
   337.5000       103.5489    
   348.7500       99.70553    
   360.0000       94.81913    
