  0.0000000E+00   89.45132    
   11.25000       90.55463    
   22.50000       93.11305    
   33.75000       96.51012    
   45.00000       100.4103    
   56.25000       103.7023    
   67.50000       105.8659    
   78.75000       106.7175    
   90.00000       106.5597    
   101.2500       106.0567    
   112.5000       105.3164    
   123.7500       104.0619    
   135.0000       103.0276    
   146.2500       101.8491    
   157.5000       99.87615    
   168.7500       98.42835    
   180.0000       97.75409    
   191.2500       97.88551    
   202.5000       99.84885    
   213.7500       103.0396    
   225.0000       106.1671    
   236.2500       108.4400    
   247.5000       109.3446    
   258.7500       107.5613    
   270.0000       104.2790    
   281.2500       100.7453    
   292.5000       96.73391    
   303.7500       93.74961    
   315.0000       91.75523    
   326.2500       90.82304    
   337.5000       90.28760    
   348.7500       90.08459    
   360.0000       89.45132    
