  0.0000000E+00   99.66822    
   11.25000       97.56739    
   22.50000       96.63978    
   33.75000       96.00497    
   45.00000       96.08985    
   56.25000       96.70423    
   67.50000       97.65915    
   78.75000       98.69470    
   90.00000       99.50055    
   101.2500       99.83967    
   112.5000       99.59012    
   123.7500       98.69128    
   135.0000       97.25388    
   146.2500       95.51429    
   157.5000       93.79267    
   168.7500       92.37943    
   180.0000       91.58932    
   191.2500       91.54123    
   202.5000       92.42629    
   213.7500       94.16489    
   225.0000       96.30311    
   236.2500       99.46855    
   247.5000       102.8480    
   258.7500       106.2615    
   270.0000       109.1260    
   281.2500       111.1382    
   292.5000       112.0629    
   303.7500       111.7188    
   315.0000       110.3026    
   326.2500       107.9991    
   337.5000       105.1524    
   348.7500       102.3071    
   360.0000       99.66822    
