  0.0000000E+00   85.72274    
   11.25000       90.91398    
   22.50000       97.15966    
   33.75000       104.4388    
   45.00000       110.2096    
   56.25000       113.0499    
   67.50000       113.1265    
   78.75000       110.7982    
   90.00000       107.5717    
   101.2500       103.0055    
   112.5000       98.60206    
   123.7500       94.75991    
   135.0000       91.90688    
   146.2500       89.88577    
   157.5000       90.26447    
   168.7500       92.69012    
   180.0000       97.10061    
   191.2500       103.7264    
   202.5000       111.0924    
   213.7500       117.4603    
   225.0000       121.6446    
   236.2500       121.5196    
   247.5000       117.7224    
   258.7500       111.8196    
   270.0000       103.9063    
   281.2500       96.55762    
   292.5000       90.42309    
   303.7500       85.78658    
   315.0000       82.25384    
   326.2500       80.99860    
   337.5000       81.09073    
   348.7500       82.79142    
   360.0000       85.72274    
