  0.0000000E+00   97.66394    
   11.25000       94.59464    
   22.50000       92.62308    
   33.75000       91.98379    
   45.00000       92.44950    
   56.25000       94.68272    
   67.50000       96.86990    
   78.75000       99.16942    
   90.00000       101.1549    
   101.2500       102.2243    
   112.5000       102.0968    
   123.7500       100.7195    
   135.0000       98.23221    
   146.2500       95.18970    
   157.5000       92.01776    
   168.7500       89.40270    
   180.0000       87.74369    
   191.2500       86.51550    
   202.5000       87.48116    
   213.7500       89.97433    
   225.0000       93.81731    
   236.2500       98.84357    
   247.5000       104.3844    
   258.7500       110.0162    
   270.0000       114.1018    
   281.2500       117.1313    
   292.5000       118.2909    
   303.7500       117.3546    
   315.0000       114.6194    
   326.2500       110.3984    
   337.5000       106.4750    
   348.7500       101.7777    
   360.0000       97.66394    
