  0.0000000E+00   78.91081    
   11.25000       81.19211    
   22.50000       85.31307    
   33.75000       91.39397    
   45.00000       96.55629    
   56.25000       100.3448    
   67.50000       102.4495    
   78.75000       101.9666    
   90.00000       100.1059    
   101.2500       97.68690    
   112.5000       95.18522    
   123.7500       93.17584    
   135.0000       91.87532    
   146.2500       91.04062    
   157.5000       90.21581    
   168.7500       90.53137    
   180.0000       92.62967    
   191.2500       97.79650    
   202.5000       104.9997    
   213.7500       114.1420    
   225.0000       122.6613    
   236.2500       129.0562    
   247.5000       131.5139    
   258.7500       129.4651    
   270.0000       124.5253    
   281.2500       116.8234    
   292.5000       108.3300    
   303.7500       100.3509    
   315.0000       92.59446    
   326.2500       86.30505    
   337.5000       81.73369    
   348.7500       79.12881    
   360.0000       78.91081    
