  0.0000000E+00   97.50633    
   11.25000       94.71984    
   22.50000       92.94521    
   33.75000       92.14179    
   45.00000       92.34935    
   56.25000       93.23029    
   67.50000       94.68013    
   78.75000       96.19451    
   90.00000       97.58291    
   101.2500       98.94901    
   112.5000       99.04577    
   123.7500       98.38693    
   135.0000       96.82630    
   146.2500       94.66881    
   157.5000       92.92567    
   168.7500       91.63182    
   180.0000       91.00767    
   191.2500       91.32117    
   202.5000       92.70331    
   213.7500       95.17806    
   225.0000       98.61699    
   236.2500       102.5198    
   247.5000       106.5345    
   258.7500       110.6570    
   270.0000       114.0137    
   281.2500       116.0038    
   292.5000       116.4179    
   303.7500       115.1283    
   315.0000       112.4114    
   326.2500       108.6887    
   337.5000       104.5487    
   348.7500       100.4643    
   360.0000       97.50633    
