  0.0000000E+00   100.0303    
   11.25000       96.80933    
   22.50000       94.40511    
   33.75000       93.22678    
   45.00000       92.94032    
   56.25000       93.89033    
   67.50000       95.36646    
   78.75000       96.64242    
   90.00000       97.71753    
   101.2500       98.13245    
   112.5000       97.84611    
   123.7500       96.78354    
   135.0000       95.05007    
   146.2500       93.00655    
   157.5000       90.99220    
   168.7500       89.40325    
   180.0000       87.96852    
   191.2500       88.08725    
   202.5000       89.45882    
   213.7500       92.00987    
   225.0000       95.71882    
   236.2500       100.3640    
   247.5000       105.5373    
   258.7500       110.3391    
   270.0000       114.2576    
   281.2500       117.3453    
   292.5000       118.5395    
   303.7500       117.9468    
   315.0000       115.6390    
   326.2500       112.0122    
   337.5000       108.4252    
   348.7500       104.1081    
   360.0000       100.0303    
