  0.0000000E+00   84.66251    
   11.25000       87.57960    
   22.50000       91.52110    
   33.75000       95.60895    
   45.00000       98.92616    
   56.25000       100.5912    
   67.50000       99.80749    
   78.75000       97.55929    
   90.00000       94.43555    
   101.2500       91.33565    
   112.5000       88.94599    
   123.7500       87.77317    
   135.0000       87.56718    
   146.2500       88.14455    
   157.5000       89.31093    
   168.7500       92.51226    
   180.0000       97.20396    
   191.2500       104.5293    
   202.5000       113.1173    
   213.7500       121.1991    
   225.0000       127.9269    
   236.2500       131.0669    
   247.5000       130.2773    
   258.7500       126.0447    
   270.0000       119.3232    
   281.2500       110.8647    
   292.5000       102.9591    
   303.7500       96.04108    
   315.0000       90.06908    
   326.2500       85.96578    
   337.5000       83.77805    
   348.7500       83.35205    
   360.0000       84.66251    
