  0.0000000E+00   100.2298    
   11.25000       97.35598    
   22.50000       95.82617    
   33.75000       94.55077    
   45.00000       94.05750    
   56.25000       94.26728    
   67.50000       94.88750    
   78.75000       95.74894    
   90.00000       96.44798    
   101.2500       96.89162    
   112.5000       96.74104    
   123.7500       96.10915    
   135.0000       94.98599    
   146.2500       93.64487    
   157.5000       92.31603    
   168.7500       91.27343    
   180.0000       90.85986    
   191.2500       91.16981    
   202.5000       92.51434    
   213.7500       94.14771    
   225.0000       97.24280    
   236.2500       100.9081    
   247.5000       105.0438    
   258.7500       108.9736    
   270.0000       112.4513    
   281.2500       114.7956    
   292.5000       115.8853    
   303.7500       115.3977    
   315.0000       113.6488    
   326.2500       110.7282    
   337.5000       107.3038    
   348.7500       103.5949    
   360.0000       100.2298    
