  0.0000000E+00   92.59648    
   11.25000       95.21026    
   22.50000       99.36993    
   33.75000       103.9602    
   45.00000       107.9767    
   56.25000       108.7387    
   67.50000       107.2411    
   78.75000       102.6696    
   90.00000       97.34090    
   101.2500       91.14281    
   112.5000       85.76658    
   123.7500       81.57915    
   135.0000       78.49316    
   146.2500       76.57787    
   157.5000       75.56805    
   168.7500       76.14831    
   180.0000       78.68768    
   191.2500       83.71515    
   202.5000       91.56940    
   213.7500       101.0085    
   225.0000       110.9165    
   236.2500       119.4452    
   247.5000       125.4988    
   258.7500       128.2326    
   270.0000       128.0622    
   281.2500       124.8549    
   292.5000       119.7743    
   303.7500       113.2147    
   315.0000       107.2179    
   326.2500       100.5364    
   337.5000       95.16560    
   348.7500       91.72044    
   360.0000       92.59648    
