  0.0000000E+00   114.3960    
   11.25000       125.2085    
   22.50000       133.7126    
   33.75000       136.0257    
   45.00000       132.4884    
   56.25000       124.2288    
   67.50000       113.3084    
   78.75000       102.2785    
   90.00000       91.49108    
   101.2500       83.03366    
   112.5000       77.50889    
   123.7500       75.36079    
   135.0000       76.91228    
   146.2500       81.24187    
   157.5000       88.29293    
   168.7500       97.26273    
   180.0000       106.5340    
   191.2500       114.1643    
   202.5000       119.4290    
   213.7500       120.0762    
   225.0000       116.0893    
   236.2500       108.8296    
   247.5000       99.80621    
   258.7500       90.57635    
   270.0000       82.87113    
   281.2500       77.72678    
   292.5000       75.14410    
   303.7500       75.33202    
   315.0000       78.54789    
   326.2500       84.56869    
   337.5000       93.34689    
   348.7500       104.2061    
   360.0000       114.3960    
