  0.0000000E+00   98.33038    
   11.25000       107.4918    
   22.50000       115.5989    
   33.75000       121.2337    
   45.00000       121.2843    
   56.25000       116.9292    
   67.50000       109.3928    
   78.75000       100.3856    
   90.00000       91.41573    
   101.2500       83.82276    
   112.5000       78.41244    
   123.7500       75.30615    
   135.0000       75.58932    
   146.2500       79.04095    
   157.5000       86.41564    
   168.7500       96.73519    
   180.0000       108.7781    
   191.2500       120.7790    
   202.5000       130.4258    
   213.7500       135.8980    
   225.0000       135.5904    
   236.2500       129.0606    
   247.5000       118.8371    
   258.7500       106.9661    
   270.0000       94.86621    
   281.2500       85.08965    
   292.5000       78.13545    
   303.7500       74.72907    
   315.0000       74.08614    
   326.2500       76.77146    
   337.5000       82.33234    
   348.7500       90.26994    
   360.0000       98.33038    
