  0.0000000E+00   109.9581    
   11.25000       120.7274    
   22.50000       130.1005    
   33.75000       135.0177    
   45.00000       135.3955    
   56.25000       129.9459    
   67.50000       120.3710    
   78.75000       109.5431    
   90.00000       97.83526    
   101.2500       87.55923    
   112.5000       79.71327    
   123.7500       74.53230    
   135.0000       72.24848    
   146.2500       72.57161    
   157.5000       75.59901    
   168.7500       80.96575    
   180.0000       88.18399    
   191.2500       95.99522    
   202.5000       103.4807    
   213.7500       109.6478    
   225.0000       112.5650    
   236.2500       111.9741    
   247.5000       108.8312    
   258.7500       103.7956    
   270.0000       98.26073    
   281.2500       92.47073    
   292.5000       88.72284    
   303.7500       86.32523    
   315.0000       85.82330    
   326.2500       88.32019    
   337.5000       93.20254    
   348.7500       100.3168    
   360.0000       109.9581    
