  0.0000000E+00   146.7931    
   11.25000       145.3887    
   22.50000       135.8683    
   33.75000       121.6702    
   45.00000       106.4361    
   56.25000       91.64012    
   67.50000       80.13214    
   78.75000       72.65782    
   90.00000       69.89219    
   101.2500       70.63094    
   112.5000       73.85957    
   123.7500       78.78354    
   135.0000       85.06931    
   146.2500       92.57629    
   157.5000       100.3760    
   168.7500       108.2096    
   180.0000       114.1668    
   191.2500       116.0161    
   202.5000       113.4076    
   213.7500       105.8935    
   225.0000       96.19979    
   236.2500       86.71407    
   247.5000       78.94565    
   258.7500       74.55827    
   270.0000       74.34312    
   281.2500       77.92613    
   292.5000       85.24632    
   303.7500       94.99063    
   315.0000       106.9658    
   326.2500       119.9800    
   337.5000       132.7167    
   348.7500       141.9457    
   360.0000       146.7931    
