  0.0000000E+00   111.8072    
   11.25000       121.1419    
   22.50000       126.2316    
   33.75000       125.4249    
   45.00000       119.3631    
   56.25000       109.7332    
   67.50000       98.47748    
   78.75000       87.66798    
   90.00000       79.00960    
   101.2500       73.26906    
   112.5000       71.17812    
   123.7500       72.68736    
   135.0000       78.41049    
   146.2500       87.46035    
   157.5000       99.03232    
   168.7500       111.9182    
   180.0000       124.3400    
   191.2500       134.5892    
   202.5000       139.3307    
   213.7500       137.2989    
   225.0000       129.3645    
   236.2500       117.5262    
   247.5000       103.3731    
   258.7500       90.40254    
   270.0000       80.20672    
   281.2500       73.84117    
   292.5000       70.87406    
   303.7500       72.03830    
   315.0000       76.13552    
   326.2500       83.20084    
   337.5000       92.12652    
   348.7500       102.5387    
   360.0000       111.8072    
