  0.0000000E+00   100.0667    
   11.25000       98.37460    
   22.50000       97.21311    
   33.75000       96.57382    
   45.00000       96.52434    
   56.25000       96.88381    
   67.50000       97.50042    
   78.75000       98.27774    
   90.00000       98.86210    
   101.2500       99.16959    
   112.5000       99.04113    
   123.7500       98.47433    
   135.0000       97.58612    
   146.2500       96.41087    
   157.5000       95.23013    
   168.7500       94.26144    
   180.0000       93.71072    
   191.2500       93.77335    
   202.5000       94.47814    
   213.7500       95.90162    
   225.0000       97.88077    
   236.2500       100.3319    
   247.5000       102.8041    
   258.7500       105.1654    
   270.0000       107.2970    
   281.2500       108.7714    
   292.5000       109.4967    
   303.7500       109.2013    
   315.0000       108.1274    
   326.2500       106.4005    
   337.5000       104.2120    
   348.7500       101.9975    
   360.0000       100.0667    
