  0.0000000E+00   95.85015    
   11.25000       92.55656    
   22.50000       91.00713    
   33.75000       90.42640    
   45.00000       90.97319    
   56.25000       92.93732    
   67.50000       95.43752    
   78.75000       98.68764    
   90.00000       101.7389    
   101.2500       103.2361    
   112.5000       103.3132    
   123.7500       101.8654    
   135.0000       99.27549    
   146.2500       95.83125    
   157.5000       91.68857    
   168.7500       88.41838    
   180.0000       86.37907    
   191.2500       85.73132    
   202.5000       86.75143    
   213.7500       89.41447    
   225.0000       93.62646    
   236.2500       98.49750    
   247.5000       104.6935    
   258.7500       110.9861    
   270.0000       116.2644    
   281.2500       119.7592    
   292.5000       120.9448    
   303.7500       119.6420    
   315.0000       116.2668    
   326.2500       111.4001    
   337.5000       105.8919    
   348.7500       100.5077    
   360.0000       95.85015    
