  0.0000000E+00   135.4144    
   11.25000       126.1619    
   22.50000       114.0604    
   33.75000       100.0405    
   45.00000       87.19700    
   56.25000       77.39301    
   67.50000       71.23093    
   78.75000       69.16733    
   90.00000       69.77012    
   101.2500       72.21121    
   112.5000       75.99242    
   123.7500       81.35534    
   135.0000       87.25986    
   146.2500       94.24853    
   157.5000       102.0188    
   168.7500       109.1345    
   180.0000       113.1683    
   191.2500       113.2778    
   202.5000       109.9542    
   213.7500       103.4448    
   225.0000       95.67353    
   236.2500       89.51569    
   247.5000       85.90355    
   258.7500       85.78035    
   270.0000       89.41992    
   281.2500       95.67204    
   292.5000       104.0825    
   303.7500       113.4390    
   315.0000       122.8111    
   326.2500       130.9535    
   337.5000       136.1087    
   348.7500       138.1388    
   360.0000       135.4144    
