  0.0000000E+00   100.3397    
   11.25000       98.67450    
   22.50000       97.47060    
   33.75000       96.87036    
   45.00000       96.82771    
   56.25000       97.17398    
   67.50000       97.85484    
   78.75000       98.57770    
   90.00000       99.08987    
   101.2500       99.35099    
   112.5000       99.16852    
   123.7500       98.54305    
   135.0000       97.38233    
   146.2500       95.94702    
   157.5000       94.64254    
   168.7500       93.57190    
   180.0000       92.99596    
   191.2500       93.02963    
   202.5000       93.77188    
   213.7500       95.26374    
   225.0000       97.35380    
   236.2500       99.95890    
   247.5000       102.7072    
   258.7500       105.1709    
   270.0000       107.4532    
   281.2500       109.1185    
   292.5000       109.8563    
   303.7500       109.5978    
   315.0000       108.5558    
   326.2500       106.7163    
   337.5000       104.5104    
   348.7500       102.4541    
   360.0000       100.3397    
