  0.0000000E+00   140.3743    
   11.25000       144.8257    
   22.50000       143.2226    
   33.75000       133.7437    
   45.00000       119.8957    
   56.25000       104.9891    
   67.50000       91.57404    
   78.75000       80.67606    
   90.00000       73.77872    
   101.2500       71.48087    
   112.5000       73.03922    
   123.7500       77.34653    
   135.0000       83.90886    
   146.2500       91.52976    
   157.5000       100.3399    
   168.7500       108.6636    
   180.0000       115.4169    
   191.2500       119.4268    
   202.5000       118.0762    
   213.7500       112.0904    
   225.0000       102.8022    
   236.2500       91.94286    
   247.5000       82.26938    
   258.7500       75.15271    
   270.0000       71.37424    
   281.2500       71.20379    
   292.5000       74.95718    
   303.7500       81.70486    
   315.0000       91.53812    
   326.2500       103.7616    
   337.5000       117.6640    
   348.7500       131.2302    
   360.0000       140.3743    
