  0.0000000E+00   115.1398    
   11.25000       120.9492    
   22.50000       121.8463    
   33.75000       118.6774    
   45.00000       111.0992    
   56.25000       100.4477    
   67.50000       89.31825    
   78.75000       79.63503    
   90.00000       72.41879    
   101.2500       67.95068    
   112.5000       66.91752    
   123.7500       69.01077    
   135.0000       74.47512    
   146.2500       83.15568    
   157.5000       94.01429    
   168.7500       107.5281    
   180.0000       121.6010    
   191.2500       133.8875    
   202.5000       141.4132    
   213.7500       142.3278    
   225.0000       136.6347    
   236.2500       126.0569    
   247.5000       112.3597    
   258.7500       98.76823    
   270.0000       87.51616    
   281.2500       79.61342    
   292.5000       76.32652    
   303.7500       77.41631    
   315.0000       81.92318    
   326.2500       88.54224    
   337.5000       96.81553    
   348.7500       106.2139    
   360.0000       115.1398    
