  0.0000000E+00   91.61937    
   11.25000       98.24921    
   22.50000       104.8662    
   33.75000       110.3670    
   45.00000       113.9895    
   56.25000       113.4382    
   67.50000       110.0707    
   78.75000       104.9584    
   90.00000       99.12044    
   101.2500       93.63639    
   112.5000       89.31695    
   123.7500       86.58339    
   135.0000       85.28320    
   146.2500       86.02940    
   157.5000       89.11244    
   168.7500       94.34468    
   180.0000       102.0194    
   191.2500       110.8233    
   202.5000       118.9158    
   213.7500       124.7245    
   225.0000       126.8328    
   236.2500       125.1911    
   247.5000       118.9321    
   258.7500       110.6179    
   270.0000       101.9884    
   281.2500       93.43851    
   292.5000       86.36478    
   303.7500       81.79585    
   315.0000       79.57826    
   326.2500       79.75349    
   337.5000       81.71456    
   348.7500       86.32378    
   360.0000       91.61937    
