  0.0000000E+00   131.8250    
   11.25000       123.6233    
   22.50000       113.3847    
   33.75000       101.2533    
   45.00000       90.13193    
   56.25000       81.66380    
   67.50000       76.18150    
   78.75000       74.08127    
   90.00000       74.24014    
   101.2500       76.09620    
   112.5000       79.50548    
   123.7500       83.58170    
   135.0000       88.92939    
   146.2500       95.75585    
   157.5000       102.4063    
   168.7500       108.5008    
   180.0000       112.1603    
   191.2500       111.2665    
   202.5000       107.6434    
   213.7500       101.3789    
   225.0000       94.26923    
   236.2500       88.59512    
   247.5000       85.49611    
   258.7500       85.51478    
   270.0000       89.14054    
   281.2500       95.07001    
   292.5000       102.9180    
   303.7500       111.5440    
   315.0000       120.1685    
   326.2500       127.5578    
   337.5000       132.2348    
   348.7500       133.8813    
   360.0000       131.8250    
