  0.0000000E+00   93.01534    
   11.25000       94.08149    
   22.50000       96.83316    
   33.75000       99.57457    
   45.00000       101.4672    
   56.25000       102.2254    
   67.50000       100.2782    
   78.75000       97.19228    
   90.00000       93.03317    
   101.2500       88.79984    
   112.5000       85.42329    
   123.7500       83.32787    
   135.0000       82.45824    
   146.2500       82.46970    
   157.5000       82.73828    
   168.7500       84.26343    
   180.0000       86.75616    
   191.2500       90.74318    
   202.5000       97.16720    
   213.7500       105.1755    
   225.0000       112.9220    
   236.2500       120.0541    
   247.5000       125.0429    
   258.7500       127.0220    
   270.0000       125.8182    
   281.2500       121.8542    
   292.5000       116.6696    
   303.7500       111.0583    
   315.0000       105.1937    
   326.2500       99.42564    
   337.5000       95.23830    
   348.7500       92.67729    
   360.0000       93.01534    
