  0.0000000E+00   123.5248    
   11.25000       119.1580    
   22.50000       111.3691    
   33.75000       102.0282    
   45.00000       93.78370    
   56.25000       88.05431    
   67.50000       85.63769    
   78.75000       86.51387    
   90.00000       89.73204    
   101.2500       94.02553    
   112.5000       99.39346    
   123.7500       104.3687    
   135.0000       109.2822    
   146.2500       114.1776    
   157.5000       116.9629    
   168.7500       117.4296    
   180.0000       114.8585    
   191.2500       109.1441    
   202.5000       100.2479    
   213.7500       90.60922    
   225.0000       83.00035    
   236.2500       77.62696    
   247.5000       75.92329    
   258.7500       76.84345    
   270.0000       79.27205    
   281.2500       83.92658    
   292.5000       90.16765    
   303.7500       97.37315    
   315.0000       105.3923    
   326.2500       113.8025    
   337.5000       121.0679    
   348.7500       125.3024    
   360.0000       123.5248    
