  0.0000000E+00   91.46262    
   11.25000       94.57190    
   22.50000       98.76992    
   33.75000       103.1249    
   45.00000       106.6209    
   56.25000       106.9740    
   67.50000       105.0274    
   78.75000       100.3363    
   90.00000       95.06222    
   101.2500       89.19016    
   112.5000       84.47738    
   123.7500       81.18631    
   135.0000       79.27990    
   146.2500       78.78335    
   157.5000       79.25685    
   168.7500       81.46529    
   180.0000       85.38869    
   191.2500       91.51578    
   202.5000       98.98235    
   213.7500       107.7419    
   225.0000       116.2398    
   236.2500       122.8205    
   247.5000       126.5574    
   258.7500       127.0602    
   270.0000       124.9413    
   281.2500       120.4522    
   292.5000       114.5608    
   303.7500       107.8029    
   315.0000       102.2278    
   326.2500       96.45959    
   337.5000       92.09269    
   348.7500       89.56667    
   360.0000       91.46262    
