  0.0000000E+00   99.66463    
   11.25000       96.91798    
   22.50000       95.49927    
   33.75000       94.91617    
   45.00000       94.96935    
   56.25000       95.69747    
   67.50000       96.93277    
   78.75000       98.17441    
   90.00000       99.07210    
   101.2500       99.25060    
   112.5000       98.61366    
   123.7500       97.15414    
   135.0000       94.94913    
   146.2500       92.62734    
   157.5000       90.39344    
   168.7500       88.66988    
   180.0000       87.85457    
   191.2500       88.09154    
   202.5000       89.50803    
   213.7500       91.60495    
   225.0000       95.30087    
   236.2500       99.79021    
   247.5000       104.7561    
   258.7500       109.5898    
   270.0000       113.6161    
   281.2500       116.4272    
   292.5000       117.4087    
   303.7500       116.7455    
   315.0000       114.4561    
   326.2500       111.0602    
   337.5000       107.1340    
   348.7500       103.1537    
   360.0000       99.66463    
