  0.0000000E+00   96.30482    
   11.25000       93.32893    
   22.50000       91.43031    
   33.75000       90.77279    
   45.00000       91.15816    
   56.25000       93.20058    
   67.50000       95.08526    
   78.75000       97.08489    
   90.00000       98.80064    
   101.2500       99.83159    
   112.5000       99.83218    
   123.7500       98.91991    
   135.0000       97.05466    
   146.2500       94.87725    
   157.5000       92.59938    
   168.7500       90.84079    
   180.0000       89.92925    
   191.2500       89.32011    
   202.5000       90.63717    
   213.7500       93.29036    
   225.0000       97.08602    
   236.2500       101.8410    
   247.5000       106.9863    
   258.7500       111.8723    
   270.0000       115.9025    
   281.2500       118.1745    
   292.5000       118.3219    
   303.7500       116.7632    
   315.0000       113.8709    
   326.2500       109.6544    
   337.5000       104.9364    
   348.7500       100.2914    
   360.0000       96.30482    
