  0.0000000E+00   101.7363    
   11.25000       100.0790    
   22.50000       98.78283    
   33.75000       98.06900    
   45.00000       97.73566    
   56.25000       97.61841    
   67.50000       97.71013    
   78.75000       97.79639    
   90.00000       97.75605    
   101.2500       97.52066    
   112.5000       96.96498    
   123.7500       96.18996    
   135.0000       95.20393    
   146.2500       94.19993    
   157.5000       93.40469    
   168.7500       92.87559    
   180.0000       92.79987    
   191.2500       93.13625    
   202.5000       94.11959    
   213.7500       95.81483    
   225.0000       97.96352    
   236.2500       100.4938    
   247.5000       103.1540    
   258.7500       105.6708    
   270.0000       107.8511    
   281.2500       109.3499    
   292.5000       110.0563    
   303.7500       109.9629    
   315.0000       109.0680    
   326.2500       107.5659    
   337.5000       105.6791    
   348.7500       103.6708    
   360.0000       101.7363    
