  0.0000000E+00   96.90963    
   11.25000       92.66051    
   22.50000       90.03448    
   33.75000       89.50421    
   45.00000       89.67910    
   56.25000       91.07073    
   67.50000       93.12314    
   78.75000       95.61700    
   90.00000       97.67055    
   101.2500       99.00906    
   112.5000       99.34435    
   123.7500       97.95237    
   135.0000       95.21397    
   146.2500       92.20763    
   157.5000       89.09537    
   168.7500       86.64079    
   180.0000       85.12530    
   191.2500       85.14696    
   202.5000       86.75916    
   213.7500       89.28764    
   225.0000       94.12201    
   236.2500       100.3878    
   247.5000       107.4529    
   258.7500       114.5001    
   270.0000       120.5407    
   281.2500       124.5250    
   292.5000       125.8818    
   303.7500       124.3867    
   315.0000       120.4563    
   326.2500       114.8466    
   337.5000       108.5448    
   348.7500       102.3034    
   360.0000       96.90963    
