  0.0000000E+00   109.6697    
   11.25000       118.3216    
   22.50000       122.9426    
   33.75000       122.1364    
   45.00000       116.6196    
   56.25000       107.7785    
   67.50000       97.53501    
   78.75000       88.07822    
   90.00000       80.94453    
   101.2500       76.46899    
   112.5000       75.70716    
   123.7500       78.13304    
   135.0000       84.16624    
   146.2500       93.37342    
   157.5000       104.6860    
   168.7500       116.8942    
   180.0000       128.4854    
   191.2500       136.7900    
   202.5000       139.0891    
   213.7500       135.2997    
   225.0000       126.5572    
   236.2500       113.3752    
   247.5000       99.43137    
   258.7500       87.08140    
   270.0000       77.73832    
   281.2500       72.14605    
   292.5000       69.74609    
   303.7500       71.20235    
   315.0000       75.41571    
   326.2500       82.35076    
   337.5000       90.92596    
   348.7500       100.9102    
   360.0000       109.6697    
