  0.0000000E+00   99.25854    
   11.25000       96.51909    
   22.50000       94.47235    
   33.75000       93.32968    
   45.00000       93.17258    
   56.25000       93.81663    
   67.50000       94.89125    
   78.75000       96.22307    
   90.00000       97.25586    
   101.2500       97.69727    
   112.5000       97.57344    
   123.7500       96.38773    
   135.0000       94.64228    
   146.2500       92.51992    
   157.5000       90.54369    
   168.7500       89.03280    
   180.0000       88.19916    
   191.2500       88.56657    
   202.5000       90.04562    
   213.7500       92.76500    
   225.0000       96.05376    
   236.2500       100.6793    
   247.5000       105.8474    
   258.7500       110.8084    
   270.0000       115.1464    
   281.2500       117.9624    
   292.5000       119.1177    
   303.7500       118.3514    
   315.0000       115.8688    
   326.2500       112.1929    
   337.5000       107.7314    
   348.7500       103.3273    
   360.0000       99.25854    
