  0.0000000E+00   93.20142    
   11.25000       97.32153    
   22.50000       102.2541    
   33.75000       107.4217    
   45.00000       111.8271    
   56.25000       114.7123    
   67.50000       114.3373    
   78.75000       111.5847    
   90.00000       107.4813    
   101.2500       102.8790    
   112.5000       99.15961    
   123.7500       95.28095    
   135.0000       92.47498    
   146.2500       90.69006    
   157.5000       90.15049    
   168.7500       91.73699    
   180.0000       95.07143    
   191.2500       99.44975    
   202.5000       104.5263    
   213.7500       109.0967    
   225.0000       111.5919    
   236.2500       111.6805    
   247.5000       109.6167    
   258.7500       105.1637    
   270.0000       99.95517    
   281.2500       95.17529    
   292.5000       91.27581    
   303.7500       89.00630    
   315.0000       87.98302    
   326.2500       88.15520    
   337.5000       88.76639    
   348.7500       90.97215    
   360.0000       93.20142    
