  0.0000000E+00   98.73430    
   11.25000       97.05871    
   22.50000       97.87253    
   33.75000       100.5857    
   45.00000       104.0146    
   56.25000       106.8553    
   67.50000       108.0399    
   78.75000       106.1827    
   90.00000       102.7412    
   101.2500       98.19769    
   112.5000       93.98743    
   123.7500       89.81313    
   135.0000       86.70670    
   146.2500       84.23888    
   157.5000       82.19656    
   168.7500       80.44276    
   180.0000       79.57909    
   191.2500       80.18095    
   202.5000       83.25418    
   213.7500       88.12450    
   225.0000       94.77768    
   236.2500       101.6988    
   247.5000       108.2131    
   258.7500       113.2460    
   270.0000       117.0635    
   281.2500       119.1451    
   292.5000       119.8508    
   303.7500       118.6162    
   315.0000       115.9959    
   326.2500       112.4263    
   337.5000       107.6967    
   348.7500       102.4632    
   360.0000       98.73430    
