  0.0000000E+00   95.16265    
   11.25000       91.45197    
   22.50000       90.08556    
   33.75000       89.22520    
   45.00000       89.84142    
   56.25000       91.44810    
   67.50000       93.88090    
   78.75000       96.52210    
   90.00000       98.75919    
   101.2500       100.7810    
   112.5000       101.2409    
   123.7500       99.98383    
   135.0000       97.27048    
   146.2500       93.83167    
   157.5000       90.79486    
   168.7500       88.35045    
   180.0000       86.84504    
   191.2500       86.80123    
   202.5000       88.24870    
   213.7500       91.42105    
   225.0000       95.29004    
   236.2500       101.0861    
   247.5000       107.5480    
   258.7500       113.8509    
   270.0000       119.0295    
   281.2500       122.2918    
   292.5000       122.9842    
   303.7500       121.2142    
   315.0000       117.1315    
   326.2500       111.7904    
   337.5000       105.7793    
   348.7500       100.0578    
   360.0000       95.16265    
