  0.0000000E+00   137.5988    
   11.25000       137.5706    
   22.50000       132.4539    
   33.75000       121.0681    
   45.00000       107.1309    
   56.25000       92.82767    
   67.50000       79.78265    
   78.75000       70.01210    
   90.00000       64.03793    
   101.2500       62.03230    
   112.5000       63.13305    
   123.7500       67.30653    
   135.0000       73.68880    
   146.2500       82.07667    
   157.5000       92.41173    
   168.7500       104.2860    
   180.0000       115.5917    
   191.2500       124.0830    
   202.5000       127.5060    
   213.7500       125.6883    
   225.0000       119.1690    
   236.2500       109.5661    
   247.5000       99.27177    
   258.7500       90.00961    
   270.0000       84.57043    
   281.2500       82.60801    
   292.5000       84.90238    
   303.7500       90.74175    
   315.0000       99.38524    
   326.2500       109.4326    
   337.5000       120.6898    
   348.7500       129.3666    
   360.0000       137.5988    
