  0.0000000E+00   97.70744    
   11.25000       93.76592    
   22.50000       91.38121    
   33.75000       90.63480    
   45.00000       90.62203    
   56.25000       91.76326    
   67.50000       93.65762    
   78.75000       95.74930    
   90.00000       97.62699    
   101.2500       98.72810    
   112.5000       98.65032    
   123.7500       97.49725    
   135.0000       95.31351    
   146.2500       92.65656    
   157.5000       89.94034    
   168.7500       87.75457    
   180.0000       86.47667    
   191.2500       86.47682    
   202.5000       87.97033    
   213.7500       90.19362    
   225.0000       94.60692    
   236.2500       100.3049    
   247.5000       106.6357    
   258.7500       113.0619    
   270.0000       118.4614    
   281.2500       122.2336    
   292.5000       123.5646    
   303.7500       122.3467    
   315.0000       119.0494    
   326.2500       114.0359    
   337.5000       108.4494    
   348.7500       102.6829    
   360.0000       97.70744    
