  0.0000000E+00   99.54175    
   11.25000       98.04192    
   22.50000       96.98326    
   33.75000       96.37039    
   45.00000       96.16069    
   56.25000       96.36651    
   67.50000       96.74277    
   78.75000       97.27765    
   90.00000       97.90622    
   101.2500       98.11494    
   112.5000       98.11340    
   123.7500       97.81329    
   135.0000       97.31767    
   146.2500       96.69672    
   157.5000       96.07829    
   168.7500       95.54301    
   180.0000       95.45999    
   191.2500       95.82481    
   202.5000       96.68568    
   213.7500       98.03621    
   225.0000       99.78035    
   236.2500       101.7949    
   247.5000       103.8606    
   258.7500       105.7305    
   270.0000       107.2202    
   281.2500       108.1143    
   292.5000       108.3099    
   303.7500       107.8144    
   315.0000       106.6716    
   326.2500       105.1049    
   337.5000       103.2208    
   348.7500       101.3022    
   360.0000       99.54175    
