  0.0000000E+00   98.71908    
   11.25000       104.4659    
   22.50000       111.2844    
   33.75000       116.9762    
   45.00000       120.5928    
   56.25000       121.2345    
   67.50000       118.7667    
   78.75000       112.8173    
   90.00000       106.4036    
   101.2500       98.73389    
   112.5000       91.96470    
   123.7500       86.67221    
   135.0000       83.23161    
   146.2500       81.49299    
   157.5000       81.77454    
   168.7500       83.54920    
   180.0000       86.85454    
   191.2500       91.82026    
   202.5000       97.42263    
   213.7500       102.5562    
   225.0000       106.5746    
   236.2500       108.8493    
   247.5000       108.4558    
   258.7500       106.4842    
   270.0000       103.8128    
   281.2500       100.1865    
   292.5000       97.49159    
   303.7500       95.38338    
   315.0000       93.70187    
   326.2500       93.01753    
   337.5000       93.29151    
   348.7500       95.41774    
   360.0000       98.71908    
