  0.0000000E+00   106.3660    
   11.25000       112.9193    
   22.50000       118.4343    
   33.75000       120.0380    
   45.00000       118.3861    
   56.25000       112.2095    
   67.50000       104.2663    
   78.75000       94.66433    
   90.00000       85.69430    
   101.2500       78.50375    
   112.5000       73.43718    
   123.7500       70.80820    
   135.0000       70.15485    
   146.2500       72.17892    
   157.5000       76.20620    
   168.7500       83.12872    
   180.0000       92.27289    
   191.2500       102.0781    
   202.5000       112.1987    
   213.7500       120.7825    
   225.0000       126.1086    
   236.2500       127.4309    
   247.5000       125.0647    
   258.7500       119.5610    
   270.0000       112.2266    
   281.2500       104.2257    
   292.5000       97.39691    
   303.7500       92.29557    
   315.0000       89.77747    
   326.2500       89.76973    
   337.5000       93.01293    
   348.7500       98.40147    
   360.0000       106.3660    
