  0.0000000E+00   131.6424    
   11.25000       132.3930    
   22.50000       127.7186    
   33.75000       118.5217    
   45.00000       107.1385    
   56.25000       95.89590    
   67.50000       86.94791    
   78.75000       81.27368    
   90.00000       79.01215    
   101.2500       79.54583    
   112.5000       83.12643    
   123.7500       88.86706    
   135.0000       95.18415    
   146.2500       102.1749    
   157.5000       109.7057    
   168.7500       115.4203    
   180.0000       119.0150    
   191.2500       119.3625    
   202.5000       114.6887    
   213.7500       106.6937    
   225.0000       97.14466    
   236.2500       87.54800    
   247.5000       80.52078    
   258.7500       75.98734    
   270.0000       74.88071    
   281.2500       76.41738    
   292.5000       80.47241    
   303.7500       87.30330    
   315.0000       96.01785    
   326.2500       106.2307    
   337.5000       116.8612    
   348.7500       126.2876    
   360.0000       131.6424    
