  0.0000000E+00   86.87844    
   11.25000       91.63420    
   22.50000       97.81343    
   33.75000       105.0679    
   45.00000       111.7035    
   56.25000       115.1711    
   67.50000       115.8247    
   78.75000       113.8313    
   90.00000       110.6061    
   101.2500       105.3784    
   112.5000       100.0988    
   123.7500       95.15989    
   135.0000       90.80782    
   146.2500       87.38493    
   157.5000       85.42355    
   168.7500       86.06274    
   180.0000       89.40809    
   191.2500       95.76532    
   202.5000       103.6081    
   213.7500       111.3771    
   225.0000       117.1533    
   236.2500       120.3590    
   247.5000       118.6341    
   258.7500       114.3257    
   270.0000       107.7300    
   281.2500       100.6846    
   292.5000       94.27997    
   303.7500       89.76742    
   315.0000       85.98565    
   326.2500       84.01009    
   337.5000       83.52404    
   348.7500       84.54061    
   360.0000       86.87844    
