  0.0000000E+00   99.73997    
   11.25000       94.62491    
   22.50000       90.50075    
   33.75000       88.29447    
   45.00000       89.52531    
   56.25000       92.68378    
   67.50000       97.06530    
   78.75000       101.6966    
   90.00000       105.8388    
   101.2500       109.2857    
   112.5000       110.9239    
   123.7500       111.9921    
   135.0000       113.2125    
   146.2500       112.5974    
   157.5000       110.5172    
   168.7500       106.6707    
   180.0000       101.3734    
   191.2500       95.72749    
   202.5000       90.73466    
   213.7500       88.40688    
   225.0000       88.46599    
   236.2500       90.04603    
   247.5000       92.23390    
   258.7500       94.38960    
   270.0000       96.30908    
   281.2500       98.49751    
   292.5000       100.6817    
   303.7500       102.9540    
   315.0000       105.3544    
   326.2500       107.2487    
   337.5000       107.2881    
   348.7500       105.1191    
   360.0000       99.73997    
