  0.0000000E+00   101.4865    
   11.25000       105.7469    
   22.50000       110.7546    
   33.75000       115.2770    
   45.00000       118.2019    
   56.25000       119.0917    
   67.50000       116.1033    
   78.75000       110.9640    
   90.00000       104.3734    
   101.2500       97.29566    
   112.5000       91.86568    
   123.7500       86.94086    
   135.0000       83.67259    
   146.2500       81.90370    
   157.5000       81.17815    
   168.7500       82.01495    
   180.0000       84.29274    
   191.2500       87.15778    
   202.5000       91.71268    
   213.7500       96.54965    
   225.0000       100.9753    
   236.2500       104.2134    
   247.5000       106.2682    
   258.7500       106.6683    
   270.0000       106.2087    
   281.2500       105.1063    
   292.5000       103.9398    
   303.7500       102.3173    
   315.0000       100.7713    
   326.2500       99.20232    
   337.5000       98.68668    
   348.7500       99.05872    
   360.0000       101.4865    
