  0.0000000E+00   100.0629    
   11.25000       97.36002    
   22.50000       95.64519    
   33.75000       94.84219    
   45.00000       95.05592    
   56.25000       95.88815    
   67.50000       97.88232    
   78.75000       99.17328    
   90.00000       100.1197    
   101.2500       100.3926    
   112.5000       99.78128    
   123.7500       98.27565    
   135.0000       96.06103    
   146.2500       93.59457    
   157.5000       91.22122    
   168.7500       89.01801    
   180.0000       87.55193    
   191.2500       87.56609    
   202.5000       88.74757    
   213.7500       91.22904    
   225.0000       94.78220    
   236.2500       99.28621    
   247.5000       104.2305    
   258.7500       108.2783    
   270.0000       112.3905    
   281.2500       115.1833    
   292.5000       116.3191    
   303.7500       115.8126    
   315.0000       113.6309    
   326.2500       110.5105    
   337.5000       106.6241    
   348.7500       103.4834    
   360.0000       100.0629    
