  0.0000000E+00   98.60886    
   11.25000       96.37508    
   22.50000       94.87219    
   33.75000       94.07885    
   45.00000       93.98885    
   56.25000       94.86307    
   67.50000       95.66804    
   78.75000       96.57425    
   90.00000       97.28748    
   101.2500       97.71496    
   112.5000       97.57749    
   123.7500       97.06154    
   135.0000       96.11404    
   146.2500       94.99713    
   157.5000       93.99284    
   168.7500       93.25558    
   180.0000       93.08939    
   191.2500       93.22459    
   202.5000       94.42773    
   213.7500       96.50272    
   225.0000       99.22338    
   236.2500       102.4380    
   247.5000       105.8162    
   258.7500       108.8975    
   270.0000       111.4038    
   281.2500       112.8803    
   292.5000       113.1544    
   303.7500       112.2672    
   315.0000       110.2737    
   326.2500       107.5637    
   337.5000       104.4584    
   348.7500       101.3487    
   360.0000       98.60886    
