  0.0000000E+00   96.34563    
   11.25000       91.84544    
   22.50000       89.21147    
   33.75000       88.31961    
   45.00000       90.05888    
   56.25000       92.71554    
   67.50000       96.25761    
   78.75000       100.1530    
   90.00000       103.3715    
   101.2500       105.3190    
   112.5000       104.9899    
   123.7500       102.5745    
   135.0000       98.38331    
   146.2500       93.20241    
   157.5000       88.06612    
   168.7500       83.68554    
   180.0000       80.81112    
   191.2500       79.83535    
   202.5000       79.98366    
   213.7500       83.22894    
   225.0000       88.63581    
   236.2500       96.14904    
   247.5000       104.8147    
   258.7500       113.8386    
   270.0000       120.4615    
   281.2500       125.6295    
   292.5000       127.6806    
   303.7500       126.2767    
   315.0000       121.8786    
   326.2500       115.5762    
   337.5000       108.4365    
   348.7500       102.2636    
   360.0000       96.34563    
