  0.0000000E+00   95.93759    
   11.25000       91.81799    
   22.50000       88.48035    
   33.75000       86.84520    
   45.00000       86.76402    
   56.25000       88.64937    
   67.50000       91.52947    
   78.75000       94.31358    
   90.00000       96.77571    
   101.2500       98.26127    
   112.5000       98.39404    
   123.7500       96.92496    
   135.0000       94.38078    
   146.2500       91.12630    
   157.5000       87.92298    
   168.7500       85.55448    
   180.0000       83.41801    
   191.2500       83.52697    
   202.5000       85.56716    
   213.7500       89.39939    
   225.0000       95.26121    
   236.2500       101.4437    
   247.5000       109.4986    
   258.7500       117.4464    
   270.0000       124.1253    
   281.2500       128.3942    
   292.5000       129.6208    
   303.7500       127.5573    
   315.0000       123.0119    
   326.2500       116.5168    
   337.5000       109.3073    
   348.7500       102.2271    
   360.0000       95.93759    
