  0.0000000E+00   89.81141    
   11.25000       88.63593    
   22.50000       88.43288    
   33.75000       89.76301    
   45.00000       91.68096    
   56.25000       93.60155    
   67.50000       94.79156    
   78.75000       94.68852    
   90.00000       94.14034    
   101.2500       93.63191    
   112.5000       93.51467    
   123.7500       94.22889    
   135.0000       95.67979    
   146.2500       97.57555    
   157.5000       99.14382    
   168.7500       99.60035    
   180.0000       100.3862    
   191.2500       101.0924    
   202.5000       103.5742    
   213.7500       107.3850    
   225.0000       110.9619    
   236.2500       114.9113    
   247.5000       117.7645    
   258.7500       118.1334    
   270.0000       116.4548    
   281.2500       113.7476    
   292.5000       109.2318    
   303.7500       104.5961    
   315.0000       100.9308    
   326.2500       96.96490    
   337.5000       93.70906    
   348.7500       91.23508    
   360.0000       89.81141    
