  0.0000000E+00   95.43912    
   11.25000       92.06737    
   22.50000       90.68498    
   33.75000       90.14827    
   45.00000       90.75598    
   56.25000       92.66496    
   67.50000       95.20602    
   78.75000       97.99863    
   90.00000       101.3942    
   101.2500       102.7926    
   112.5000       102.9147    
   123.7500       101.4999    
   135.0000       98.99901    
   146.2500       95.63087    
   157.5000       91.55972    
   168.7500       88.76144    
   180.0000       86.96713    
   191.2500       86.47755    
   202.5000       87.58994    
   213.7500       90.34039    
   225.0000       94.25538    
   236.2500       99.40241    
   247.5000       105.5792    
   258.7500       111.6912    
   270.0000       116.8061    
   281.2500       120.0294    
   292.5000       120.9058    
   303.7500       119.3603    
   315.0000       115.7877    
   326.2500       110.8531    
   337.5000       105.3599    
   348.7500       100.0768    
   360.0000       95.43912    
