  0.0000000E+00   113.2603    
   11.25000       120.9294    
   22.50000       124.1906    
   33.75000       123.4615    
   45.00000       117.1183    
   56.25000       108.1631    
   67.50000       96.79713    
   78.75000       86.04398    
   90.00000       77.14819    
   101.2500       70.86178    
   112.5000       67.35732    
   123.7500       67.00906    
   135.0000       69.64136    
   146.2500       75.06161    
   157.5000       83.41565    
   168.7500       94.25664    
   180.0000       106.6186    
   191.2500       119.0526    
   202.5000       129.3484    
   213.7500       135.1870    
   225.0000       135.3615    
   236.2500       129.6919    
   247.5000       120.4997    
   258.7500       109.5239    
   270.0000       98.65102    
   281.2500       89.62243    
   292.5000       83.79711    
   303.7500       81.29771    
   315.0000       82.46217    
   326.2500       86.67471    
   337.5000       94.26363    
   348.7500       103.2316    
   360.0000       113.2603    
