  0.0000000E+00   131.1318    
   11.25000       125.9181    
   22.50000       115.6634    
   33.75000       103.4463    
   45.00000       91.28908    
   56.25000       81.22626    
   67.50000       74.35817    
   78.75000       70.76788    
   90.00000       69.70008    
   101.2500       71.33793    
   112.5000       74.95272    
   123.7500       80.42638    
   135.0000       86.92977    
   146.2500       95.06093    
   157.5000       104.1398    
   168.7500       112.6851    
   180.0000       118.9170    
   191.2500       121.2595    
   202.5000       118.5889    
   213.7500       110.9007    
   225.0000       102.2746    
   236.2500       93.87685    
   247.5000       87.83978    
   258.7500       85.24200    
   270.0000       86.28627    
   281.2500       90.54810    
   292.5000       97.11404    
   303.7500       104.8963    
   315.0000       113.4902    
   326.2500       121.4759    
   337.5000       127.5669    
   348.7500       130.6893    
   360.0000       131.1318    
