  0.0000000E+00   99.21834    
   11.25000       96.40919    
   22.50000       94.85777    
   33.75000       93.67341    
   45.00000       93.35702    
   56.25000       93.72383    
   67.50000       94.57370    
   78.75000       95.63400    
   90.00000       96.52458    
   101.2500       97.10059    
   112.5000       97.04804    
   123.7500       96.51269    
   135.0000       95.40380    
   146.2500       94.07896    
   157.5000       92.71033    
   168.7500       91.69258    
   180.0000       91.27438    
   191.2500       91.64950    
   202.5000       93.01707    
   213.7500       94.69111    
   225.0000       97.83765    
   236.2500       101.5747    
   247.5000       105.7389    
   258.7500       109.6408    
   270.0000       113.0251    
   281.2500       115.1831    
   292.5000       116.0479    
   303.7500       115.2972    
   315.0000       113.2698    
   326.2500       110.1072    
   337.5000       106.4841    
   348.7500       102.6425    
   360.0000       99.21834    
