  0.0000000E+00   127.0701    
   11.25000       133.9628    
   22.50000       136.0414    
   33.75000       131.8103    
   45.00000       122.0810    
   56.25000       109.0723    
   67.50000       95.53454    
   78.75000       82.70800    
   90.00000       72.57594    
   101.2500       65.92323    
   112.5000       62.59862    
   123.7500       62.73805    
   135.0000       65.95978    
   146.2500       72.13074    
   157.5000       80.52937    
   168.7500       90.99799    
   180.0000       102.8234    
   191.2500       114.1959    
   202.5000       123.2523    
   213.7500       128.0137    
   225.0000       127.5777    
   236.2500       122.2954    
   247.5000       113.8717    
   258.7500       104.0076    
   270.0000       94.42471    
   281.2500       87.49251    
   292.5000       84.04524    
   303.7500       83.86329    
   315.0000       87.73502    
   326.2500       94.80051    
   337.5000       104.5247    
   348.7500       115.3419    
   360.0000       127.0701    
