  0.0000000E+00   121.8838    
   11.25000       121.3162    
   22.50000       116.8078    
   33.75000       107.8212    
   45.00000       96.82380    
   56.25000       85.99905    
   67.50000       76.88129    
   78.75000       70.34540    
   90.00000       67.25657    
   101.2500       67.07465    
   112.5000       70.05101    
   123.7500       75.68078    
   135.0000       83.83257    
   146.2500       94.26633    
   157.5000       106.2157    
   168.7500       118.5383    
   180.0000       128.7988    
   191.2500       134.8667    
   202.5000       134.9812    
   213.7500       129.4328    
   225.0000       119.3457    
   236.2500       107.6061    
   247.5000       96.35116    
   258.7500       88.47614    
   270.0000       84.45676    
   281.2500       84.14523    
   292.5000       86.86192    
   303.7500       91.45359    
   315.0000       97.46437    
   326.2500       104.9827    
   337.5000       111.8139    
   348.7500       118.1685    
   360.0000       121.8838    
