  0.0000000E+00   96.38210    
   11.25000       93.29559    
   22.50000       91.28679    
   33.75000       90.56151    
   45.00000       91.19164    
   56.25000       93.21181    
   67.50000       95.81157    
   78.75000       99.75436    
   90.00000       102.2797    
   101.2500       103.8604    
   112.5000       103.7262    
   123.7500       102.1264    
   135.0000       99.05637    
   146.2500       95.22565    
   157.5000       91.40559    
   168.7500       87.20074    
   180.0000       85.01350    
   191.2500       84.23734    
   202.5000       85.22166    
   213.7500       87.96952    
   225.0000       92.43512    
   236.2500       97.33245    
   247.5000       103.8765    
   258.7500       110.5901    
   270.0000       116.2821    
   281.2500       120.3231    
   292.5000       121.8049    
   303.7500       120.7650    
   315.0000       117.3954    
   326.2500       112.4186    
   337.5000       106.7598    
   348.7500       101.1987    
   360.0000       96.38210    
