  0.0000000E+00   98.52821    
   11.25000       96.63760    
   22.50000       95.33572    
   33.75000       94.72650    
   45.00000       95.13281    
   56.25000       95.63816    
   67.50000       96.45414    
   78.75000       97.36016    
   90.00000       98.14439    
   101.2500       98.54600    
   112.5000       98.50647    
   123.7500       97.96014    
   135.0000       97.00277    
   146.2500       95.87843    
   157.5000       94.68440    
   168.7500       93.89170    
   180.0000       93.53012    
   191.2500       93.88717    
   202.5000       94.98499    
   213.7500       96.39705    
   225.0000       98.90026    
   236.2500       101.8021    
   247.5000       104.8343    
   258.7500       107.6925    
   270.0000       109.8995    
   281.2500       111.2569    
   292.5000       111.5329    
   303.7500       110.6663    
   315.0000       108.9459    
   326.2500       106.5041    
   337.5000       103.7386    
   348.7500       101.0000    
   360.0000       98.52821    
