  0.0000000E+00   143.6449    
   11.25000       140.3883    
   22.50000       130.1312    
   33.75000       116.1105    
   45.00000       101.7173    
   56.25000       88.14161    
   67.50000       77.77064    
   78.75000       71.33875    
   90.00000       69.14333    
   101.2500       70.05441    
   112.5000       73.21197    
   123.7500       77.93434    
   135.0000       84.05098    
   146.2500       91.10817    
   157.5000       98.62596    
   168.7500       106.2331    
   180.0000       111.8270    
   191.2500       113.9673    
   202.5000       111.9512    
   213.7500       105.2600    
   225.0000       97.60004    
   236.2500       89.61146    
   247.5000       83.53706    
   258.7500       80.16042    
   270.0000       80.66627    
   281.2500       84.23531    
   292.5000       91.25177    
   303.7500       100.3822    
   315.0000       111.4700    
   326.2500       123.2825    
   337.5000       134.3449    
   348.7500       140.8471    
   360.0000       143.6449    
