  0.0000000E+00   101.7965    
   11.25000       100.0569    
   22.50000       98.68842    
   33.75000       97.97792    
   45.00000       97.48814    
   56.25000       97.32156    
   67.50000       97.37649    
   78.75000       97.43697    
   90.00000       97.41084    
   101.2500       97.19343    
   112.5000       96.68214    
   123.7500       95.96691    
   135.0000       95.05901    
   146.2500       94.14286    
   157.5000       93.40742    
   168.7500       92.90899    
   180.0000       92.87153    
   191.2500       93.34461    
   202.5000       94.20471    
   213.7500       95.91972    
   225.0000       98.07099    
   236.2500       100.6299    
   247.5000       103.3085    
   258.7500       105.8620    
   270.0000       108.0515    
   281.2500       109.5584    
   292.5000       110.3039    
   303.7500       110.2049    
   315.0000       109.3039    
   326.2500       107.7888    
   337.5000       105.8631    
   348.7500       103.7990    
   360.0000       101.7965    
