  0.0000000E+00   99.30820    
   11.25000       97.78444    
   22.50000       96.64845    
   33.75000       96.03295    
   45.00000       95.81236    
   56.25000       95.93763    
   67.50000       96.34152    
   78.75000       96.75647    
   90.00000       97.19980    
   101.2500       97.64422    
   112.5000       97.59514    
   123.7500       97.28309    
   135.0000       96.75706    
   146.2500       95.97884    
   157.5000       95.41680    
   168.7500       95.12531    
   180.0000       95.21288    
   191.2500       95.77161    
   202.5000       96.82140    
   213.7500       98.36238    
   225.0000       100.3124    
   236.2500       102.4899    
   247.5000       104.7146    
   258.7500       106.7115    
   270.0000       108.2428    
   281.2500       109.1173    
   292.5000       109.1810    
   303.7500       108.4981    
   315.0000       107.1508    
   326.2500       105.3215    
   337.5000       103.2776    
   348.7500       101.1921    
   360.0000       99.30820    
