  0.0000000E+00   127.1684    
   11.25000       134.6491    
   22.50000       137.1813    
   33.75000       134.5818    
   45.00000       125.7422    
   56.25000       113.6632    
   67.50000       101.1460    
   78.75000       90.33927    
   90.00000       81.41580    
   101.2500       75.49751    
   112.5000       73.60668    
   123.7500       75.07986    
   135.0000       79.38145    
   146.2500       85.69233    
   157.5000       93.53136    
   168.7500       102.2073    
   180.0000       110.4083    
   191.2500       116.1595    
   202.5000       118.5947    
   213.7500       117.0133    
   225.0000       111.4902    
   236.2500       102.6242    
   247.5000       93.49286    
   258.7500       85.55829    
   270.0000       79.69569    
   281.2500       76.38098    
   292.5000       76.33202    
   303.7500       79.22748    
   315.0000       85.49529    
   326.2500       94.27829    
   337.5000       105.2077    
   348.7500       117.1577    
   360.0000       127.1684    
