  0.0000000E+00   97.79383    
   11.25000       94.92601    
   22.50000       92.56211    
   33.75000       91.47832    
   45.00000       91.48675    
   56.25000       92.36298    
   67.50000       93.89445    
   78.75000       95.57661    
   90.00000       97.27370    
   101.2500       98.73817    
   112.5000       98.68907    
   123.7500       97.76955    
   135.0000       96.10609    
   146.2500       93.42136    
   157.5000       91.12968    
   168.7500       89.38383    
   180.0000       88.55446    
   191.2500       88.66866    
   202.5000       90.09475    
   213.7500       92.92963    
   225.0000       96.81975    
   236.2500       101.1344    
   247.5000       106.4919    
   258.7500       111.7801    
   270.0000       116.2053    
   281.2500       119.1143    
   292.5000       120.1462    
   303.7500       118.9368    
   315.0000       116.0282    
   326.2500       111.6739    
   337.5000       106.8414    
   348.7500       101.9877    
   360.0000       97.79383    
