  0.0000000E+00   98.26869    
   11.25000       101.0771    
   22.50000       104.1713    
   33.75000       107.1609    
   45.00000       107.5596    
   56.25000       106.2335    
   67.50000       101.5117    
   78.75000       95.74893    
   90.00000       89.75439    
   101.2500       84.06720    
   112.5000       79.77665    
   123.7500       77.13714    
   135.0000       76.18948    
   146.2500       76.62793    
   157.5000       78.57734    
   168.7500       82.07592    
   180.0000       87.59016    
   191.2500       95.02039    
   202.5000       102.6318    
   213.7500       111.1182    
   225.0000       118.4372    
   236.2500       123.2669    
   247.5000       125.2664    
   258.7500       124.4463    
   270.0000       121.6485    
   281.2500       116.8845    
   292.5000       111.4781    
   303.7500       105.9488    
   315.0000       101.3122    
   326.2500       97.93451    
   337.5000       95.69562    
   348.7500       95.38255    
   360.0000       98.26869    
