  0.0000000E+00   98.83674    
   11.25000       95.71851    
   22.50000       93.64013    
   33.75000       93.22981    
   45.00000       94.06269    
   56.25000       95.33585    
   67.50000       97.13055    
   78.75000       99.00225    
   90.00000       100.4322    
   101.2500       100.9914    
   112.5000       100.3956    
   123.7500       98.58318    
   135.0000       95.89518    
   146.2500       92.75768    
   157.5000       89.73904    
   168.7500       87.33389    
   180.0000       85.89543    
   191.2500       85.73007    
   202.5000       86.61426    
   213.7500       88.99570    
   225.0000       93.20290    
   236.2500       98.42688    
   247.5000       104.4390    
   258.7500       110.2702    
   270.0000       115.3308    
   281.2500       118.7773    
   292.5000       120.1320    
   303.7500       119.4155    
   315.0000       116.5530    
   326.2500       112.4753    
   337.5000       107.6694    
   348.7500       102.9877    
   360.0000       98.83674    
