  0.0000000E+00   101.6160    
   11.25000       100.0331    
   22.50000       98.81049    
   33.75000       98.05766    
   45.00000       97.92039    
   56.25000       97.86422    
   67.50000       97.99777    
   78.75000       98.12525    
   90.00000       98.10728    
   101.2500       97.87074    
   112.5000       97.29316    
   123.7500       96.46934    
   135.0000       95.43549    
   146.2500       94.34425    
   157.5000       93.44695    
   168.7500       92.89625    
   180.0000       92.73526    
   191.2500       93.03117    
   202.5000       94.04307    
   213.7500       95.70725    
   225.0000       97.85101    
   236.2500       100.3535    
   247.5000       103.0078    
   258.7500       105.4993    
   270.0000       107.6316    
   281.2500       109.1487    
   292.5000       109.8404    
   303.7500       109.7120    
   315.0000       108.8323    
   326.2500       107.3481    
   337.5000       105.4738    
   348.7500       103.4966    
   360.0000       101.6160    
