  0.0000000E+00   99.84793    
   11.25000       97.98247    
   22.50000       96.75017    
   33.75000       96.81076    
   45.00000       97.07041    
   56.25000       97.82890    
   67.50000       98.95251    
   78.75000       99.99172    
   90.00000       100.8346    
   101.2500       101.0129    
   112.5000       100.6203    
   123.7500       99.40009    
   135.0000       97.73222    
   146.2500       95.64759    
   157.5000       93.68702    
   168.7500       91.93607    
   180.0000       90.97025    
   191.2500       90.72984    
   202.5000       91.54950    
   213.7500       92.61479    
   225.0000       95.18782    
   236.2500       98.34611    
   247.5000       101.9244    
   258.7500       105.3983    
   270.0000       108.4443    
   281.2500       110.5719    
   292.5000       111.5886    
   303.7500       111.3664    
   315.0000       109.9899    
   326.2500       107.7848    
   337.5000       105.0673    
   348.7500       102.3602    
   360.0000       99.84793    
