  0.0000000E+00   105.9896    
   11.25000       113.8323    
   22.50000       118.3022    
   33.75000       118.4734    
   45.00000       114.4701    
   56.25000       106.0790    
   67.50000       96.14464    
   78.75000       86.51839    
   90.00000       78.45255    
   101.2500       72.56855    
   112.5000       69.99041    
   123.7500       70.43354    
   135.0000       74.47237    
   146.2500       81.70321    
   157.5000       92.45099    
   168.7500       105.7393    
   180.0000       120.0497    
   191.2500       133.4956    
   202.5000       143.1095    
   213.7500       146.4472    
   225.0000       142.5206    
   236.2500       132.8593    
   247.5000       118.3774    
   258.7500       103.2841    
   270.0000       89.91035    
   281.2500       79.95707    
   292.5000       74.08016    
   303.7500       72.38789    
   315.0000       74.43474    
   326.2500       79.66444    
   337.5000       87.22502    
   348.7500       96.57662    
   360.0000       105.9896    
