  0.0000000E+00   97.32840    
   11.25000       94.83311    
   22.50000       93.83756    
   33.75000       93.10844    
   45.00000       93.24895    
   56.25000       93.97012    
   67.50000       95.16580    
   78.75000       96.43901    
   90.00000       97.57581    
   101.2500       98.23238    
   112.5000       98.28773    
   123.7500       97.71317    
   135.0000       96.60670    
   146.2500       95.29091    
   157.5000       93.91040    
   168.7500       92.96204    
   180.0000       92.52275    
   191.2500       92.98102    
   202.5000       94.27940    
   213.7500       96.41657    
   225.0000       98.98808    
   236.2500       102.5244    
   247.5000       106.2855    
   258.7500       109.7732    
   270.0000       112.5984    
   281.2500       114.1977    
   292.5000       114.5133    
   303.7500       113.2904    
   315.0000       110.9710    
   326.2500       107.6503    
   337.5000       104.0672    
   348.7500       100.4301    
   360.0000       97.32840    
