  0.0000000E+00   121.5548    
   11.25000       119.7808    
   22.50000       114.0555    
   33.75000       105.5451    
   45.00000       96.15913    
   56.25000       88.12637    
   67.50000       83.33238    
   78.75000       81.21705    
   90.00000       81.83114    
   101.2500       85.33414    
   112.5000       90.76119    
   123.7500       97.49072    
   135.0000       105.0464    
   146.2500       112.1288    
   157.5000       118.5261    
   168.7500       122.9701    
   180.0000       124.4129    
   191.2500       120.6903    
   202.5000       113.1631    
   213.7500       103.5434    
   225.0000       93.82728    
   236.2500       85.80688    
   247.5000       80.60270    
   258.7500       78.69478    
   270.0000       79.09045    
   281.2500       81.45177    
   292.5000       85.33104    
   303.7500       90.87038    
   315.0000       97.73167    
   326.2500       106.1960    
   337.5000       114.1257    
   348.7500       120.6019    
   360.0000       121.5548    
