  0.0000000E+00   94.60831    
   11.25000       91.37189    
   22.50000       89.79939    
   33.75000       89.27192    
   45.00000       90.12208    
   56.25000       92.28364    
   67.50000       95.16173    
   78.75000       99.17962    
   90.00000       102.0970    
   101.2500       103.7584    
   112.5000       103.6957    
   123.7500       102.0782    
   135.0000       99.00218    
   146.2500       95.23888    
   157.5000       91.19646    
   168.7500       87.37488    
   180.0000       85.19270    
   191.2500       84.66705    
   202.5000       85.82608    
   213.7500       88.88320    
   225.0000       93.72684    
   236.2500       99.04781    
   247.5000       105.9507    
   258.7500       112.7698    
   270.0000       118.4951    
   281.2500       122.0633    
   292.5000       122.9352    
   303.7500       121.1166    
   315.0000       116.9533    
   326.2500       111.3948    
   337.5000       105.2401    
   348.7500       99.49695    
   360.0000       94.60831    
