  0.0000000E+00   130.3753    
   11.25000       139.2578    
   22.50000       142.9046    
   33.75000       140.5063    
   45.00000       131.1011    
   56.25000       117.8736    
   67.50000       104.3843    
   78.75000       91.25165    
   90.00000       80.86838    
   101.2500       73.82523    
   112.5000       70.50199    
   123.7500       71.20713    
   135.0000       75.03637    
   146.2500       81.11012    
   157.5000       88.93321    
   168.7500       97.50211    
   180.0000       106.5905    
   191.2500       113.2732    
   202.5000       116.6321    
   213.7500       115.8139    
   225.0000       110.9617    
   236.2500       102.8986    
   247.5000       94.07555    
   258.7500       86.06872    
   270.0000       80.00125    
   281.2500       76.32077    
   292.5000       76.13743    
   303.7500       79.10921    
   315.0000       85.55241    
   326.2500       94.61186    
   337.5000       106.0615    
   348.7500       119.2520    
   360.0000       130.3753    
