  0.0000000E+00   125.1911    
   11.25000       134.8296    
   22.50000       139.1719    
   33.75000       135.9894    
   45.00000       127.2171    
   56.25000       114.7561    
   67.50000       101.8284    
   78.75000       89.83482    
   90.00000       80.52706    
   101.2500       75.38515    
   112.5000       74.31508    
   123.7500       76.56692    
   135.0000       82.37986    
   146.2500       90.55247    
   157.5000       100.4603    
   168.7500       109.9140    
   180.0000       118.7059    
   191.2500       124.2737    
   202.5000       124.8622    
   213.7500       120.4836    
   225.0000       112.1814    
   236.2500       100.8804    
   247.5000       89.39659    
   258.7500       79.37584    
   270.0000       72.92056    
   281.2500       69.47411    
   292.5000       69.73009    
   303.7500       73.25608    
   315.0000       80.08089    
   326.2500       89.75088    
   337.5000       101.3791    
   348.7500       114.3296    
   360.0000       125.1911    
