  0.0000000E+00   82.73874    
   11.25000       86.99395    
   22.50000       92.96546    
   33.75000       98.25186    
   45.00000       102.0346    
   56.25000       103.7906    
   67.50000       102.4356    
   78.75000       99.62640    
   90.00000       94.99091    
   101.2500       90.56361    
   112.5000       86.91628    
   123.7500       84.46487    
   135.0000       82.81257    
   146.2500       82.58347    
   157.5000       83.52153    
   168.7500       86.61227    
   180.0000       92.00144    
   191.2500       100.4167    
   202.5000       109.8458    
   213.7500       120.3869    
   225.0000       129.5119    
   236.2500       135.8330    
   247.5000       136.8098    
   258.7500       133.0429    
   270.0000       125.7352    
   281.2500       116.9321    
   292.5000       106.6709    
   303.7500       97.10170    
   315.0000       89.79517    
   326.2500       83.95203    
   337.5000       80.55103    
   348.7500       80.11066    
   360.0000       82.73874    
