  0.0000000E+00   98.98082    
   11.25000       95.40268    
   22.50000       92.91504    
   33.75000       92.47739    
   45.00000       92.54159    
   56.25000       93.54205    
   67.50000       95.12501    
   78.75000       96.90965    
   90.00000       98.29364    
   101.2500       98.96155    
   112.5000       98.55476    
   123.7500       97.09995    
   135.0000       94.76439    
   146.2500       91.98421    
   157.5000       89.25940    
   168.7500       87.06016    
   180.0000       85.86836    
   191.2500       85.90682    
   202.5000       87.43447    
   213.7500       89.75522    
   225.0000       94.04091    
   236.2500       99.57129    
   247.5000       105.7359    
   258.7500       111.8560    
   270.0000       117.1415    
   281.2500       120.6557    
   292.5000       122.2348    
   303.7500       121.2313    
   315.0000       118.3561    
   326.2500       113.9251    
   337.5000       108.7651    
   348.7500       103.6495    
   360.0000       98.98082    
