  0.0000000E+00   131.4911    
   11.25000       122.9645    
   22.50000       112.5751    
   33.75000       100.6302    
   45.00000       89.85347    
   56.25000       81.66547    
   67.50000       76.25702    
   78.75000       73.85452    
   90.00000       73.59336    
   101.2500       75.01543    
   112.5000       77.75801    
   123.7500       81.35130    
   135.0000       86.20509    
   146.2500       92.24339    
   157.5000       98.70925    
   168.7500       104.3392    
   180.0000       107.0391    
   191.2500       107.4477    
   202.5000       104.8749    
   213.7500       99.53008    
   225.0000       94.62947    
   236.2500       90.37785    
   247.5000       89.07688    
   258.7500       90.03059    
   270.0000       94.16051    
   281.2500       100.1206    
   292.5000       107.5572    
   303.7500       115.5744    
   315.0000       123.8956    
   326.2500       129.5451    
   337.5000       133.4074    
   348.7500       134.2261    
   360.0000       131.4911    
