  0.0000000E+00   99.14754    
   11.25000       96.28085    
   22.50000       94.35702    
   33.75000       93.25616    
   45.00000       92.99026    
   56.25000       93.55650    
   67.50000       94.40910    
   78.75000       95.84483    
   90.00000       97.10106    
   101.2500       97.64861    
   112.5000       97.63374    
   123.7500       96.98294    
   135.0000       95.82159    
   146.2500       94.39513    
   157.5000       92.66850    
   168.7500       91.24955    
   180.0000       90.74785    
   191.2500       91.09064    
   202.5000       92.42250    
   213.7500       94.75419    
   225.0000       97.99718    
   236.2500       101.9152    
   247.5000       106.1554    
   258.7500       109.9777    
   270.0000       113.0978    
   281.2500       115.2820    
   292.5000       116.0312    
   303.7500       115.2219    
   315.0000       112.9912    
   326.2500       109.8687    
   337.5000       106.4933    
   348.7500       102.6100    
   360.0000       99.14754    
