  0.0000000E+00   96.92902    
   11.25000       93.69901    
   22.50000       91.58108    
   33.75000       90.70108    
   45.00000       90.89172    
   56.25000       92.73161    
   67.50000       94.43764    
   78.75000       96.38284    
   90.00000       97.99552    
   101.2500       99.05858    
   112.5000       99.08409    
   123.7500       98.23663    
   135.0000       96.51146    
   146.2500       94.32943    
   157.5000       92.17218    
   168.7500       90.38316    
   180.0000       89.28058    
   191.2500       88.93733    
   202.5000       90.32926    
   213.7500       93.05330    
   225.0000       96.99127    
   236.2500       101.7897    
   247.5000       107.1547    
   258.7500       112.2386    
   270.0000       116.4873    
   281.2500       118.6025    
   292.5000       119.1891    
   303.7500       117.7824    
   315.0000       114.9838    
   326.2500       110.9380    
   337.5000       105.9477    
   348.7500       101.1691    
   360.0000       96.92902    
