  0.0000000E+00   95.09511    
   11.25000       90.47346    
   22.50000       87.48693    
   33.75000       86.48065    
   45.00000       86.93784    
   56.25000       89.86842    
   67.50000       92.77753    
   78.75000       96.21327    
   90.00000       99.18015    
   101.2500       101.0935    
   112.5000       101.3310    
   123.7500       99.80343    
   135.0000       96.83015    
   146.2500       93.00276    
   157.5000       89.17248    
   168.7500       85.94383    
   180.0000       83.91853    
   191.2500       82.70296    
   202.5000       84.24563    
   213.7500       87.73212    
   225.0000       93.31986    
   236.2500       100.5684    
   247.5000       108.0618    
   258.7500       116.1158    
   270.0000       123.0865    
   281.2500       127.6810    
   292.5000       128.8533    
   303.7500       126.8649    
   315.0000       121.8335    
   326.2500       115.0835    
   337.5000       107.6258    
   348.7500       100.6159    
   360.0000       95.09511    
