  0.0000000E+00   97.50668    
   11.25000       93.79369    
   22.50000       90.60769    
   33.75000       89.06502    
   45.00000       89.02308    
   56.25000       90.21294    
   67.50000       93.28633    
   78.75000       95.65160    
   90.00000       97.77968    
   101.2500       98.78760    
   112.5000       98.41329    
   123.7500       96.50527    
   135.0000       93.37654    
   146.2500       89.80459    
   157.5000       86.33212    
   168.7500       83.64108    
   180.0000       81.78863    
   191.2500       81.60254    
   202.5000       83.74760    
   213.7500       87.68724    
   225.0000       93.58401    
   236.2500       100.5606    
   247.5000       108.2004    
   258.7500       116.2715    
   270.0000       123.2691    
   281.2500       127.9086    
   292.5000       129.5336    
   303.7500       127.7874    
   315.0000       123.3653    
   326.2500       117.2060    
   337.5000       110.2090    
   348.7500       103.4913    
   360.0000       97.50668    
