  0.0000000E+00   117.4789    
   11.25000       120.2733    
   22.50000       119.0634    
   33.75000       112.5257    
   45.00000       102.8183    
   56.25000       92.08179    
   67.50000       82.07876    
   78.75000       73.98801    
   90.00000       69.25284    
   101.2500       67.71233    
   112.5000       69.91788    
   123.7500       74.78625    
   135.0000       82.98538    
   146.2500       93.75026    
   157.5000       106.2466    
   168.7500       119.6252    
   180.0000       131.8779    
   191.2500       140.2834    
   202.5000       141.8857    
   213.7500       136.5382    
   225.0000       125.8011    
   236.2500       112.3243    
   247.5000       99.03082    
   258.7500       88.33743    
   270.0000       81.25892    
   281.2500       77.99794    
   292.5000       78.73505    
   303.7500       82.40125    
   315.0000       88.18810    
   326.2500       95.64570    
   337.5000       103.4547    
   348.7500       111.6548    
   360.0000       117.4789    
