  0.0000000E+00   101.5705    
   11.25000       99.58966    
   22.50000       98.15974    
   33.75000       97.10757    
   45.00000       96.49812    
   56.25000       96.29041    
   67.50000       96.34128    
   78.75000       96.45811    
   90.00000       96.59010    
   101.2500       96.52676    
   112.5000       96.26431    
   123.7500       95.74744    
   135.0000       95.05379    
   146.2500       94.29425    
   157.5000       93.57220    
   168.7500       93.15505    
   180.0000       93.15112    
   191.2500       93.64207    
   202.5000       94.54323    
   213.7500       96.22946    
   225.0000       98.45244    
   236.2500       101.1037    
   247.5000       103.8324    
   258.7500       106.5074    
   270.0000       108.7134    
   281.2500       110.3211    
   292.5000       111.1018    
   303.7500       110.9303    
   315.0000       109.9544    
   326.2500       108.2900    
   337.5000       106.1672    
   348.7500       103.8406    
   360.0000       101.5705    
