  0.0000000E+00   96.74728    
   11.25000       93.78232    
   22.50000       91.52440    
   33.75000       90.70498    
   45.00000       91.49222    
   56.25000       93.42047    
   67.50000       96.22540    
   78.75000       100.1447    
   90.00000       102.5351    
   101.2500       103.8862    
   112.5000       103.3778    
   123.7500       101.4595    
   135.0000       97.91084    
   146.2500       93.98754    
   157.5000       89.94809    
   168.7500       86.01704    
   180.0000       83.58607    
   191.2500       82.90244    
   202.5000       84.02375    
   213.7500       86.93157    
   225.0000       91.67471    
   236.2500       97.00983    
   247.5000       103.9788    
   258.7500       111.1349    
   270.0000       117.3119    
   281.2500       121.6255    
   292.5000       123.1613    
   303.7500       122.1408    
   315.0000       118.5632    
   326.2500       113.4693    
   337.5000       107.5667    
   348.7500       101.7554    
   360.0000       96.74728    
