  0.0000000E+00   99.42941    
   11.25000       97.93072    
   22.50000       96.85448    
   33.75000       96.25605    
   45.00000       96.03064    
   56.25000       96.21961    
   67.50000       96.60651    
   78.75000       97.07062    
   90.00000       97.74388    
   101.2500       97.94671    
   112.5000       97.92323    
   123.7500       97.62024    
   135.0000       97.12891    
   146.2500       96.54420    
   157.5000       95.79663    
   168.7500       95.43492    
   180.0000       95.43677    
   191.2500       95.87340    
   202.5000       96.79942    
   213.7500       98.21794    
   225.0000       100.0242    
   236.2500       102.0836    
   247.5000       104.1964    
   258.7500       106.0864    
   270.0000       107.5623    
   281.2500       108.4152    
   292.5000       108.5355    
   303.7500       107.9806    
   315.0000       106.7532    
   326.2500       105.1060    
   337.5000       103.1817    
   348.7500       101.2105    
   360.0000       99.42941    
