  0.0000000E+00   97.78127    
   11.25000       94.39593    
   22.50000       91.51282    
   33.75000       90.14371    
   45.00000       90.34842    
   56.25000       91.64352    
   67.50000       94.77047    
   78.75000       97.15441    
   90.00000       99.16304    
   101.2500       100.0188    
   112.5000       99.29176    
   123.7500       97.04266    
   135.0000       93.56640    
   146.2500       89.56107    
   157.5000       85.81823    
   168.7500       82.87498    
   180.0000       81.04180    
   191.2500       80.47641    
   202.5000       82.52899    
   213.7500       86.52889    
   225.0000       92.47495    
   236.2500       99.82297    
   247.5000       107.3282    
   258.7500       115.4348    
   270.0000       122.4430    
   281.2500       127.0634    
   292.5000       128.7364    
   303.7500       127.2376    
   315.0000       122.9878    
   326.2500       117.0305    
   337.5000       110.1582    
   348.7500       103.6184    
   360.0000       97.78127    
