  0.0000000E+00   93.32449    
   11.25000       88.88548    
   22.50000       86.12183    
   33.75000       85.09401    
   45.00000       85.79977    
   56.25000       88.27438    
   67.50000       91.73506    
   78.75000       95.13150    
   90.00000       98.12466    
   101.2500       100.0574    
   112.5000       100.5029    
   123.7500       99.40400    
   135.0000       97.02609    
   146.2500       93.94585    
   157.5000       90.90594    
   168.7500       87.55338    
   180.0000       85.94928    
   191.2500       86.02869    
   202.5000       87.93487    
   213.7500       91.64489    
   225.0000       97.21484    
   236.2500       103.0774    
   247.5000       110.4342    
   258.7500       117.5384    
   270.0000       123.2968    
   281.2500       126.7271    
   292.5000       127.2130    
   303.7500       124.6338    
   315.0000       119.5592    
   326.2500       112.8206    
   337.5000       105.5719    
   348.7500       98.46825    
   360.0000       93.32449    
