  0.0000000E+00   121.0667    
   11.25000       113.3516    
   22.50000       102.1454    
   33.75000       90.17287    
   45.00000       79.33475    
   56.25000       71.65440    
   67.50000       67.59367    
   78.75000       67.42345    
   90.00000       69.78743    
   101.2500       73.94836    
   112.5000       79.47563    
   123.7500       86.53254    
   135.0000       95.22083    
   146.2500       104.9662    
   157.5000       114.2812    
   168.7500       122.2513    
   180.0000       126.4909    
   191.2500       124.7093    
   202.5000       118.8411    
   213.7500       109.8790    
   225.0000       100.0731    
   236.2500       92.23195    
   247.5000       88.41918    
   258.7500       88.53762    
   270.0000       92.14874    
   281.2500       97.70807    
   292.5000       104.1471    
   303.7500       111.0071    
   315.0000       116.5864    
   326.2500       121.6064    
   337.5000       124.1767    
   348.7500       124.2311    
   360.0000       121.0667    
