  0.0000000E+00   98.88514    
   11.25000       93.97127    
   22.50000       89.33859    
   33.75000       85.78772    
   45.00000       83.49894    
   56.25000       83.04953    
   67.50000       83.81180    
   78.75000       85.43591    
   90.00000       87.05331    
   101.2500       88.94394    
   112.5000       91.51380    
   123.7500       94.92038    
   135.0000       99.10027    
   146.2500       103.7370    
   157.5000       107.8201    
   168.7500       110.3393    
   180.0000       109.6729    
   191.2500       107.8971    
   202.5000       104.8866    
   213.7500       102.3720    
   225.0000       101.8560    
   236.2500       102.4185    
   247.5000       104.5877    
   258.7500       107.1494    
   270.0000       109.8336    
   281.2500       111.0897    
   292.5000       111.4789    
   303.7500       111.4869    
   315.0000       110.1267    
   326.2500       109.0491    
   337.5000       106.2761    
   348.7500       102.6119    
   360.0000       98.88514    
