  0.0000000E+00   88.08587    
   11.25000       91.78066    
   22.50000       96.21615    
   33.75000       100.4164    
   45.00000       103.5863    
   56.25000       103.9612    
   67.50000       102.3388    
   78.75000       99.29333    
   90.00000       95.62560    
   101.2500       92.20947    
   112.5000       89.46157    
   123.7500       88.17712    
   135.0000       88.01926    
   146.2500       88.88544    
   157.5000       90.38394    
   168.7500       93.75209    
   180.0000       98.22960    
   191.2500       104.9676    
   202.5000       112.6067    
   213.7500       119.7103    
   225.0000       124.6905    
   236.2500       126.7032    
   247.5000       125.1345    
   258.7500       120.6660    
   270.0000       114.0944    
   281.2500       105.9603    
   292.5000       98.50018    
   303.7500       92.76882    
   315.0000       88.09117    
   326.2500       85.47538    
   337.5000       84.77780    
   348.7500       85.43037    
   360.0000       88.08587    
