  0.0000000E+00   99.85204    
   11.25000       97.44282    
   22.50000       95.64595    
   33.75000       94.61208    
   45.00000       94.17713    
   56.25000       94.74038    
   67.50000       95.24399    
   78.75000       95.95925    
   90.00000       96.55788    
   101.2500       96.91589    
   112.5000       96.88993    
   123.7500       96.37424    
   135.0000       95.54442    
   146.2500       94.50599    
   157.5000       93.49846    
   168.7500       92.79823    
   180.0000       92.25327    
   191.2500       92.68558    
   202.5000       93.93756    
   213.7500       95.92953    
   225.0000       98.65536    
   236.2500       101.8210    
   247.5000       105.2064    
   258.7500       108.4849    
   270.0000       111.1895    
   281.2500       113.0280    
   292.5000       113.7313    
   303.7500       113.1669    
   315.0000       111.5066    
   326.2500       108.9331    
   337.5000       105.9313    
   348.7500       102.7811    
   360.0000       99.85204    
