  0.0000000E+00   108.8329    
   11.25000       102.1553    
   22.50000       94.21159    
   33.75000       86.70354    
   45.00000       81.42986    
   56.25000       78.28611    
   67.50000       78.01461    
   78.75000       79.91185    
   90.00000       83.25240    
   101.2500       87.73101    
   112.5000       93.14401    
   123.7500       99.58439    
   135.0000       106.9274    
   146.2500       113.5885    
   157.5000       119.1001    
   168.7500       121.2957    
   180.0000       119.3418    
   191.2500       113.9724    
   202.5000       105.9991    
   213.7500       98.00487    
   225.0000       91.84665    
   236.2500       89.57496    
   247.5000       90.13998    
   258.7500       93.37270    
   270.0000       97.60734    
   281.2500       101.8753    
   292.5000       105.2417    
   303.7500       108.6198    
   315.0000       111.0748    
   326.2500       113.0797    
   337.5000       113.3533    
   348.7500       112.7265    
   360.0000       108.8329    
