  0.0000000E+00   109.8210    
   11.25000       118.7635    
   22.50000       125.4013    
   33.75000       129.0253    
   45.00000       129.1301    
   56.25000       123.7215    
   67.50000       115.9875    
   78.75000       105.4628    
   90.00000       95.20305    
   101.2500       87.01109    
   112.5000       80.24252    
   123.7500       75.93176    
   135.0000       73.91267    
   146.2500       74.43617    
   157.5000       77.17655    
   168.7500       81.46255    
   180.0000       87.31476    
   191.2500       94.27787    
   202.5000       101.3353    
   213.7500       106.9797    
   225.0000       110.6063    
   236.2500       111.5411    
   247.5000       110.0519    
   258.7500       106.5845    
   270.0000       102.6052    
   281.2500       98.39114    
   292.5000       94.78635    
   303.7500       91.74050    
   315.0000       91.25863    
   326.2500       92.43781    
   337.5000       95.92481    
   348.7500       101.4747    
   360.0000       109.8210    
