  0.0000000E+00   112.9292    
   11.25000       104.6836    
   22.50000       97.40379    
   33.75000       92.66959    
   45.00000       91.18336    
   56.25000       91.99569    
   67.50000       94.09871    
   78.75000       96.59341    
   90.00000       97.32665    
   101.2500       97.71578    
   112.5000       96.98476    
   123.7500       96.94640    
   135.0000       96.32609    
   146.2500       95.91363    
   157.5000       95.06282    
   168.7500       93.02357    
   180.0000       89.77380    
   191.2500       85.47350    
   202.5000       82.35860    
   213.7500       80.85511    
   225.0000       82.02759    
   236.2500       85.84290    
   247.5000       91.50198    
   258.7500       97.82954    
   270.0000       104.5839    
   281.2500       111.0972    
   292.5000       117.3427    
   303.7500       122.5963    
   315.0000       125.9541    
   326.2500       126.7474    
   337.5000       125.1849    
   348.7500       119.9735    
   360.0000       112.9292    
