  0.0000000E+00   94.13841    
   11.25000       89.65265    
   22.50000       86.92365    
   33.75000       86.06872    
   45.00000       86.81889    
   56.25000       90.10707    
   67.50000       93.37058    
   78.75000       97.06432    
   90.00000       100.1778    
   101.2500       102.2199    
   112.5000       102.3719    
   123.7500       100.7878    
   135.0000       97.62248    
   146.2500       93.64419    
   157.5000       89.59476    
   168.7500       86.19585    
   180.0000       84.12986    
   191.2500       82.86028    
   202.5000       84.28308    
   213.7500       87.83391    
   225.0000       93.47044    
   236.2500       100.7411    
   247.5000       108.9252    
   258.7500       116.3359    
   270.0000       123.1105    
   281.2500       127.3744    
   292.5000       128.2489    
   303.7500       125.8168    
   315.0000       120.5126    
   326.2500       113.7193    
   337.5000       106.1312    
   348.7500       99.74731    
   360.0000       94.13841    
