  0.0000000E+00   131.4663    
   11.25000       131.7289    
   22.50000       126.4093    
   33.75000       116.0021    
   45.00000       102.7723    
   56.25000       89.82884    
   67.50000       79.86162    
   78.75000       74.10624    
   90.00000       72.65124    
   101.2500       75.59432    
   112.5000       81.38975    
   123.7500       89.13812    
   135.0000       98.29131    
   146.2500       108.5935    
   157.5000       117.7263    
   168.7500       125.2575    
   180.0000       129.4386    
   191.2500       127.9796    
   202.5000       121.3478    
   213.7500       110.7314    
   225.0000       98.33757    
   236.2500       86.62763    
   247.5000       78.03407    
   258.7500       72.86809    
   270.0000       71.82231    
   281.2500       73.63757    
   292.5000       78.17072    
   303.7500       85.35768    
   315.0000       94.64816    
   326.2500       105.8731    
   337.5000       117.0705    
   348.7500       127.2374    
   360.0000       131.4663    
