  0.0000000E+00   96.69017    
   11.25000       102.8860    
   22.50000       107.9321    
   33.75000       111.0232    
   45.00000       111.3517    
   56.25000       108.1608    
   67.50000       102.9699    
   78.75000       95.56107    
   90.00000       88.23268    
   101.2500       82.07369    
   112.5000       77.51230    
   123.7500       74.95616    
   135.0000       73.99030    
   146.2500       75.05981    
   157.5000       77.99410    
   168.7500       83.61860    
   180.0000       90.96044    
   191.2500       100.9043    
   202.5000       111.8424    
   213.7500       122.0606    
   225.0000       129.5083    
   236.2500       132.7552    
   247.5000       131.6103    
   258.7500       126.5789    
   270.0000       118.8785    
   281.2500       110.1484    
   292.5000       102.4886    
   303.7500       95.11754    
   315.0000       90.17689    
   326.2500       87.89922    
   337.5000       88.25760    
   348.7500       90.80025    
   360.0000       96.69017    
