  0.0000000E+00   113.8063    
   11.25000       117.1781    
   22.50000       116.3879    
   33.75000       112.5497    
   45.00000       104.3644    
   56.25000       94.50488    
   67.50000       84.86352    
   78.75000       76.90665    
   90.00000       71.09775    
   101.2500       68.36707    
   112.5000       68.51094    
   123.7500       71.43040    
   135.0000       77.50118    
   146.2500       86.45248    
   157.5000       97.71565    
   168.7500       110.7063    
   180.0000       123.5882    
   191.2500       134.1572    
   202.5000       139.9243    
   213.7500       139.6929    
   225.0000       133.1999    
   236.2500       122.8823    
   247.5000       110.7569    
   258.7500       99.01487    
   270.0000       89.30134    
   281.2500       83.63242    
   292.5000       81.65842    
   303.7500       83.05638    
   315.0000       87.09032    
   326.2500       92.69191    
   337.5000       100.0739    
   348.7500       106.9354    
   360.0000       113.8063    
