  0.0000000E+00   155.411246602819     
   11.25000       155.777130575553     
   22.50000       156.135116136303     
   33.75000       156.344307778256     
   45.00000       156.537198974121     
   56.25000       156.690872308820     
   67.50000       156.729338282779     
   78.75000       156.865775245431     
   90.00000       156.936582210938     
   101.2500       156.989836070468     
   112.5000       157.018051714688     
   123.7500       156.963625407672     
   135.0000       156.933177711453     
   146.2500       156.763562244577     
   157.5000       156.458650487626     
   168.7500       156.025001745770     
   180.0000       155.457161164625     
   191.2500       154.871051979386     
   202.5000       154.188535363869     
   213.7500       153.571669057594     
   225.0000       152.952502157377     
   236.2500       152.472367207284     
   247.5000       152.073433118265     
   258.7500       151.863275639298     
   270.0000       151.826346382132     
   281.2500       151.904007276692     
   292.5000       152.296963705007     
   303.7500       152.738051628789     
   315.0000       153.289321779466     
   326.2500       153.926855779987     
   337.5000       154.459865870117     
   348.7500       154.999671206723     
   360.0000       155.411246602819     
