  0.0000000E+00   174.536161985091     
   11.25000       174.459037533312     
   22.50000       173.961793619215     
   33.75000       173.327358675783     
   45.00000       172.415784088749     
   56.25000       171.370950983649     
   67.50000       170.350247236070     
   78.75000       169.251428027029     
   90.00000       168.275251817618     
   101.2500       167.363762487768     
   112.5000       166.562499879455     
   123.7500       165.992052970787     
   135.0000       165.582498064102     
   146.2500       165.389317918918     
   157.5000       165.379535016737     
   168.7500       165.455769379367     
   180.0000       165.680655169419     
   191.2500       165.925948285032     
   202.5000       166.199555856350     
   213.7500       166.570818349570     
   225.0000       166.949828144856     
   236.2500       167.452371740236     
   247.5000       168.046248922191     
   258.7500       168.684686247460     
   270.0000       169.444728185831     
   281.2500       170.201783719835     
   292.5000       171.067469575265     
   303.7500       171.913691364982     
   315.0000       172.729969721754     
   326.2500       173.503240705605     
   337.5000       174.073378082149     
   348.7500       174.477409627227     
   360.0000       174.536161985091     
