  0.0000000E+00   167.884614771292     
   11.25000       168.323880357500     
   22.50000       168.709465394162     
   33.75000       168.795808819991     
   45.00000       168.767910818433     
   56.25000       168.489329081145     
   67.50000       167.923689590747     
   78.75000       167.247325396538     
   90.00000       166.346264941590     
   101.2500       165.306148574055     
   112.5000       164.247642954186     
   123.7500       163.138075002799     
   135.0000       162.125442374552     
   146.2500       161.207212007534     
   157.5000       160.369386631871     
   168.7500       159.794273164716     
   180.0000       159.393371586986     
   191.2500       159.236490649044     
   202.5000       159.329294648593     
   213.7500       159.572288530325     
   225.0000       160.024981734890     
   236.2500       160.523742591009     
   247.5000       161.114145018320     
   258.7500       161.731515092930     
   270.0000       162.367288038037     
   281.2500       163.076543102783     
   292.5000       163.753668904157     
   303.7500       164.514719165791     
   315.0000       165.212762148732     
   326.2500       166.010937849631     
   337.5000       166.638143600829     
   348.7500       167.295806534481     
   360.0000       167.884614771292     
