  0.0000000E+00   146.292734600215     
   11.25000       146.000929039223     
   22.50000       145.851295205858     
   33.75000       145.744941727650     
   45.00000       145.753537977354     
   56.25000       145.769612813964     
   67.50000       145.776757820662     
   78.75000       145.785042956675     
   90.00000       145.742957267984     
   101.2500       145.766405061682     
   112.5000       145.743184604295     
   123.7500       145.756084785235     
   135.0000       145.730778540481     
   146.2500       145.794091330508     
   157.5000       145.902172241775     
   168.7500       146.073292583428     
   180.0000       146.300132248201     
   191.2500       146.561266517395     
   202.5000       146.949196500850     
   213.7500       147.342720780718     
   225.0000       147.765897980875     
   236.2500       148.166432145836     
   247.5000       148.411929084682     
   258.7500       148.627112753656     
   270.0000       148.703012845789     
   281.2500       148.618816266480     
   292.5000       148.475180041773     
   303.7500       148.182639917590     
   315.0000       147.850287614923     
   326.2500       147.492990919780     
   337.5000       147.014094870297     
   348.7500       146.675001782692     
   360.0000       146.292734600215     
