  0.0000000E+00   387.415837197272     
   11.25000       387.817214124386     
   22.50000       387.414261343201     
   33.75000       386.473374765979     
   45.00000       385.132283207672     
   56.25000       383.166509363005     
   67.50000       381.162670053067     
   78.75000       378.948219872252     
   90.00000       376.927744787980     
   101.2500       374.839756934410     
   112.5000       373.079532649281     
   123.7500       371.297496602440     
   135.0000       369.950385774695     
   146.2500       368.922657110168     
   157.5000       368.113043689559     
   168.7500       368.175753362406     
   180.0000       367.988187097065     
   191.2500       368.573456025477     
   202.5000       368.865777221501     
   213.7500       369.886288172850     
   225.0000       370.565354180218     
   236.2500       371.842706048030     
   247.5000       372.989474595390     
   258.7500       374.272948027860     
   270.0000       375.922956420084     
   281.2500       377.616855494651     
   292.5000       379.268236096449     
   303.7500       381.155083733836     
   315.0000       382.783324808231     
   326.2500       384.519641227308     
   337.5000       385.817522071416     
   348.7500       387.017708122835     
   360.0000       387.415837197272     
