  0.0000000E+00   184.231336877008     
   11.25000       184.578842685129     
   22.50000       184.923985469271     
   33.75000       185.191059241735     
   45.00000       185.490265974201     
   56.25000       185.665925363658     
   67.50000       185.712845510024     
   78.75000       185.657778090166     
   90.00000       185.600622951331     
   101.2500       185.483314487513     
   112.5000       185.413041093159     
   123.7500       185.396333940039     
   135.0000       185.374893849597     
   146.2500       185.511039292619     
   157.5000       185.507235142369     
   168.7500       185.705320574150     
   180.0000       185.832057613931     
   191.2500       185.995667509181     
   202.5000       186.180883703125     
   213.7500       186.134425601299     
   225.0000       186.090440855544     
   236.2500       185.917837277154     
   247.5000       185.598839733529     
   258.7500       185.294308444480     
   270.0000       184.888794633737     
   281.2500       184.509006393351     
   292.5000       184.226793964625     
   303.7500       183.924397467881     
   315.0000       183.805868788946     
   326.2500       183.787569958799     
   337.5000       183.840187331238     
   348.7500       184.032675781737     
   360.0000       184.231336877008     
