  0.0000000E+00   155.311915668872     
   11.25000       155.900367167762     
   22.50000       156.475070978403     
   33.75000       156.969452498500     
   45.00000       157.405058193284     
   56.25000       157.620592162824     
   67.50000       157.759670918072     
   78.75000       157.597343654512     
   90.00000       157.369348051267     
   101.2500       156.801512664534     
   112.5000       156.101247175859     
   123.7500       155.103282008665     
   135.0000       154.048066264884     
   146.2500       152.799582778489     
   157.5000       151.629888891424     
   168.7500       150.332220917040     
   180.0000       149.284469658083     
   191.2500       148.258196219927     
   202.5000       147.547845590803     
   213.7500       146.954508128166     
   225.0000       146.748688682228     
   236.2500       146.692743992344     
   247.5000       146.930136019735     
   258.7500       147.486008035061     
   270.0000       148.107850217030     
   281.2500       149.106505915747     
   292.5000       149.923025436249     
   303.7500       151.007650838190     
   315.0000       151.933963299038     
   326.2500       152.892281913917     
   337.5000       153.776422905563     
   348.7500       154.591432529817     
   360.0000       155.311915668872     
