  0.0000000E+00   296.497851608683     
   11.25000       295.751716284538     
   22.50000       294.398721889337     
   33.75000       293.075948351617     
   45.00000       291.378951948699     
   56.25000       289.553921518673     
   67.50000       287.922390944272     
   78.75000       286.343082558079     
   90.00000       284.965221379615     
   101.2500       284.074087368102     
   112.5000       283.192210938204     
   123.7500       282.669129061144     
   135.0000       282.254503743396     
   146.2500       282.096184982961     
   157.5000       282.074734501776     
   168.7500       282.244942727537     
   180.0000       282.526697766972     
   191.2500       282.845922276426     
   202.5000       283.312106051377     
   213.7500       283.808161681041     
   225.0000       284.259575977347     
   236.2500       285.146357732601     
   247.5000       285.929159847384     
   258.7500       287.222442740160     
   270.0000       288.567812608222     
   281.2500       290.189756056788     
   292.5000       292.004438367273     
   303.7500       293.531029415352     
   315.0000       295.153332038281     
   326.2500       296.031519885858     
   337.5000       296.822943987019     
   348.7500       296.880535807567     
   360.0000       296.497851608683     
