  0.0000000E+00   290.897494637142     
   11.25000       290.319118774507     
   22.50000       289.459368013267     
   33.75000       288.215287837022     
   45.00000       286.732906902341     
   56.25000       285.189407934510     
   67.50000       283.411727948490     
   78.75000       282.020849867317     
   90.00000       280.659413929385     
   101.2500       279.539212175531     
   112.5000       278.877316694846     
   123.7500       278.436392972300     
   135.0000       278.260500754925     
   146.2500       278.096731341636     
   157.5000       278.295511938168     
   168.7500       278.554398558199     
   180.0000       278.747511722150     
   191.2500       279.320238639640     
   202.5000       279.708569691158     
   213.7500       280.165076464796     
   225.0000       280.803546125355     
   236.2500       281.368596914061     
   247.5000       282.090845350568     
   258.7500       282.896180942030     
   270.0000       284.074620523452     
   281.2500       285.205698164576     
   292.5000       286.637926781075     
   303.7500       287.984194407671     
   315.0000       289.265324413128     
   326.2500       290.357841548050     
   337.5000       290.896745445706     
   348.7500       291.220923534038     
   360.0000       290.897494637142     
