  0.0000000E+00   169.366184030240     
   11.25000       169.774934026252     
   22.50000       170.045279400675     
   33.75000       169.996858153828     
   45.00000       169.834408335081     
   56.25000       169.335042647110     
   67.50000       168.621164503695     
   78.75000       167.782204046501     
   90.00000       166.742234561226     
   101.2500       165.651909695182     
   112.5000       164.566660283996     
   123.7500       163.484371519775     
   135.0000       162.545157881196     
   146.2500       161.696993709776     
   157.5000       161.029862949172     
   168.7500       160.614314019898     
   180.0000       160.363650662996     
   191.2500       160.380549250307     
   202.5000       160.586021187167     
   213.7500       160.919888497880     
   225.0000       161.406771851364     
   236.2500       161.895762098445     
   247.5000       162.479221334694     
   258.7500       163.072362624946     
   270.0000       163.725731686470     
   281.2500       164.449985203434     
   292.5000       165.149585181532     
   303.7500       165.938224207834     
   315.0000       166.671001565672     
   326.2500       167.468345578701     
   337.5000       168.107239202224     
   348.7500       168.818335967486     
   360.0000       169.366184030240     
