  0.0000000E+00   221.136445686277     
   11.25000       221.022559363768     
   22.50000       220.275097812074     
   33.75000       219.396753757260     
   45.00000       218.263383528321     
   56.25000       216.871560551073     
   67.50000       215.550200000173     
   78.75000       214.203982575128     
   90.00000       212.998284319773     
   101.2500       212.026484205767     
   112.5000       211.230630755140     
   123.7500       210.683937147689     
   135.0000       210.368170204387     
   146.2500       210.168492110432     
   157.5000       210.176189985094     
   168.7500       210.349778319078     
   180.0000       210.621061313097     
   191.2500       211.007955283472     
   202.5000       211.417850520690     
   213.7500       211.863323885442     
   225.0000       212.368286900786     
   236.2500       212.893881111085     
   247.5000       213.559110763490     
   258.7500       214.298477180733     
   270.0000       215.197389580182     
   281.2500       216.232925887782     
   292.5000       217.324637988715     
   303.7500       218.305601476997     
   315.0000       219.363801275594     
   326.2500       220.124524800192     
   337.5000       220.717999557013     
   348.7500       221.100730133050     
   360.0000       221.136445686277     
