  0.0000000E+00   150.703987388051     
   11.25000       151.223375039921     
   22.50000       151.757055191102     
   33.75000       152.069626541287     
   45.00000       152.402608964924     
   56.25000       152.569111013393     
   67.50000       152.799587775346     
   78.75000       152.851427706035     
   90.00000       152.890299505246     
   101.2500       152.744948878102     
   112.5000       152.583256436780     
   123.7500       152.175326133494     
   135.0000       151.733485087963     
   146.2500       150.993921872439     
   157.5000       150.271582957362     
   168.7500       149.346801435880     
   180.0000       148.466879268584     
   191.2500       147.484281773631     
   202.5000       146.640291423725     
   213.7500       145.867120820503     
   225.0000       145.215871584818     
   236.2500       144.805952828876     
   247.5000       144.421245723920     
   258.7500       144.517844218295     
   270.0000       144.630010494045     
   281.2500       145.155918040454     
   292.5000       145.807090731128     
   303.7500       146.614325645385     
   315.0000       147.503361664576     
   326.2500       148.391282174336     
   337.5000       149.249729938162     
   348.7500       149.992204116405     
   360.0000       150.703987388051     
