  0.0000000E+00   144.576573445766     
   11.25000       144.117431141475     
   22.50000       143.483501891233     
   33.75000       142.785067523347     
   45.00000       141.974559860097     
   56.25000       141.183002156031     
   67.50000       140.393378540902     
   78.75000       139.705236629914     
   90.00000       139.134738537923     
   101.2500       138.715015971645     
   112.5000       138.459427746451     
   123.7500       138.266309967430     
   135.0000       138.176561466069     
   146.2500       138.137115596569     
   157.5000       138.174601569622     
   168.7500       138.313775617352     
   180.0000       138.422580277262     
   191.2500       138.638271970483     
   202.5000       138.918169085364     
   213.7500       139.209504461969     
   225.0000       139.641604581534     
   236.2500       140.095181651627     
   247.5000       140.605802413046     
   258.7500       141.237394908097     
   270.0000       141.856512559600     
   281.2500       142.602616157870     
   292.5000       143.272628835446     
   303.7500       143.890282451259     
   315.0000       144.440648541268     
   326.2500       144.768752864961     
   337.5000       144.919494193328     
   348.7500       144.856889794293     
   360.0000       144.576573445766     
