  0.0000000E+00   283.909202049809     
   11.25000       283.931773189661     
   22.50000       283.601349324808     
   33.75000       283.034094038703     
   45.00000       281.916126242593     
   56.25000       280.715045466140     
   67.50000       279.223518720440     
   78.75000       277.459377285479     
   90.00000       275.811980073780     
   101.2500       274.105202803614     
   112.5000       272.605959569062     
   123.7500       271.241230008939     
   135.0000       270.323743134596     
   146.2500       269.784213026625     
   157.5000       269.287064702581     
   168.7500       269.335598729381     
   180.0000       269.500573913698     
   191.2500       269.814017922581     
   202.5000       270.435946636148     
   213.7500       271.181206164513     
   225.0000       271.944101666306     
   236.2500       272.698789568214     
   247.5000       273.717901337235     
   258.7500       274.586808340122     
   270.0000       275.625901259093     
   281.2500       276.717354741117     
   292.5000       277.831517282963     
   303.7500       279.132167669143     
   315.0000       280.263878018637     
   326.2500       281.562239673981     
   337.5000       282.586608885951     
   348.7500       283.430898837488     
   360.0000       283.909202049809     
