  0.0000000E+00   508.883959299714     
   11.25000       508.638677438006     
   22.50000       508.254238921552     
   33.75000       507.441081893368     
   45.00000       506.739771012609     
   56.25000       505.891205671376     
   67.50000       505.418551570835     
   78.75000       504.543274031411     
   90.00000       503.756480626439     
   101.2500       502.905486379821     
   112.5000       500.979989382658     
   123.7500       499.460061744702     
   135.0000       496.918771281022     
   146.2500       494.350697519322     
   157.5000       491.764550864547     
   168.7500       489.161834891582     
   180.0000       487.023649391917     
   191.2500       485.149887544127     
   202.5000       484.020525146145     
   213.7500       483.613431398076     
   225.0000       483.801148275470     
   236.2500       485.053873692416     
   247.5000       486.667546260491     
   258.7500       489.411402988875     
   270.0000       492.394764120576     
   281.2500       495.658059763211     
   292.5000       498.910670171333     
   303.7500       501.889527050096     
   315.0000       504.388642040954     
   326.2500       506.349876097931     
   337.5000       507.556746682154     
   348.7500       508.391608947370     
   360.0000       508.883959299714     
