  0.0000000E+00   479.499686044664     
   11.25000       479.638226795189     
   22.50000       479.578982487646     
   33.75000       478.777321740107     
   45.00000       477.800705331058     
   56.25000       477.114263831500     
   67.50000       475.819352113439     
   78.75000       475.220378009535     
   90.00000       474.427876253689     
   101.2500       473.802092651427     
   112.5000       473.528610368878     
   123.7500       473.071612607402     
   135.0000       472.595849981401     
   146.2500       471.853966698091     
   157.5000       470.682479522667     
   168.7500       469.452552998597     
   180.0000       467.402549402704     
   191.2500       465.883521808582     
   202.5000       463.783952218582     
   213.7500       462.179745703081     
   225.0000       460.620463783419     
   236.2500       459.908977469740     
   247.5000       459.629186537619     
   258.7500       460.511403544177     
   270.0000       461.793434959990     
   281.2500       463.734640140864     
   292.5000       466.066785383867     
   303.7500       468.889644571599     
   315.0000       471.696823976891     
   326.2500       474.387624132423     
   337.5000       476.631706598750     
   348.7500       478.347307448233     
   360.0000       479.499686044664     
