  0.0000000E+00   227.306956268423     
   11.25000       226.442426325757     
   22.50000       225.703954001809     
   33.75000       224.850805862591     
   45.00000       224.290858139499     
   56.25000       223.859984123438     
   67.50000       223.352516480555     
   78.75000       223.299555137020     
   90.00000       223.213645306549     
   101.2500       223.211807672376     
   112.5000       223.277339365577     
   123.7500       223.338302584892     
   135.0000       223.402063097411     
   146.2500       223.420883241538     
   157.5000       223.357010757785     
   168.7500       223.374999232903     
   180.0000       223.375370900862     
   191.2500       223.492889368853     
   202.5000       223.809077105595     
   213.7500       224.267977428424     
   225.0000       224.890710391285     
   236.2500       225.629609016766     
   247.5000       226.378576088970     
   258.7500       227.153911276240     
   270.0000       227.888553000319     
   281.2500       228.525832377861     
   292.5000       229.039220378873     
   303.7500       229.294287073325     
   315.0000       229.355109169749     
   326.2500       229.178432093576     
   337.5000       228.753374585722     
   348.7500       228.076737647597     
   360.0000       227.306956268423     
