  0.0000000E+00   145.453775834422     
   11.25000       144.843103709113     
   22.50000       144.268148497778     
   33.75000       143.735865770795     
   45.00000       143.269503205878     
   56.25000       142.955230413254     
   67.50000       142.706923621569     
   78.75000       142.599323130489     
   90.00000       142.489086813866     
   101.2500       142.433605506608     
   112.5000       142.366897502512     
   123.7500       142.366302818129     
   135.0000       142.388122204109     
   146.2500       142.411375183939     
   157.5000       142.482064998464     
   168.7500       142.571191708886     
   180.0000       142.782435800086     
   191.2500       143.036643258005     
   202.5000       143.334127864679     
   213.7500       143.770749605626     
   225.0000       144.194865600436     
   236.2500       144.739763110975     
   247.5000       145.337693024085     
   258.7500       145.865340505625     
   270.0000       146.389702966295     
   281.2500       146.784888321834     
   292.5000       147.029959909684     
   303.7500       147.176401491376     
   315.0000       147.044825559186     
   326.2500       146.859004916828     
   337.5000       146.493140195027     
   348.7500       145.989364940581     
   360.0000       145.453775834422     
