  0.0000000E+00   251.354572203706     
   11.25000       251.943664251388     
   22.50000       252.297365963736     
   33.75000       252.397949397137     
   45.00000       252.335647166830     
   56.25000       252.300520589764     
   67.50000       252.144181658390     
   78.75000       251.944279223070     
   90.00000       251.967878657124     
   101.2500       251.860419225551     
   112.5000       251.707841961457     
   123.7500       251.448755798325     
   135.0000       251.192230222260     
   146.2500       250.548727472368     
   157.5000       249.974592803689     
   168.7500       249.226963387798     
   180.0000       248.286683967504     
   191.2500       247.428844155419     
   202.5000       246.365232693941     
   213.7500       245.363749532258     
   225.0000       244.437773018789     
   236.2500       243.766507287683     
   247.5000       243.408159082357     
   258.7500       243.327463043644     
   270.0000       243.564740359670     
   281.2500       244.167839846989     
   292.5000       245.003394238061     
   303.7500       246.073989188787     
   315.0000       247.251466858315     
   326.2500       248.435010288446     
   337.5000       249.581011740573     
   348.7500       250.578724886685     
   360.0000       251.354572203706     
