  0.0000000E+00   275.467769334586     
   11.25000       276.294044923862     
   22.50000       276.553993034693     
   33.75000       276.814888219947     
   45.00000       276.654222351098     
   56.25000       276.110936199988     
   67.50000       275.216220386723     
   78.75000       273.981964657908     
   90.00000       272.456404817236     
   101.2500       270.727598471938     
   112.5000       268.866550266376     
   123.7500       266.849570599956     
   135.0000       264.855821120868     
   146.2500       263.008546047781     
   157.5000       261.371153136104     
   168.7500       260.178920956200     
   180.0000       259.303710681019     
   191.2500       258.840810077016     
   202.5000       258.811810642100     
   213.7500       258.933630951759     
   225.0000       259.675769861890     
   236.2500       260.463322453072     
   247.5000       261.811462009612     
   258.7500       263.132382832921     
   270.0000       264.672819871673     
   281.2500       266.312131128746     
   292.5000       267.814194108616     
   303.7500       269.541600216932     
   315.0000       270.906840416038     
   326.2500       272.335862515413     
   337.5000       273.493139109474     
   348.7500       274.599069439674     
   360.0000       275.467769334586     
