  0.0000000E+00   461.130005335750     
   11.25000       462.107498457924     
   22.50000       462.371998093941     
   33.75000       462.440287538915     
   45.00000       461.649209703210     
   56.25000       461.067707004183     
   67.50000       460.257546993486     
   78.75000       459.231849381597     
   90.00000       458.514056611018     
   101.2500       457.745657300410     
   112.5000       457.057612290282     
   123.7500       456.582627843831     
   135.0000       455.968421246100     
   146.2500       455.820036827980     
   157.5000       455.094401529581     
   168.7500       454.928683873037     
   180.0000       454.061319095077     
   191.2500       453.497821826827     
   202.5000       452.253557989820     
   213.7500       451.185879558755     
   225.0000       449.900120602964     
   236.2500       449.099626513424     
   247.5000       448.257501702216     
   258.7500       448.204136207219     
   270.0000       448.325661663319     
   281.2500       449.165772977930     
   292.5000       450.438282804039     
   303.7500       452.077445760253     
   315.0000       453.923026004253     
   326.2500       455.928703151940     
   337.5000       457.761902177864     
   348.7500       459.492616077602     
   360.0000       461.130005335750     
