  0.0000000E+00   176.494433802585     
   11.25000       176.121101619924     
   22.50000       175.881152416250     
   33.75000       175.619348434879     
   45.00000       175.543584651756     
   56.25000       175.348866343936     
   67.50000       175.318854903533     
   78.75000       175.177544734783     
   90.00000       175.010015548791     
   101.2500       174.913046699393     
   112.5000       174.615307125248     
   123.7500       174.512842531731     
   135.0000       174.253966648575     
   146.2500       174.190904157579     
   157.5000       174.087611856933     
   168.7500       174.170609478615     
   180.0000       174.384280060521     
   191.2500       174.726901905686     
   202.5000       175.201328231990     
   213.7500       175.779961228818     
   225.0000       176.407802204116     
   236.2500       177.072556054757     
   247.5000       177.634706279020     
   258.7500       178.025141392369     
   270.0000       178.362517010850     
   281.2500       178.468596180413     
   292.5000       178.491319888098     
   303.7500       178.348437510146     
   315.0000       178.076219878941     
   326.2500       177.698671218516     
   337.5000       177.295773205164     
   348.7500       176.836598475008     
   360.0000       176.494433802585     
