  0.0000000E+00   306.710159878630     
   11.25000       305.759244877910     
   22.50000       305.324405477977     
   33.75000       304.724288984024     
   45.00000       304.476987863537     
   56.25000       304.152708910285     
   67.50000       303.867614289301     
   78.75000       303.796047099175     
   90.00000       303.455772564041     
   101.2500       303.336914477136     
   112.5000       303.275730952916     
   123.7500       303.060435405459     
   135.0000       302.861036712897     
   146.2500       302.585682524236     
   157.5000       302.157210773877     
   168.7500       301.993984622104     
   180.0000       301.772196282763     
   191.2500       301.881964410701     
   202.5000       302.086429477540     
   213.7500       302.653667575281     
   225.0000       303.339322045527     
   236.2500       304.184594615711     
   247.5000       305.091656878669     
   258.7500       305.998182604592     
   270.0000       306.729583818669     
   281.2500       307.506212547684     
   292.5000       307.884822594386     
   303.7500       308.408092871700     
   315.0000       308.346920588845     
   326.2500       308.324215872312     
   337.5000       307.889436355259     
   348.7500       307.303115364413     
   360.0000       306.710159878630     
