  0.0000000E+00   247.111725826055     
   11.25000       247.877949851449     
   22.50000       248.583007518314     
   33.75000       248.852927939666     
   45.00000       248.972215347425     
   56.25000       248.996915299608     
   67.50000       248.788341618076     
   78.75000       248.514500155765     
   90.00000       248.213390268257     
   101.2500       247.857092441102     
   112.5000       247.660507492258     
   123.7500       247.355724287727     
   135.0000       247.152663662265     
   146.2500       246.813176122006     
   157.5000       246.340143010955     
   168.7500       245.891166046502     
   180.0000       245.125811779609     
   191.2500       244.633553602846     
   202.5000       243.706087112435     
   213.7500       242.938361240950     
   225.0000       241.996789223886     
   236.2500       241.229634469045     
   247.5000       240.576441700472     
   258.7500       240.238446077724     
   270.0000       240.094356786806     
   281.2500       240.417598771553     
   292.5000       240.861023100369     
   303.7500       241.633357642091     
   315.0000       242.677263757565     
   326.2500       243.691739745869     
   337.5000       245.011920670497     
   348.7500       246.088609880476     
   360.0000       247.111725826055     
