  0.0000000E+00   521.271754756387     
   11.25000       521.115582861589     
   22.50000       520.900468777535     
   33.75000       520.170436083800     
   45.00000       519.496558443298     
   56.25000       518.749439278773     
   67.50000       517.855664533351     
   78.75000       516.417305462867     
   90.00000       515.060004874992     
   101.2500       512.821578181430     
   112.5000       510.422107447804     
   123.7500       508.101814566286     
   135.0000       504.831909716483     
   146.2500       502.493533138594     
   157.5000       499.763760647103     
   168.7500       497.600161120079     
   180.0000       495.962346153222     
   191.2500       494.909264348835     
   202.5000       494.895953404223     
   213.7500       495.101473849069     
   225.0000       496.167899650788     
   236.2500       497.972175607758     
   247.5000       500.264208824072     
   258.7500       503.448156569512     
   270.0000       506.446750241803     
   281.2500       509.427549676446     
   292.5000       512.276712169189     
   303.7500       514.821572361099     
   315.0000       516.993261209636     
   326.2500       518.708249499843     
   337.5000       519.940768606786     
   348.7500       520.759592950721     
   360.0000       521.271754756387     
