  0.0000000E+00   202.066404831728     
   11.25000       202.525923675695     
   22.50000       202.942632527830     
   33.75000       203.284534734910     
   45.00000       203.523772172691     
   56.25000       203.624386470963     
   67.50000       203.644226970284     
   78.75000       203.534578665498     
   90.00000       203.227026663953     
   101.2500       202.801912983660     
   112.5000       202.194242052192     
   123.7500       201.329368309368     
   135.0000       200.304659398240     
   146.2500       199.148253630979     
   157.5000       197.960649899192     
   168.7500       196.787909416904     
   180.0000       195.727465575146     
   191.2500       194.792817337738     
   202.5000       194.175842699261     
   213.7500       193.742551397604     
   225.0000       193.594606604453     
   236.2500       193.718737711286     
   247.5000       194.063723238472     
   258.7500       194.764815595974     
   270.0000       195.489737551992     
   281.2500       196.488783552749     
   292.5000       197.520287762419     
   303.7500       198.509728312060     
   315.0000       199.511987448432     
   326.2500       200.282655779777     
   337.5000       200.959279470822     
   348.7500       201.619476574149     
   360.0000       202.066404831728     
