  0.0000000E+00   311.073536238876     
   11.25000       310.936280543758     
   22.50000       311.036191042545     
   33.75000       310.998665466589     
   45.00000       311.184863050545     
   56.25000       311.017512216710     
   67.50000       311.065851722859     
   78.75000       310.906234875175     
   90.00000       310.658527801895     
   101.2500       310.579277945311     
   112.5000       310.230503598748     
   123.7500       309.904165127052     
   135.0000       309.566611831195     
   146.2500       309.066395791009     
   157.5000       308.673502098115     
   168.7500       308.478996959289     
   180.0000       308.293010536315     
   191.2500       308.511785263268     
   202.5000       308.753767803626     
   213.7500       309.328555591515     
   225.0000       309.858575922270     
   236.2500       310.295556217134     
   247.5000       310.701176562694     
   258.7500       311.031910123564     
   270.0000       311.323437431050     
   281.2500       311.603768612412     
   292.5000       311.727488587405     
   303.7500       311.927622127567     
   315.0000       311.735937091923     
   326.2500       311.804641893370     
   337.5000       311.441509985863     
   348.7500       311.337856072693     
   360.0000       311.073536238876     
