  0.0000000E+00   223.798625692820     
   11.25000       223.110403972371     
   22.50000       222.049341178496     
   33.75000       221.056678591929     
   45.00000       219.687801381168     
   56.25000       218.476660231710     
   67.50000       217.370466120020     
   78.75000       216.301475034755     
   90.00000       215.519415054166     
   101.2500       214.956366951305     
   112.5000       214.572116651728     
   123.7500       214.392482546170     
   135.0000       214.313988115978     
   146.2500       214.385542537467     
   157.5000       214.558068132536     
   168.7500       214.752416098231     
   180.0000       214.991812436033     
   191.2500       215.255512845399     
   202.5000       215.516502087422     
   213.7500       215.868750292050     
   225.0000       216.298659757789     
   236.2500       216.876346446019     
   247.5000       217.649113832790     
   258.7500       218.512591324698     
   270.0000       219.531201802731     
   281.2500       220.551476120497     
   292.5000       221.535222918301     
   303.7500       222.469333508185     
   315.0000       223.280212748915     
   326.2500       223.737652488662     
   337.5000       224.106453846412     
   348.7500       224.071431099740     
   360.0000       223.798625692820     
