  0.0000000E+00   437.956510258908     
   11.25000       438.513482739137     
   22.50000       438.894189716969     
   33.75000       439.117748605350     
   45.00000       439.336218496602     
   56.25000       439.313664868758     
   67.50000       439.070241402378     
   78.75000       438.772379268752     
   90.00000       438.117151389745     
   101.2500       437.705072192872     
   112.5000       436.834913207754     
   123.7500       436.479268050466     
   135.0000       435.576423058280     
   146.2500       435.115856946756     
   157.5000       434.410388294864     
   168.7500       434.072168085007     
   180.0000       433.773741730825     
   191.2500       433.682415462208     
   202.5000       433.536273892795     
   213.7500       433.784249877693     
   225.0000       433.816920045498     
   236.2500       434.006010710624     
   247.5000       434.200700620784     
   258.7500       434.317586138870     
   270.0000       434.505749949077     
   281.2500       434.750563860070     
   292.5000       435.006147392266     
   303.7500       435.472007780696     
   315.0000       435.912565197384     
   326.2500       436.524683773394     
   337.5000       436.838793936628     
   348.7500       437.625791697222     
   360.0000       437.956510258908     
