  0.0000000E+00   138.181594154498     
   11.25000       137.534168806618     
   22.50000       137.103157630210     
   33.75000       136.632441349991     
   45.00000       136.331507972942     
   56.25000       136.034389633071     
   67.50000       135.818554265216     
   78.75000       135.590522975558     
   90.00000       135.376124225146     
   101.2500       135.214168506996     
   112.5000       134.994403827631     
   123.7500       134.892270305865     
   135.0000       134.652190094134     
   146.2500       134.617313051342     
   157.5000       134.541930856796     
   168.7500       134.691281112394     
   180.0000       134.883437148256     
   191.2500       135.259928919765     
   202.5000       135.766794267275     
   213.7500       136.364191646989     
   225.0000       137.042372075081     
   236.2500       137.700271706195     
   247.5000       138.418623390622     
   258.7500       138.936054632977     
   270.0000       139.493274568537     
   281.2500       139.753008768413     
   292.5000       140.022325651325     
   303.7500       139.954221403225     
   315.0000       139.889014217814     
   326.2500       139.542165158267     
   337.5000       139.209421884259     
   348.7500       138.639219353062     
   360.0000       138.181594154498     
