  0.0000000E+00   343.878736865447     
   11.25000       344.475451377251     
   22.50000       344.753524579598     
   33.75000       344.902030009848     
   45.00000       344.336011173230     
   56.25000       344.184556459611     
   67.50000       343.270156061519     
   78.75000       343.081548921582     
   90.00000       342.412906673211     
   101.2500       342.202321155623     
   112.5000       341.682270486249     
   123.7500       341.266772251129     
   135.0000       340.672745587120     
   146.2500       339.668383967329     
   157.5000       338.685683437604     
   168.7500       337.170128886491     
   180.0000       335.646392360978     
   191.2500       334.157301727230     
   202.5000       332.741004689692     
   213.7500       331.564740926177     
   225.0000       330.708439601639     
   236.2500       330.115951587157     
   247.5000       329.769134627094     
   258.7500       330.202195978209     
   270.0000       330.891190337229     
   281.2500       332.259191258544     
   292.5000       333.967115470113     
   303.7500       335.912004928903     
   315.0000       337.982477113798     
   326.2500       339.858862386364     
   337.5000       341.519801891190     
   348.7500       342.851382283474     
   360.0000       343.878736865447     
