  0.0000000E+00   421.046506065475     
   11.25000       420.253215911932     
   22.50000       419.303504135925     
   33.75000       418.679236746859     
   45.00000       417.677743739726     
   56.25000       417.431574214633     
   67.50000       417.078070701869     
   78.75000       417.271755162434     
   90.00000       417.056312519759     
   101.2500       417.208959215474     
   112.5000       416.960821875371     
   123.7500       416.751411022892     
   135.0000       416.337216808243     
   146.2500       415.891475257600     
   157.5000       415.458091844270     
   168.7500       414.938161485625     
   180.0000       414.602264632647     
   191.2500       414.327930453897     
   202.5000       414.205731163949     
   213.7500       414.238454558754     
   225.0000       414.854767400483     
   236.2500       415.580375885432     
   247.5000       416.839365410269     
   258.7500       418.163279243429     
   270.0000       419.374874055286     
   281.2500       420.678237915370     
   292.5000       421.618985396483     
   303.7500       422.583604882472     
   315.0000       422.663607521040     
   326.2500       422.874013828422     
   337.5000       422.344968811563     
   348.7500       421.645025423336     
   360.0000       421.046506065475     
