  0.0000000E+00   395.360961970481     
   11.25000       395.259058082964     
   22.50000       394.064950145843     
   33.75000       392.679532980447     
   45.00000       390.665613723919     
   56.25000       388.423587541578     
   67.50000       386.344314608703     
   78.75000       384.307871860672     
   90.00000       382.487497203062     
   101.2500       380.719631405283     
   112.5000       379.362324006496     
   123.7500       378.140275780584     
   135.0000       377.505485897514     
   146.2500       376.994922240611     
   157.5000       376.993739086614     
   168.7500       377.218952082732     
   180.0000       377.372514626247     
   191.2500       377.886438473530     
   202.5000       378.098810599130     
   213.7500       378.930293444159     
   225.0000       379.341566704205     
   236.2500       380.524711223169     
   247.5000       381.390910436626     
   258.7500       382.705569364082     
   270.0000       384.169145884293     
   281.2500       385.692424253840     
   292.5000       387.565804200464     
   303.7500       389.534550834565     
   315.0000       391.360703712342     
   326.2500       393.184664138537     
   337.5000       394.391862745140     
   348.7500       395.288939685824     
   360.0000       395.360961970481     
