  0.0000000E+00   170.806523008195     
   11.25000       171.147465765099     
   22.50000       171.256994302479     
   33.75000       171.065624374831     
   45.00000       170.727870577220     
   56.25000       170.014677880278     
   67.50000       169.174444733949     
   78.75000       168.197033713837     
   90.00000       167.080673053497     
   101.2500       165.992153678323     
   112.5000       164.917131808689     
   123.7500       163.908360838772     
   135.0000       163.065429727866     
   146.2500       162.337090048119     
   157.5000       161.872696595814     
   168.7500       161.601154908902     
   180.0000       161.504894689692     
   191.2500       161.664902116308     
   202.5000       161.937019832241     
   213.7500       162.320978464712     
   225.0000       162.796643186621     
   236.2500       163.265572232901     
   247.5000       163.843040809558     
   258.7500       164.427001206717     
   270.0000       165.110956819555     
   281.2500       165.841992411232     
   292.5000       166.578672865027     
   303.7500       167.390827695060     
   315.0000       168.143325635214     
   326.2500       168.951480798041     
   337.5000       169.619245739715     
   348.7500       170.342631436091     
   360.0000       170.806523008195     
