  0.0000000E+00   465.722864895505     
   11.25000       466.342852450543     
   22.50000       466.454766343815     
   33.75000       466.002629795900     
   45.00000       465.283454808161     
   56.25000       464.373049921452     
   67.50000       463.314579833508     
   78.75000       462.439435821318     
   90.00000       461.775505407901     
   101.2500       461.272256257486     
   112.5000       460.722138195331     
   123.7500       460.678901705526     
   135.0000       460.354344753038     
   146.2500       460.403045864928     
   157.5000       460.123772230466     
   168.7500       459.803249673080     
   180.0000       458.892105542762     
   191.2500       458.066153603649     
   202.5000       456.745513524499     
   213.7500       455.628793244476     
   225.0000       454.415460762115     
   236.2500       453.426469607034     
   247.5000       452.708639299839     
   258.7500       452.591092283992     
   270.0000       453.041654655024     
   281.2500       453.961276059188     
   292.5000       455.448756784017     
   303.7500       457.252372586438     
   315.0000       459.223359080354     
   326.2500       461.283111051107     
   337.5000       463.081182978007     
   348.7500       464.738539045056     
   360.0000       465.722864895505     
