  0.0000000E+00   180.699486253800     
   11.25000       180.434910060167     
   22.50000       180.354359082309     
   33.75000       180.297299592036     
   45.00000       180.356015730511     
   56.25000       180.459100734344     
   67.50000       180.616896179500     
   78.75000       180.697149843445     
   90.00000       180.701008356284     
   101.2500       180.691734633091     
   112.5000       180.546710539265     
   123.7500       180.531727912910     
   135.0000       180.388528028776     
   146.2500       180.429499632240     
   157.5000       180.513653339896     
   168.7500       180.629510536103     
   180.0000       180.900945837479     
   191.2500       181.157453629389     
   202.5000       181.492967568539     
   213.7500       181.922207341330     
   225.0000       182.273777044631     
   236.2500       182.655232946681     
   247.5000       182.923677408221     
   258.7500       183.049092325503     
   270.0000       183.119213187862     
   281.2500       182.973794372871     
   292.5000       182.753305383101     
   303.7500       182.465604780327     
   315.0000       182.054951774109     
   326.2500       181.680071499828     
   337.5000       181.269362231537     
   348.7500       180.947338544065     
   360.0000       180.699486253800     
