  0.0000000E+00   228.744960922837     
   11.25000       228.063148908470     
   22.50000       227.374945771956     
   33.75000       226.791029823859     
   45.00000       226.237844007546     
   56.25000       225.893388340707     
   67.50000       225.545501671639     
   78.75000       225.430954855520     
   90.00000       225.135927398730     
   101.2500       225.123127609827     
   112.5000       224.854664201078     
   123.7500       224.753590842838     
   135.0000       224.562391400579     
   146.2500       224.316244859170     
   157.5000       224.228608977643     
   168.7500       224.087114515548     
   180.0000       224.129899869074     
   191.2500       224.376260563113     
   202.5000       224.746019225043     
   213.7500       225.317796297316     
   225.0000       226.098966300096     
   236.2500       226.791551532064     
   247.5000       227.740726991448     
   258.7500       228.500147692741     
   270.0000       229.339397791843     
   281.2500       229.954340638607     
   292.5000       230.419812004520     
   303.7500       230.564424960292     
   315.0000       230.560023205223     
   326.2500       230.365524208019     
   337.5000       229.874774965465     
   348.7500       229.407858036399     
   360.0000       228.744960922837     
