  0.0000000E+00   313.797251382088     
   11.25000       314.076486062568     
   22.50000       314.320324481695     
   33.75000       314.522715173687     
   45.00000       314.776144323981     
   56.25000       314.664811924895     
   67.50000       314.773004920985     
   78.75000       314.512464493894     
   90.00000       314.308822436313     
   101.2500       314.080437352512     
   112.5000       313.621730778241     
   123.7500       313.280798006481     
   135.0000       312.834704390056     
   146.2500       312.345417485396     
   157.5000       312.011351388832     
   168.7500       311.799306087987     
   180.0000       311.680588659737     
   191.2500       311.916899848092     
   202.5000       312.107942459739     
   213.7500       312.573080347997     
   225.0000       312.873153860820     
   236.2500       313.005717477434     
   247.5000       313.146103692630     
   258.7500       313.234162124997     
   270.0000       313.346770036628     
   281.2500       313.458311266034     
   292.5000       313.519974721772     
   303.7500       313.638007340565     
   315.0000       313.542475508020     
   326.2500       313.732103933499     
   337.5000       313.558754032115     
   348.7500       313.788731693573     
   360.0000       313.797251382088     
