  0.0000000E+00   533.642504413518     
   11.25000       533.746076462819     
   22.50000       533.838323826263     
   33.75000       533.207773197332     
   45.00000       532.664202751484     
   56.25000       531.262791707410     
   67.50000       529.874399342515     
   78.75000       527.914987077277     
   90.00000       525.451680949136     
   101.2500       523.028607150802     
   112.5000       520.266924177693     
   123.7500       517.523706653610     
   135.0000       515.130595339716     
   146.2500       512.712280463764     
   157.5000       510.977167759022     
   168.7500       509.494209472720     
   180.0000       509.162642805877     
   191.2500       508.971672873609     
   202.5000       509.423852031408     
   213.7500       510.586726492243     
   225.0000       512.237092456204     
   236.2500       514.476462502589     
   247.5000       516.759508673905     
   258.7500       519.070468715161     
   270.0000       521.401942625773     
   281.2500       523.751766705791     
   292.5000       525.847443106315     
   303.7500       528.020850531862     
   315.0000       529.777269360712     
   326.2500       531.480439509341     
   337.5000       532.459890268405     
   348.7500       533.390645378100     
   360.0000       533.642504413518     
