  0.0000000E+00   583.982923446357     
   11.25000       581.476661206513     
   22.50000       578.293312323173     
   33.75000       575.033529308095     
   45.00000       571.785447335093     
   56.25000       568.765108087176     
   67.50000       566.105701317136     
   78.75000       563.893998719378     
   90.00000       562.189128569874     
   101.2500       560.938587239954     
   112.5000       560.226661070027     
   123.7500       559.745444581812     
   135.0000       559.703943566515     
   146.2500       560.067833930199     
   157.5000       560.250111032090     
   168.7500       560.958455117986     
   180.0000       562.443141570216     
   191.2500       562.769192732165     
   202.5000       563.653241805206     
   213.7500       564.687260954703     
   225.0000       565.930328790682     
   236.2500       568.229950475875     
   247.5000       570.351412738952     
   258.7500       572.737270939380     
   270.0000       575.359673018267     
   281.2500       578.110172005157     
   292.5000       580.904965514807     
   303.7500       583.351001448958     
   315.0000       585.392425100017     
   326.2500       586.460730474410     
   337.5000       586.666989558307     
   348.7500       585.713543086896     
   360.0000       583.982923446357     
