  0.0000000E+00   124.145007119758     
   11.25000       124.186612452856     
   22.50000       124.223546857614     
   33.75000       124.333654112380     
   45.00000       124.370059333195     
   56.25000       124.434699564449     
   67.50000       124.502225198847     
   78.75000       124.491930454856     
   90.00000       124.557540322173     
   101.2500       124.572207946054     
   112.5000       124.596671826119     
   123.7500       124.648687342906     
   135.0000       124.730235234965     
   146.2500       124.886240659799     
   157.5000       125.052929272980     
   168.7500       125.282810130072     
   180.0000       125.544836841045     
   191.2500       125.799682527193     
   202.5000       126.004854512971     
   213.7500       126.155228866591     
   225.0000       126.236247350276     
   236.2500       126.222813330509     
   247.5000       126.155408214935     
   258.7500       125.989670761236     
   270.0000       125.753909423292     
   281.2500       125.459053870336     
   292.5000       125.123756270816     
   303.7500       124.843463013941     
   315.0000       124.555795389107     
   326.2500       124.349181186239     
   337.5000       124.225643155037     
   348.7500       124.134557206806     
   360.0000       124.145007119758     
