  0.0000000E+00   137.767501507128     
   11.25000       137.008371824792     
   22.50000       136.265619210867     
   33.75000       135.415115024687     
   45.00000       134.577470989967     
   56.25000       133.789422196081     
   67.50000       133.071390541209     
   78.75000       132.528946564063     
   90.00000       131.982614401805     
   101.2500       131.644899294269     
   112.5000       131.238492698473     
   123.7500       131.051354257134     
   135.0000       130.840858639483     
   146.2500       130.764978527558     
   157.5000       130.699574689604     
   168.7500       130.725563383255     
   180.0000       130.884690818898     
   191.2500       131.104079495078     
   202.5000       131.557823699794     
   213.7500       132.006146314161     
   225.0000       132.706729686067     
   236.2500       133.395900318132     
   247.5000       134.342006386415     
   258.7500       135.183807371836     
   270.0000       136.174149780079     
   281.2500       136.941208721350     
   292.5000       137.730543214001     
   303.7500       138.223018611118     
   315.0000       138.638264549631     
   326.2500       138.676237439466     
   337.5000       138.645736377356     
   348.7500       138.225610460576     
   360.0000       137.767501507128     
