  0.0000000E+00   303.260097856019     
   11.25000       301.953498966241     
   22.50000       300.905184071425     
   33.75000       299.782382864922     
   45.00000       298.787176362609     
   56.25000       298.112620895895     
   67.50000       297.352758454987     
   78.75000       296.967346994229     
   90.00000       296.626109989153     
   101.2500       296.237315032568     
   112.5000       296.097424353156     
   123.7500       296.042440252590     
   135.0000       295.860748738865     
   146.2500       295.858991202611     
   157.5000       295.634174320365     
   168.7500       295.556595009514     
   180.0000       295.426202647757     
   191.2500       295.507605076697     
   202.5000       295.690238919689     
   213.7500       296.121439214635     
   225.0000       296.709902073544     
   236.2500       297.607470643265     
   247.5000       298.675275311078     
   258.7500       300.041180540122     
   270.0000       301.197182597241     
   281.2500       302.562421039299     
   292.5000       303.406284133159     
   303.7500       304.298257184597     
   315.0000       304.709544358794     
   326.2500       304.813291466428     
   337.5000       304.661559399707     
   348.7500       303.899574378578     
   360.0000       303.260097856019     
