  0.0000000E+00   117.725335945202     
   11.25000       118.145518829113     
   22.50000       118.536588158422     
   33.75000       118.758851207201     
   45.00000       119.081880217194     
   56.25000       119.205298306910     
   67.50000       119.442301030190     
   78.75000       119.493160904463     
   90.00000       119.664934904360     
   101.2500       119.653194893452     
   112.5000       119.765478712144     
   123.7500       119.659087428445     
   135.0000       119.650171718455     
   146.2500       119.380936470231     
   157.5000       119.166327718735     
   168.7500       118.707664121307     
   180.0000       118.303059798709     
   191.2500       117.751165819636     
   202.5000       117.204642015819     
   213.7500       116.582040541756     
   225.0000       115.962919368800     
   236.2500       115.405544417229     
   247.5000       114.921874425549     
   258.7500       114.635712190530     
   270.0000       114.432156934419     
   281.2500       114.498708399426     
   292.5000       114.650153216982     
   303.7500       115.052576774587     
   315.0000       115.492520159988     
   326.2500       116.047584390740     
   337.5000       116.629994991723     
   348.7500       117.185735248550     
   360.0000       117.725335945202     
