  0.0000000E+00   232.182754517964     
   11.25000       232.112427857673     
   22.50000       232.165105389367     
   33.75000       232.264581881418     
   45.00000       232.395430047369     
   56.25000       232.448638818817     
   67.50000       232.703332500332     
   78.75000       232.743038257793     
   90.00000       232.771778557193     
   101.2500       232.837691643734     
   112.5000       232.594130359409     
   123.7500       232.451365552279     
   135.0000       232.206752260937     
   146.2500       232.058057906089     
   157.5000       232.026362330956     
   168.7500       232.087250175866     
   180.0000       232.331820891283     
   191.2500       232.609910472285     
   202.5000       232.892697413263     
   213.7500       233.237585068742     
   225.0000       233.535488370146     
   236.2500       233.794299001963     
   247.5000       234.042170344504     
   258.7500       234.176902299494     
   270.0000       234.179218023877     
   281.2500       234.061515569450     
   292.5000       233.806444392229     
   303.7500       233.507784498826     
   315.0000       233.168642618137     
   326.2500       232.817337883421     
   337.5000       232.530537867422     
   348.7500       232.311046494940     
   360.0000       232.182754517964     
