  0.0000000E+00   367.000683458728     
   11.25000       367.301786377997     
   22.50000       367.611933831006     
   33.75000       367.426970561237     
   45.00000       367.352968969731     
   56.25000       366.688613218451     
   67.50000       366.064767436384     
   78.75000       365.118350918765     
   90.00000       363.861052905361     
   101.2500       362.377323444703     
   112.5000       360.302680389195     
   123.7500       358.610169319088     
   135.0000       356.238764598110     
   146.2500       354.590051107863     
   157.5000       352.444094571364     
   168.7500       351.039739558128     
   180.0000       349.475008554290     
   191.2500       348.572048379726     
   202.5000       348.083310008921     
   213.7500       348.083949977367     
   225.0000       348.775112647098     
   236.2500       349.826894662128     
   247.5000       351.089632937506     
   258.7500       352.937472750792     
   270.0000       354.728674289833     
   281.2500       356.831403663868     
   292.5000       358.784561667756     
   303.7500       360.947863709768     
   315.0000       362.632287156235     
   326.2500       364.384186782458     
   337.5000       365.480451649598     
   348.7500       366.411199543361     
   360.0000       367.000683458728     
