  0.0000000E+00   40.6469141978046     
   11.25000       40.6320195457200     
   22.50000       40.5220456942738     
   33.75000       40.3302801147959     
   45.00000       39.9781888406495     
   56.25000       39.5828629468873     
   67.50000       39.0774287416118     
   78.75000       38.4940117910655     
   90.00000       37.8817973959629     
   101.2500       37.2380191514868     
   112.5000       36.5738682825970     
   123.7500       36.0428924385481     
   135.0000       35.5753483289019     
   146.2500       35.2909627564653     
   157.5000       35.1455366305979     
   168.7500       35.1530950291111     
   180.0000       35.2822684059225     
   191.2500       35.5388612632058     
   202.5000       35.8817350821688     
   213.7500       36.3000186645887     
   225.0000       36.7360548087596     
   236.2500       37.2302890184813     
   247.5000       37.6650111663157     
   258.7500       38.1754796690165     
   270.0000       38.5652732451413     
   281.2500       39.0000973825017     
   292.5000       39.3304172982382     
   303.7500       39.6349887742579     
   315.0000       39.9311996661739     
   326.2500       40.1414244115547     
   337.5000       40.4084569462794     
   348.7500       40.5172125280799     
   360.0000       40.6469141978046     
