  0.0000000E+00   17.3954005269521     
   11.25000       17.6090481803040     
   22.50000       17.7991634009970     
   33.75000       17.9229286368728     
   45.00000       17.9762888926789     
   56.25000       17.9394746196340     
   67.50000       17.8193149622226     
   78.75000       17.6129730607185     
   90.00000       17.3280748702841     
   101.2500       16.9707734642514     
   112.5000       16.5684368978192     
   123.7500       16.1630949076139     
   135.0000       15.7680706887067     
   146.2500       15.4296468466607     
   157.5000       15.1348657829138     
   168.7500       14.9268900393485     
   180.0000       14.7675314989071     
   191.2500       14.6926971110530     
   202.5000       14.6849019034932     
   213.7500       14.7138891065104     
   225.0000       14.8323828963962     
   236.2500       14.9630550041005     
   247.5000       15.1276724931992     
   258.7500       15.3345950659346     
   270.0000       15.5029265953844     
   281.2500       15.7404497438018     
   292.5000       15.9345915902176     
   303.7500       16.1809153980827     
   315.0000       16.3976754208117     
   326.2500       16.6380979163798     
   337.5000       16.8896713558875     
   348.7500       17.1350248027507     
   360.0000       17.3954005269521     
