  0.0000000E+00   84.5382620330453     
   11.25000       84.7919739574183     
   22.50000       85.0596103206289     
   33.75000       85.3520662068235     
   45.00000       85.5215845084679     
   56.25000       85.6887576087501     
   67.50000       85.5758239011593     
   78.75000       85.3099940111722     
   90.00000       84.7867886153822     
   101.2500       84.2089463083555     
   112.5000       83.4548316035123     
   123.7500       82.9108734295302     
   135.0000       82.3793659639954     
   146.2500       82.1796217810372     
   157.5000       82.1086465711867     
   168.7500       82.2666833539185     
   180.0000       82.6605859488209     
   191.2500       83.1677709810783     
   202.5000       83.8494244121519     
   213.7500       84.5418921319428     
   225.0000       85.1616014391709     
   236.2500       85.6181581325118     
   247.5000       85.8455276800480     
   258.7500       85.9227596151026     
   270.0000       85.7285461988514     
   281.2500       85.4233846814738     
   292.5000       85.0094356853870     
   303.7500       84.6438605528299     
   315.0000       84.3706445698064     
   326.2500       84.1633329854207     
   337.5000       84.2045159478401     
   348.7500       84.3116315889792     
   360.0000       84.5382620330453     
