  0.0000000E+00   12.8428073491124     
   11.25000       12.8116557921308     
   22.50000       12.7686485065733     
   33.75000       12.6776821832153     
   45.00000       12.5572993517885     
   56.25000       12.4161217898481     
   67.50000       12.2275251077114     
   78.75000       12.0461118514721     
   90.00000       11.8189051130825     
   101.2500       11.6064168505203     
   112.5000       11.3885237268348     
   123.7500       11.1990883661030     
   135.0000       11.0356916929456     
   146.2500       10.9087009241135     
   157.5000       10.8334180378749     
   168.7500       10.8100540693139     
   180.0000       10.8379308084765     
   191.2500       10.9137440797754     
   202.5000       11.0381044641202     
   213.7500       11.1877665452089     
   225.0000       11.3859385281156     
   236.2500       11.5719789138508     
   247.5000       11.7775373574948     
   258.7500       11.9744884231692     
   270.0000       12.1632037063836     
   281.2500       12.3289714792992     
   292.5000       12.4747953073755     
   303.7500       12.5857280326963     
   315.0000       12.6894007396510     
   326.2500       12.7535940333530     
   337.5000       12.8206116378498     
   348.7500       12.8298034252629     
   360.0000       12.8428073491124     
