  0.0000000E+00   8.59657350906795     
   11.25000       8.67449925145999     
   22.50000       8.75120293723111     
   33.75000       8.78828155016384     
   45.00000       8.80210205248807     
   56.25000       8.76711181419765     
   67.50000       8.70329192830175     
   78.75000       8.59190505929858     
   90.00000       8.47107807004804     
   101.2500       8.32599737285757     
   112.5000       8.19517373510744     
   123.7500       8.06273082534075     
   135.0000       7.96063271154684     
   146.2500       7.87734581330488     
   157.5000       7.83013282416798     
   168.7500       7.80906714307837     
   180.0000       7.80470442497632     
   191.2500       7.83272150034169     
   202.5000       7.85406791554397     
   213.7500       7.90421527108903     
   225.0000       7.93144569025585     
   236.2500       7.96911441046629     
   247.5000       7.99440123159199     
   258.7500       8.01343671692138     
   270.0000       8.03318226271402     
   281.2500       8.05298975738781     
   292.5000       8.08592493704734     
   303.7500       8.12696984271122     
   315.0000       8.19863708404692     
   326.2500       8.27439117055555     
   337.5000       8.38403034350871     
   348.7500       8.47863122884088     
   360.0000       8.59657350906795     
