  0.0000000E+00   21.0926511370604     
   11.25000       21.1569196856205     
   22.50000       21.1041014437784     
   33.75000       20.9879754499100     
   45.00000       20.7918426907234     
   56.25000       20.5019378446686     
   67.50000       20.1974613289404     
   78.75000       19.8420641060761     
   90.00000       19.4730603674564     
   101.2500       19.1093173426458     
   112.5000       18.7525603111615     
   123.7500       18.4493789202015     
   135.0000       18.2009319902951     
   146.2500       18.0161466594735     
   157.5000       17.9100602509336     
   168.7500       17.8376674157432     
   180.0000       17.8425945186322     
   191.2500       17.8907083013201     
   202.5000       17.9714448003534     
   213.7500       18.1144191525877     
   225.0000       18.2710756809788     
   236.2500       18.4722416248048     
   247.5000       18.7086079485030     
   258.7500       18.9461928577065     
   270.0000       19.2178799058414     
   281.2500       19.4808096578974     
   292.5000       19.7624529497473     
   303.7500       20.0389496469779     
   315.0000       20.3035931152878     
   326.2500       20.5754079907432     
   337.5000       20.7970947517719     
   348.7500       20.9951780482366     
   360.0000       21.0926511370604     
