  0.0000000E+00   75.9335279850407     
   11.25000       75.9199360429835     
   22.50000       75.7737230651066     
   33.75000       75.6522369331299     
   45.00000       75.2373766344762     
   56.25000       74.8396893798626     
   67.50000       74.2114234248100     
   78.75000       73.6158597280530     
   90.00000       72.7808835385253     
   101.2500       71.9692682319086     
   112.5000       71.1030904734993     
   123.7500       70.3705230820915     
   135.0000       69.7928884715448     
   146.2500       69.5189580141392     
   157.5000       69.5202407770169     
   168.7500       69.8319852779390     
   180.0000       70.3584187560708     
   191.2500       71.0697599875893     
   202.5000       71.9400047507194     
   213.7500       72.8021387992733     
   225.0000       73.7510082407408     
   236.2500       74.5791763483312     
   247.5000       75.3066959656713     
   258.7500       75.8890002296580     
   270.0000       76.1876887228839     
   281.2500       76.3581232902965     
   292.5000       76.2667706423526     
   303.7500       76.3243688883831     
   315.0000       76.1383723139508     
   326.2500       76.0979697982165     
   337.5000       76.0615261831252     
   348.7500       75.9297451763410     
   360.0000       75.9335279850407     
