  0.0000000E+00   29.6549607997168     
   11.25000       29.9923409929600     
   22.50000       30.2932650712007     
   33.75000       30.4888266122009     
   45.00000       30.5955124402697     
   56.25000       30.5800885895090     
   67.50000       30.4476645727409     
   78.75000       30.1917313056647     
   90.00000       29.8105430722214     
   101.2500       29.3451474611079     
   112.5000       28.7977484190606     
   123.7500       28.2343181775424     
   135.0000       27.7041894638026     
   146.2500       27.2058058124863     
   157.5000       26.8322525531114     
   168.7500       26.4904181927634     
   180.0000       26.2747386102892     
   191.2500       26.1008473634563     
   202.5000       26.0122027963948     
   213.7500       25.9924246075157     
   225.0000       26.0121075435392     
   236.2500       26.1361536624531     
   247.5000       26.2408958922637     
   258.7500       26.4323986613605     
   270.0000       26.6149264272037     
   281.2500       26.8670146578941     
   292.5000       27.1529462043495     
   303.7500       27.5183837894180     
   315.0000       27.8844992418707     
   326.2500       28.3358380171414     
   337.5000       28.7624002879781     
   348.7500       29.2094409611050     
   360.0000       29.6549607997168     
