  0.0000000E+00   49.1967320494351     
   11.25000       49.9219537995357     
   22.50000       50.4542521235825     
   33.75000       51.0200293539799     
   45.00000       51.2265944103905     
   56.25000       51.3730189206155     
   67.50000       51.1575268771109     
   78.75000       50.7951280238571     
   90.00000       50.2367687051389     
   101.2500       49.5714058052192     
   112.5000       48.8873165209104     
   123.7500       48.1699483096218     
   135.0000       47.6106107890141     
   146.2500       47.1560211336188     
   157.5000       46.8188856666729     
   168.7500       46.6466050140673     
   180.0000       46.5083748369471     
   191.2500       46.4492266479684     
   202.5000       46.4179378003645     
   213.7500       46.4147646481229     
   225.0000       46.3766993929113     
   236.2500       46.3996074873360     
   247.5000       46.3093731966791     
   258.7500       46.2258129708869     
   270.0000       46.1482845542881     
   281.2500       46.0916651257655     
   292.5000       46.1490376550654     
   303.7500       46.3309741917776     
   315.0000       46.6805583339255     
   326.2500       47.1811950828790     
   337.5000       47.8189913906066     
   348.7500       48.5219336461000     
   360.0000       49.1967320494351     
