  0.0000000E+00   13.8446034816832     
   11.25000       13.9733458824874     
   22.50000       14.0779533185715     
   33.75000       14.1454019173367     
   45.00000       14.1671147399720     
   56.25000       14.1230895050071     
   67.50000       14.0287766703320     
   78.75000       13.8564841039454     
   90.00000       13.6611037087191     
   101.2500       13.4252593908841     
   112.5000       13.2059263797150     
   123.7500       12.9953638372416     
   135.0000       12.8116387465956     
   146.2500       12.7043311591567     
   157.5000       12.6132213119618     
   168.7500       12.6240797600437     
   180.0000       12.6506997346439     
   191.2500       12.7445254517414     
   202.5000       12.8578348414567     
   213.7500       12.9886492670749     
   225.0000       13.1163869462869     
   236.2500       13.2264085994356     
   247.5000       13.3151379666461     
   258.7500       13.3626789600197     
   270.0000       13.3993724673039     
   281.2500       13.4084197697668     
   292.5000       13.4261165884210     
   303.7500       13.4345654919657     
   315.0000       13.4780601195057     
   326.2500       13.5386673639123     
   337.5000       13.6281839224290     
   348.7500       13.7293953658533     
   360.0000       13.8446034816832     
