  0.0000000E+00   14.5711379636896     
   11.25000       14.6475444513498     
   22.50000       14.7064171449301     
   33.75000       14.7206005634248     
   45.00000       14.7069916507644     
   56.25000       14.6682089781569     
   67.50000       14.5779066830509     
   78.75000       14.4844805551709     
   90.00000       14.3668648666530     
   101.2500       14.2316297381315     
   112.5000       14.1116711934529     
   123.7500       13.9770283497917     
   135.0000       13.8618208819826     
   146.2500       13.7473758102259     
   157.5000       13.6577014242899     
   168.7500       13.5820311813000     
   180.0000       13.5103373693048     
   191.2500       13.4649788122893     
   202.5000       13.4344317133928     
   213.7500       13.4172928394713     
   225.0000       13.4134761916476     
   236.2500       13.4283383889071     
   247.5000       13.4522100783983     
   258.7500       13.4989272982268     
   270.0000       13.5731069677040     
   281.2500       13.6651942840605     
   292.5000       13.7837443202029     
   303.7500       13.9099597293462     
   315.0000       14.0531172036993     
   326.2500       14.2036020542015     
   337.5000       14.3326594359018     
   348.7500       14.4656720289725     
   360.0000       14.5711379636896     
