  0.0000000E+00   20.5333171027865     
   11.25000       20.6604714485943     
   22.50000       20.7293748300980     
   33.75000       20.6806502517925     
   45.00000       20.5760714732004     
   56.25000       20.3577121736491     
   67.50000       20.0625275085335     
   78.75000       19.7216641118974     
   90.00000       19.3266086705587     
   101.2500       18.9221536793539     
   112.5000       18.5292848634974     
   123.7500       18.1541182222943     
   135.0000       17.8409610041257     
   146.2500       17.5754792280640     
   157.5000       17.3919351054302     
   168.7500       17.2930056620665     
   180.0000       17.2496711843571     
   191.2500       17.2959650843021     
   202.5000       17.3857343808979     
   213.7500       17.5183020540315     
   225.0000       17.6989421064534     
   236.2500       17.8804224571608     
   247.5000       18.0985581151092     
   258.7500       18.3226622138555     
   270.0000       18.5651615047461     
   281.2500       18.8204589547260     
   292.5000       19.0664354128671     
   303.7500       19.3457167469020     
   315.0000       19.6037276045673     
   326.2500       19.8781757882630     
   337.5000       20.1063323607544     
   348.7500       20.3501395691257     
   360.0000       20.5333171027865     
