  0.0000000E+00   99.9712417777628     
   11.25000       99.9709244351834     
   22.50000       99.9691914748400     
   33.75000       99.9660895541310     
   45.00000       99.9617910124362     
   56.25000       99.9566075094044     
   67.50000       99.9510121420026     
   78.75000       99.9456387236714     
   90.00000       99.9412211067975     
   101.2500       99.9384568482637     
   112.5000       99.9378261752427     
   123.7500       99.9394433908165     
   135.0000       99.9430189281702     
   146.2500       99.9479535818100     
   157.5000       99.9535126052797     
   168.7500       99.9589941948652     
   180.0000       99.9638327546418     
   191.2500       99.9676291272044     
   202.5000       99.9701363574713     
   213.7500       99.9712383560836     
   225.0000       99.9709461163729     
   236.2500       99.9694174751639     
   247.5000       99.9669850841165     
   258.7500       99.9641611166298     
   270.0000       99.9615812152624     
   281.2500       99.9598720371723     
   292.5000       99.9594730436802     
   303.7500       99.9604896083474     
   315.0000       99.9626553431153     
   326.2500       99.9654255099595     
   337.5000       99.9681487828493     
   348.7500       99.9702325277030     
   360.0000       99.9712417777628     
