  0.0000000E+00   55.9318701326147     
   11.25000       56.6188614499406     
   22.50000       57.2270438784901     
   33.75000       57.6763486483468     
   45.00000       57.9874318649315     
   56.25000       58.0339967469032     
   67.50000       57.8964756210451     
   78.75000       57.5520038697559     
   90.00000       56.9932980786319     
   101.2500       56.3707851104222     
   112.5000       55.6718924109910     
   123.7500       55.0279821696634     
   135.0000       54.4574384572199     
   146.2500       53.9876933757229     
   157.5000       53.6949326700723     
   168.7500       53.4971786221633     
   180.0000       53.3717126732874     
   191.2500       53.3677257786338     
   202.5000       53.2757602716002     
   213.7500       53.2910960510089     
   225.0000       53.2083255599307     
   236.2500       53.2145027710293     
   247.5000       53.1261153136521     
   258.7500       53.0819847371781     
   270.0000       53.0425149186188     
   281.2500       52.8937506104428     
   292.5000       52.9849696297418     
   303.7500       53.1271897206874     
   315.0000       53.4212858404840     
   326.2500       53.9638501404291     
   337.5000       54.5016615535467     
   348.7500       55.2214376577489     
   360.0000       55.9318701326147     
