  0.0000000E+00   14.3717178751609     
   11.25000       14.5453923476185     
   22.50000       14.6682078510623     
   33.75000       14.7550968772719     
   45.00000       14.7779546468585     
   56.25000       14.7346218548711     
   67.50000       14.6275186875268     
   78.75000       14.4565320033140     
   90.00000       14.2571828328753     
   101.2500       14.0260111356865     
   112.5000       13.8074213397625     
   123.7500       13.5808836728275     
   135.0000       13.4121552501614     
   146.2500       13.2860120861638     
   157.5000       13.1984735754535     
   168.7500       13.1901215445655     
   180.0000       13.1837191572894     
   191.2500       13.2579904647603     
   202.5000       13.3144030455143     
   213.7500       13.4000226460157     
   225.0000       13.4697654016311     
   236.2500       13.5338779563717     
   247.5000       13.5835316134290     
   258.7500       13.6008844526104     
   270.0000       13.6235431735534     
   281.2500       13.6304860285070     
   292.5000       13.6611379225576     
   303.7500       13.7038194347821     
   315.0000       13.7950044738383     
   326.2500       13.8990718146983     
   337.5000       14.0432586807196     
   348.7500       14.1995701175181     
   360.0000       14.3717178751609     
