  0.0000000E+00   12.6587384394239     
   11.25000       12.6373143294422     
   22.50000       12.5775393979530     
   33.75000       12.4804256239169     
   45.00000       12.3208081413020     
   56.25000       12.1477624039744     
   67.50000       11.9150577200846     
   78.75000       11.6828256578730     
   90.00000       11.4283964542895     
   101.2500       11.1818911356066     
   112.5000       10.9496881526531     
   123.7500       10.7462418257667     
   135.0000       10.5824924998444     
   146.2500       10.4617249637291     
   157.5000       10.3883599341499     
   168.7500       10.3643278186072     
   180.0000       10.3933002976888     
   191.2500       10.4569700685934     
   202.5000       10.5785281895846     
   213.7500       10.7080543245171     
   225.0000       10.8936348647398     
   236.2500       11.0733052548692     
   247.5000       11.2657499613049     
   258.7500       11.4597670871310     
   270.0000       11.6585525234216     
   281.2500       11.8445176702396     
   292.5000       12.0353214334207     
   303.7500       12.1911894584284     
   315.0000       12.3510770990011     
   326.2500       12.4582406922112     
   337.5000       12.5718322049438     
   348.7500       12.6204718224152     
   360.0000       12.6587384394239     
