  0.0000000E+00   44.7194612441955     
   11.25000       45.0463717471409     
   22.50000       45.1858250339521     
   33.75000       45.2037303633030     
   45.00000       44.9531819650223     
   56.25000       44.5246825560004     
   67.50000       43.9279392188626     
   78.75000       43.0953977941347     
   90.00000       42.1810398552236     
   101.2500       41.1690407717853     
   112.5000       40.2082041453253     
   123.7500       39.2861938226648     
   135.0000       38.4977990183202     
   146.2500       37.9908838703618     
   157.5000       37.5465312260621     
   168.7500       37.3751119026006     
   180.0000       37.3840195373101     
   191.2500       37.5002480650466     
   202.5000       37.7905190119020     
   213.7500       38.1918129033833     
   225.0000       38.6682895301225     
   236.2500       39.0976950765330     
   247.5000       39.6432774553838     
   258.7500       40.1187365649340     
   270.0000       40.5911661342558     
   281.2500       41.0731253670808     
   292.5000       41.5162205715543     
   303.7500       42.0580657451873     
   315.0000       42.5509782078149     
   326.2500       43.1324676060902     
   337.5000       43.7011375793465     
   348.7500       44.2471433727062     
   360.0000       44.7194612441955     
