  0.0000000E+00   62.3508336369298     
   11.25000       63.1919658551825     
   22.50000       63.7943922167975     
   33.75000       64.2666943181126     
   45.00000       64.4833248298636     
   56.25000       64.5148638011412     
   67.50000       64.3662372731098     
   78.75000       63.9245231027381     
   90.00000       63.3276213221162     
   101.2500       62.4970592942614     
   112.5000       61.5761061814629     
   123.7500       60.5923542834772     
   135.0000       59.5817788019414     
   146.2500       58.6514190822573     
   157.5000       57.7634299092034     
   168.7500       57.0515317467171     
   180.0000       56.4583867055501     
   191.2500       56.0143045426969     
   202.5000       55.7105483025595     
   213.7500       55.5232851325307     
   225.0000       55.4025521581126     
   236.2500       55.4511415040017     
   247.5000       55.5066145855086     
   258.7500       55.8042921717997     
   270.0000       56.1333063828552     
   281.2500       56.6594056507569     
   292.5000       57.1927094114576     
   303.7500       57.8900260302979     
   315.0000       58.7106684904987     
   326.2500       59.4934158523193     
   337.5000       60.5007019405389     
   348.7500       61.4652945953735     
   360.0000       62.3508336369298     
