  0.0000000E+00   82.3626236298201     
   11.25000       83.6273648636250     
   22.50000       84.6905491882185     
   33.75000       85.7532671580397     
   45.00000       86.5726458461202     
   56.25000       87.0189003841912     
   67.50000       87.2829774170948     
   78.75000       87.1183009845853     
   90.00000       86.6619282592979     
   101.2500       86.0049036164858     
   112.5000       85.1357559007022     
   123.7500       84.3454377857310     
   135.0000       83.4882867140591     
   146.2500       83.0018722475146     
   157.5000       82.5755035108648     
   168.7500       82.4742265933561     
   180.0000       82.4238871437758     
   191.2500       82.5406311995983     
   202.5000       82.5651287168638     
   213.7500       82.5987669911820     
   225.0000       82.4124545600537     
   236.2500       82.2097032006680     
   247.5000       81.7902924660687     
   258.7500       81.3250807185619     
   270.0000       80.7153495227263     
   281.2500       80.1198286286925     
   292.5000       79.6963027798491     
   303.7500       79.5023883842846     
   315.0000       79.5761604361524     
   326.2500       79.9218285838457     
   337.5000       80.5403518409591     
   348.7500       81.3859248515093     
   360.0000       82.3626236298201     
