  0.0000000E+00   21.0106366927054     
   11.25000       21.1671621299458     
   22.50000       21.1728450812769     
   33.75000       21.1008111275234     
   45.00000       20.8987750103778     
   56.25000       20.5974808896576     
   67.50000       20.2212305482504     
   78.75000       19.7581502064591     
   90.00000       19.2656729933976     
   101.2500       18.7625698295082     
   112.5000       18.2779468242971     
   123.7500       17.8607611951023     
   135.0000       17.5195245041751     
   146.2500       17.2653692744666     
   157.5000       17.1329281105694     
   168.7500       17.0767381852182     
   180.0000       17.1281685089572     
   191.2500       17.2296262919586     
   202.5000       17.4041800564771     
   213.7500       17.6212809317372     
   225.0000       17.8595816073388     
   236.2500       18.1170775686622     
   247.5000       18.3615477940501     
   258.7500       18.6387543500539     
   270.0000       18.8703203043618     
   281.2500       19.1529390247498     
   292.5000       19.4173619274878     
   303.7500       19.6798351665035     
   315.0000       19.9809391518969     
   326.2500       20.2674166471003     
   337.5000       20.5364953169839     
   348.7500       20.8202963102840     
   360.0000       21.0106366927054     
