  0.0000000E+00   18.7351188121253     
   11.25000       18.8951395270595     
   22.50000       18.9935185803645     
   33.75000       19.0453766243001     
   45.00000       19.0598737709720     
   56.25000       18.9985137023859     
   67.50000       18.9035467755466     
   78.75000       18.7637933228836     
   90.00000       18.5445373601953     
   101.2500       18.3116759966934     
   112.5000       18.0379291674871     
   123.7500       17.7692782377860     
   135.0000       17.4957064506172     
   146.2500       17.2079525134212     
   157.5000       16.9680699716014     
   168.7500       16.7572328198999     
   180.0000       16.5986715057238     
   191.2500       16.4912991289464     
   202.5000       16.4223271483485     
   213.7500       16.4209679147106     
   225.0000       16.4533607894769     
   236.2500       16.5547900055148     
   247.5000       16.6874009582338     
   258.7500       16.8670674048553     
   270.0000       17.0563677543743     
   281.2500       17.2851065834614     
   292.5000       17.5228360442206     
   303.7500       17.7299932978301     
   315.0000       17.9808510195855     
   326.2500       18.1911639615737     
   337.5000       18.3799114175545     
   348.7500       18.5713937122700     
   360.0000       18.7351188121253     
