  0.0000000E+00   11.6686270777831     
   11.25000       11.7949297616225     
   22.50000       11.8522033605523     
   33.75000       11.8467418339355     
   45.00000       11.7641465498653     
   56.25000       11.6023110682536     
   67.50000       11.3728447850259     
   78.75000       11.0896680895849     
   90.00000       10.7718792189889     
   101.2500       10.4378467005739     
   112.5000       10.1165195376198     
   123.7500       9.81952962513380     
   135.0000       9.57923128597709     
   146.2500       9.37797847082024     
   157.5000       9.26201557815343     
   168.7500       9.18685090858635     
   180.0000       9.19333380944079     
   191.2500       9.23435723115374     
   202.5000       9.33349591293802     
   213.7500       9.44580459211752     
   225.0000       9.60441887297457     
   236.2500       9.74863302110616     
   247.5000       9.91909214779890     
   258.7500       10.0664089874169     
   270.0000       10.2442476356189     
   281.2500       10.3951503059328     
   292.5000       10.5795636138018     
   303.7500       10.7475030786604     
   315.0000       10.9404826931806     
   326.2500       11.1395050679715     
   337.5000       11.3269202964136     
   348.7500       11.5341264034402     
   360.0000       11.6686270777831     
