  0.0000000E+00   39.3788509396675     
   11.25000       39.7335611478059     
   22.50000       40.0197603750971     
   33.75000       40.2161312065917     
   45.00000       40.3127336312339     
   56.25000       40.2905141178340     
   67.50000       40.0863130358792     
   78.75000       39.7574116416890     
   90.00000       39.1878366567640     
   101.2500       38.5614710828390     
   112.5000       37.8657883367539     
   123.7500       37.0852761032168     
   135.0000       36.3844744856020     
   146.2500       35.7246558011522     
   157.5000       35.1581905558605     
   168.7500       34.6446569344631     
   180.0000       34.3460050254576     
   191.2500       34.0745430907268     
   202.5000       33.9886155444046     
   213.7500       34.0600161411577     
   225.0000       34.1654491302758     
   236.2500       34.4199609918930     
   247.5000       34.7039109010708     
   258.7500       35.1010967361822     
   270.0000       35.5261901193074     
   281.2500       35.9671127799578     
   292.5000       36.4556987958676     
   303.7500       36.9541742490753     
   315.0000       37.4610308438264     
   326.2500       37.9830732067317     
   337.5000       38.4716931685836     
   348.7500       38.9492054420907     
   360.0000       39.3788509396675     
