  0.0000000E+00   74.8933142258484     
   11.25000       74.8126180853320     
   22.50000       74.4632935580362     
   33.75000       74.1482778704588     
   45.00000       73.5270439724883     
   56.25000       72.8744734642296     
   67.50000       71.9214451480762     
   78.75000       70.9515214940935     
   90.00000       69.8724423831240     
   101.2500       68.8281668227005     
   112.5000       67.8324709726966     
   123.7500       67.0121953694339     
   135.0000       66.3843333218044     
   146.2500       66.0348913593801     
   157.5000       65.9758889058484     
   168.7500       66.2130017452754     
   180.0000       66.7710336699712     
   191.2500       67.4442244824372     
   202.5000       68.3541626210125     
   213.7500       69.2892471040195     
   225.0000       70.2632131602766     
   236.2500       71.2488784349454     
   247.5000       72.0390977068603     
   258.7500       72.8085371230590     
   270.0000       73.3465171598188     
   281.2500       73.9162663624957     
   292.5000       74.1460958908883     
   303.7500       74.4552719266503     
   315.0000       74.6824317290071     
   326.2500       74.7941609546436     
   337.5000       74.9644332588547     
   348.7500       74.9949101630874     
   360.0000       74.8933142258484     
