  0.0000000E+00   109.437189551588     
   11.25000       108.688908081772     
   22.50000       107.717340471454     
   33.75000       106.416048109946     
   45.00000       104.850390516599     
   56.25000       103.025149739673     
   67.50000       100.988994987926     
   78.75000       98.8396950155423     
   90.00000       96.6903562269041     
   101.2500       94.6677239326263     
   112.5000       92.8975649850845     
   123.7500       91.5141428805262     
   135.0000       90.7090141066557     
   146.2500       90.4011495816248     
   157.5000       90.8315375871718     
   168.7500       91.8431616385725     
   180.0000       93.2950048818341     
   191.2500       95.0343931296350     
   202.5000       97.1518478192980     
   213.7500       99.2340218040847     
   225.0000       101.461391074988     
   236.2500       103.463863088465     
   247.5000       105.224693020325     
   258.7500       106.680623397581     
   270.0000       107.846526535749     
   281.2500       108.750399415660     
   292.5000       109.465931004392     
   303.7500       109.927001098259     
   315.0000       110.320951562734     
   326.2500       110.341810500387     
   337.5000       110.352870400685     
   348.7500       110.000781241529     
   360.0000       109.437189551588     
