  0.0000000E+00   57.0126537443029     
   11.25000       57.7835479705500     
   22.50000       58.4937926949023     
   33.75000       58.9585509686200     
   45.00000       59.2605819340937     
   56.25000       59.3264252198494     
   67.50000       59.0517181303289     
   78.75000       58.5977268558024     
   90.00000       57.7435983966126     
   101.2500       56.8432281892288     
   112.5000       55.6036740574208     
   123.7500       54.4638733660545     
   135.0000       53.2049212261347     
   146.2500       52.1748099212137     
   157.5000       51.2592843490833     
   168.7500       50.5554224831010     
   180.0000       50.0775777164334     
   191.2500       49.7222416739327     
   202.5000       49.5676462161448     
   213.7500       49.5569848097046     
   225.0000       49.6208875153525     
   236.2500       49.8767701143582     
   247.5000       50.1478537537324     
   258.7500       50.5529642302503     
   270.0000       50.9566242645794     
   281.2500       51.5255785584122     
   292.5000       52.0404278664492     
   303.7500       52.7360465449432     
   315.0000       53.4633398637297     
   326.2500       54.3028877119351     
   337.5000       55.2223596289905     
   348.7500       56.1391090861460     
   360.0000       57.0126537443029     
