  0.0000000E+00   16.8303401077625     
   11.25000       16.8534089804081     
   22.50000       16.8795838090008     
   33.75000       16.8750436730650     
   45.00000       16.8551076727780     
   56.25000       16.7983400572182     
   67.50000       16.6978213538649     
   78.75000       16.5654575667776     
   90.00000       16.3852431503619     
   101.2500       16.2031659810423     
   112.5000       16.0140215906983     
   123.7500       15.8419636101885     
   135.0000       15.6765958470645     
   146.2500       15.5491421850698     
   157.5000       15.4657672262844     
   168.7500       15.4285665156862     
   180.0000       15.4361610507324     
   191.2500       15.4731816312210     
   202.5000       15.5625124603404     
   213.7500       15.6796599334476     
   225.0000       15.8188454243666     
   236.2500       15.9815712983908     
   247.5000       16.1144590276090     
   258.7500       16.2488030267157     
   270.0000       16.3785307454806     
   281.2500       16.4695783480245     
   292.5000       16.5565222277402     
   303.7500       16.6219454795449     
   315.0000       16.6717428176908     
   326.2500       16.7337048952330     
   337.5000       16.7487543137687     
   348.7500       16.7991966358601     
   360.0000       16.8303401077625     
