  0.0000000E+00   30.3256938805341     
   11.25000       30.6679286286063     
   22.50000       30.9912874759539     
   33.75000       31.1966091010350     
   45.00000       31.3097842607204     
   56.25000       31.3059705925771     
   67.50000       31.1724775764760     
   78.75000       30.8934318518575     
   90.00000       30.4763058944178     
   101.2500       29.9545359669346     
   112.5000       29.3420407589976     
   123.7500       28.7259324639730     
   135.0000       28.1330025227710     
   146.2500       27.5954818345098     
   157.5000       27.1732051758359     
   168.7500       26.7923049666484     
   180.0000       26.5575875946216     
   191.2500       26.3673945863085     
   202.5000       26.3071068502984     
   213.7500       26.3023221405656     
   225.0000       26.3750853210955     
   236.2500       26.5338740280481     
   247.5000       26.6822955114028     
   258.7500       26.9255515900954     
   270.0000       27.1488747085143     
   281.2500       27.4543602294354     
   292.5000       27.7775916482558     
   303.7500       28.1577570939526     
   315.0000       28.5416351051833     
   326.2500       29.0013898138419     
   337.5000       29.4267720722594     
   348.7500       29.8984521005388     
   360.0000       30.3256938805341     
