  0.0000000E+00   106.448801841987     
   11.25000       105.868673497728     
   22.50000       105.034102098223     
   33.75000       103.935336406931     
   45.00000       102.513342455892     
   56.25000       100.907150227119     
   67.50000       99.1099649589664     
   78.75000       97.2093096699870     
   90.00000       95.3120884871595     
   101.2500       93.5489587939517     
   112.5000       92.0687066854521     
   123.7500       91.0053235567550     
   135.0000       90.5047461140381     
   146.2500       90.5507052633230     
   157.5000       91.2113000283879     
   168.7500       92.4460293850038     
   180.0000       93.9716981537140     
   191.2500       95.6687143138860     
   202.5000       97.6317947948047     
   213.7500       99.4478530993711     
   225.0000       101.317316976291     
   236.2500       102.980693787783     
   247.5000       104.254409148675     
   258.7500       105.235650644562     
   270.0000       105.964617875121     
   281.2500       106.486598730857     
   292.5000       106.844277864237     
   303.7500       107.062982601947     
   315.0000       107.192243272755     
   326.2500       107.179292795678     
   337.5000       107.107874703369     
   348.7500       106.830058542562     
   360.0000       106.448801841987     
