  0.0000000E+00   22.5683930524521     
   11.25000       22.5633042298028     
   22.50000       22.5029061216222     
   33.75000       22.4072559367953     
   45.00000       22.2347231264442     
   56.25000       22.0551610903011     
   67.50000       21.7881734510434     
   78.75000       21.5156747118679     
   90.00000       21.1635229008242     
   101.2500       20.8294050207298     
   112.5000       20.4794718945204     
   123.7500       20.1590225077204     
   135.0000       19.9026471264815     
   146.2500       19.7006356786010     
   157.5000       19.5834106837843     
   168.7500       19.5607402857174     
   180.0000       19.6022057803819     
   191.2500       19.7157965502395     
   202.5000       19.9151004902798     
   213.7500       20.1395912583199     
   225.0000       20.4548997644879     
   236.2500       20.7417305204998     
   247.5000       21.0612382491361     
   258.7500       21.3367527826902     
   270.0000       21.5995613331540     
   281.2500       21.8040619893662     
   292.5000       21.9999465510143     
   303.7500       22.1557707430899     
   315.0000       22.2673621914724     
   326.2500       22.4023880893156     
   337.5000       22.4806797703932     
   348.7500       22.5379002707347     
   360.0000       22.5683930524521     
