  0.0000000E+00   12.5466871006195     
   11.25000       12.5467174040953     
   22.50000       12.4878557500006     
   33.75000       12.3949867223437     
   45.00000       12.2277294342762     
   56.25000       12.0419794274014     
   67.50000       11.7972531514654     
   78.75000       11.5399720237655     
   90.00000       11.2673768382224     
   101.2500       11.0010783897732     
   112.5000       10.7550772626653     
   123.7500       10.5395295933218     
   135.0000       10.3673029491118     
   146.2500       10.2445437526190     
   157.5000       10.1724639600380     
   168.7500       10.1464438073771     
   180.0000       10.1782019479965     
   191.2500       10.2366848774097     
   202.5000       10.3576188575410     
   213.7500       10.4821609442127     
   225.0000       10.6578429900590     
   236.2500       10.8326870537046     
   247.5000       11.0194945384083     
   258.7500       11.2063878970156     
   270.0000       11.4036915618589     
   281.2500       11.5878926759681     
   292.5000       11.7898290228228     
   303.7500       11.9607962533466     
   315.0000       12.1459948427412     
   326.2500       12.2775653996011     
   337.5000       12.4147829971505     
   348.7500       12.4884985928856     
   360.0000       12.5466871006195     
