  0.0000000E+00   10.7311882436809     
   11.25000       10.8807393836442     
   22.50000       11.0021439048170     
   33.75000       11.0702685611584     
   45.00000       11.0768913346813     
   56.25000       11.0158960793306     
   67.50000       10.8881028170624     
   78.75000       10.6860597178369     
   90.00000       10.4372803257782     
   101.2500       10.1351958236518     
   112.5000       9.83727324364511     
   123.7500       9.53006016861913     
   135.0000       9.26620211929676     
   146.2500       9.02630003872841     
   157.5000       8.85243666223152     
   168.7500       8.71936161675963     
   180.0000       8.66029909804398     
   191.2500       8.63324106770829     
   202.5000       8.67974663807844     
   213.7500       8.74738047493390     
   225.0000       8.86926806155854     
   236.2500       8.98393457476044     
   247.5000       9.13932811438625     
   258.7500       9.27935039505679     
   270.0000       9.43428206698045     
   281.2500       9.58465842469289     
   292.5000       9.72731838595178     
   303.7500       9.89908359393524     
   315.0000       10.0432943403720     
   326.2500       10.2335647854191     
   337.5000       10.3940327945121     
   348.7500       10.5722783624472     
   360.0000       10.7311882436809     
