  0.0000000E+00   23.2837739589366     
   11.25000       23.3479545571876     
   22.50000       23.3941713015532     
   33.75000       23.4100505538959     
   45.00000       23.3784074300272     
   56.25000       23.2880877659183     
   67.50000       23.1324107910096     
   78.75000       22.9188942675813     
   90.00000       22.6114774045555     
   101.2500       22.2996432184486     
   112.5000       21.9180586005156     
   123.7500       21.6025974924608     
   135.0000       21.2935932103689     
   146.2500       21.0767400474552     
   157.5000       20.9501012286321     
   168.7500       20.9064806490917     
   180.0000       20.9733872799321     
   191.2500       21.1360548242520     
   202.5000       21.3429816505335     
   213.7500       21.6141790268029     
   225.0000       21.8996962301378     
   236.2500       22.1591081103889     
   247.5000       22.4376350416390     
   258.7500       22.6240985214643     
   270.0000       22.8068162635224     
   281.2500       22.9070729863594     
   292.5000       22.9761831397072     
   303.7500       22.9984889213295     
   315.0000       23.0414099611769     
   326.2500       23.0787767461870     
   337.5000       23.1349198008922     
   348.7500       23.2231648658604     
   360.0000       23.2837739589366     
