  0.0000000E+00   37.3537454477378     
   11.25000       37.7180379940644     
   22.50000       37.9780894887686     
   33.75000       38.1266443771974     
   45.00000       38.1629741561284     
   56.25000       38.1342821941479     
   67.50000       37.9383051805538     
   78.75000       37.6664104145010     
   90.00000       37.3259435771857     
   101.2500       36.8247998910726     
   112.5000       36.3018674448732     
   123.7500       35.7405644277927     
   135.0000       35.2104656279833     
   146.2500       34.6584821478767     
   157.5000       34.2684841721193     
   168.7500       33.8868425041980     
   180.0000       33.5837750724588     
   191.2500       33.4055399672582     
   202.5000       33.2256136842324     
   213.7500       33.1516078309597     
   225.0000       33.1292442910474     
   236.2500       33.2100542057322     
   247.5000       33.3563266588587     
   258.7500       33.5380042678483     
   270.0000       33.8076018790114     
   281.2500       34.1410031615437     
   292.5000       34.5201845568818     
   303.7500       34.9663120998916     
   315.0000       35.4344850435193     
   326.2500       35.9370154042571     
   337.5000       36.4457008257122     
   348.7500       36.9224434743628     
   360.0000       37.3537454477378     
