  0.0000000E+00   10.0712698099099     
   11.25000       10.1910715829723     
   22.50000       10.2975492727055     
   33.75000       10.3727838695497     
   45.00000       10.4118292027944     
   56.25000       10.3889710115475     
   67.50000       10.3220025969062     
   78.75000       10.1844773019766     
   90.00000       10.0142681828102     
   101.2500       9.78887111993287     
   112.5000       9.55137034930097     
   123.7500       9.29300804378096     
   135.0000       9.06049409275825     
   146.2500       8.83917920714726     
   157.5000       8.67062850140162     
   168.7500       8.52157244098480     
   180.0000       8.43709156563337     
   191.2500       8.37566922677444     
   202.5000       8.37276187451903     
   213.7500       8.38811760543700     
   225.0000       8.45603819422355     
   236.2500       8.53210059059026     
   247.5000       8.63362171641132     
   258.7500       8.75855018614505     
   270.0000       8.87563279357278     
   281.2500       9.03052295911697     
   292.5000       9.15398920284149     
   303.7500       9.31489384011311     
   315.0000       9.45722175830672     
   326.2500       9.61592193538628     
   337.5000       9.77201325827881     
   348.7500       9.92765306929661     
   360.0000       10.0712698099099     
