  0.0000000E+00   16.2563684528394     
   11.25000       16.3506566925157     
   22.50000       16.3769994671737     
   33.75000       16.3494434794646     
   45.00000       16.2617079594919     
   56.25000       16.1030775696121     
   67.50000       15.8917921187125     
   78.75000       15.6306512521494     
   90.00000       15.3333590949873     
   101.2500       15.0316915853441     
   112.5000       14.7274501316787     
   123.7500       14.4549556701790     
   135.0000       14.2163740510345     
   146.2500       14.0179281003270     
   157.5000       13.8961673053420     
   168.7500       13.8235861398033     
   180.0000       13.7860037765696     
   191.2500       13.8204874453949     
   202.5000       13.8625308659949     
   213.7500       13.9597790952757     
   225.0000       14.0723006584066     
   236.2500       14.2143906586858     
   247.5000       14.3788338789797     
   258.7500       14.5463714044068     
   270.0000       14.7448433517520     
   281.2500       14.9457247201216     
   292.5000       15.1468547597342     
   303.7500       15.3556430107658     
   315.0000       15.5647254184362     
   326.2500       15.7664763134938     
   337.5000       15.9525587827015     
   348.7500       16.1214901806025     
   360.0000       16.2563684528394     
