  0.0000000E+00   104.777553050529     
   11.25000       106.870809547566     
   22.50000       108.729490126396     
   33.75000       110.114231957582     
   45.00000       110.937601647176     
   56.25000       111.177636108137     
   67.50000       110.843534002190     
   78.75000       109.790627280080     
   90.00000       108.318372005084     
   101.2500       106.255241408100     
   112.5000       103.917555350154     
   123.7500       101.283959939646     
   135.0000       98.7368501219558     
   146.2500       96.2679097090435     
   157.5000       94.0480837986078     
   168.7500       92.2066491670578     
   180.0000       90.6806530336618     
   191.2500       89.4761759200707     
   202.5000       88.5122406414530     
   213.7500       88.0333367487575     
   225.0000       87.6645801907662     
   236.2500       87.8180182605937     
   247.5000       87.9846488030413     
   258.7500       88.5485029363648     
   270.0000       89.2518493063737     
   281.2500       90.3986430023141     
   292.5000       91.7427746078797     
   303.7500       93.5498230781589     
   315.0000       95.6119044309411     
   326.2500       97.8017199534051     
   337.5000       100.159703899723     
   348.7500       102.490250692001     
   360.0000       104.777553050529     
