  0.0000000E+00   37.8651547705396     
   11.25000       38.1447207426954     
   22.50000       38.2176722400005     
   33.75000       38.1296006726762     
   45.00000       37.8781318554996     
   56.25000       37.4381498064929     
   67.50000       36.7752618642431     
   78.75000       36.0199974924223     
   90.00000       35.1208659662068     
   101.2500       34.2143073928367     
   112.5000       33.3494494570050     
   123.7500       32.5942163781459     
   135.0000       31.9754003478792     
   146.2500       31.5315349039206     
   157.5000       31.2596006616438     
   168.7500       31.1633579782146     
   180.0000       31.2346778217744     
   191.2500       31.4610823312555     
   202.5000       31.7705791616805     
   213.7500       32.2037829170108     
   225.0000       32.5980123866891     
   236.2500       33.0548972071955     
   247.5000       33.4866212762320     
   258.7500       33.8763882337339     
   270.0000       34.3037553541178     
   281.2500       34.6407452160914     
   292.5000       35.0913973605133     
   303.7500       35.4921900472328     
   315.0000       36.0089372194081     
   326.2500       36.5284388663647     
   337.5000       37.0221409446090     
   348.7500       37.5186587875808     
   360.0000       37.8651547705396     
