  0.0000000E+00   111.718296095207     
   11.25000       113.562736516472     
   22.50000       115.047089310916     
   33.75000       115.819530377508     
   45.00000       116.057883403473     
   56.25000       115.536498260770     
   67.50000       114.280242747447     
   78.75000       112.377660082884     
   90.00000       109.863963422107     
   101.2500       106.760876872707     
   112.5000       103.571988920474     
   123.7500       100.264627120579     
   135.0000       97.2716902360651     
   146.2500       94.5284014495722     
   157.5000       92.3491032225242     
   168.7500       90.5161967130099     
   180.0000       89.1730228907842     
   191.2500       88.2876766383442     
   202.5000       87.8972671272789     
   213.7500       87.8749943112295     
   225.0000       88.2169521952233     
   236.2500       88.9938395466916     
   247.5000       89.9611625966643     
   258.7500       91.3703834613382     
   270.0000       92.9275838031086     
   281.2500       94.9138933608019     
   292.5000       96.9842116059467     
   303.7500       99.3639551414030     
   315.0000       101.721621732498     
   326.2500       104.357411106059     
   337.5000       106.945373713441     
   348.7500       109.428236529180     
   360.0000       111.718296095207     
