  0.0000000E+00   14.1062118562197     
   11.25000       14.1660834986265     
   22.50000       14.1886739427881     
   33.75000       14.2024273388576     
   45.00000       14.1817924806805     
   56.25000       14.1192840161584     
   67.50000       14.0503362283177     
   78.75000       13.9323138241641     
   90.00000       13.8095511057106     
   101.2500       13.6779194534167     
   112.5000       13.5434439210830     
   123.7500       13.4152909579979     
   135.0000       13.2973811600237     
   146.2500       13.2148647282593     
   157.5000       13.1561234071031     
   168.7500       13.1261550357835     
   180.0000       13.1295294190792     
   191.2500       13.1655556460326     
   202.5000       13.2175224900468     
   213.7500       13.2844628369464     
   225.0000       13.3643945988420     
   236.2500       13.4399131820939     
   247.5000       13.5200750511115     
   258.7500       13.5921369671217     
   270.0000       13.6535508303414     
   281.2500       13.7116145555996     
   292.5000       13.7507312565274     
   303.7500       13.8034477952062     
   315.0000       13.8570133444030     
   326.2500       13.9097891459238     
   337.5000       13.9806015042260     
   348.7500       14.0460198716704     
   360.0000       14.1062118562197     
