  0.0000000E+00   12.7544279081403     
   11.25000       12.7225341623239     
   22.50000       12.6690963106417     
   33.75000       12.5722636539966     
   45.00000       12.4286311438244     
   56.25000       12.2705455578236     
   67.50000       12.0568327839339     
   78.75000       11.8514746911800     
   90.00000       11.6123564947176     
   101.2500       11.3840168840793     
   112.5000       11.1615033322391     
   123.7500       10.9669459134616     
   135.0000       10.8060970693497     
   146.2500       10.6828534047124     
   157.5000       10.6080878400778     
   168.7500       10.5847576324892     
   180.0000       10.6121967628327     
   191.2500       10.6817963988199     
   202.5000       10.8040443579535     
   213.7500       10.9424791138040     
   225.0000       11.1361698707625     
   236.2500       11.3190578453268     
   247.5000       11.5182584555399     
   258.7500       11.7165206713608     
   270.0000       11.9131612811700     
   281.2500       12.0933578383300     
   292.5000       12.2648923584194     
   303.7500       12.3998739735530     
   315.0000       12.5314425240630     
   326.2500       12.6159352850222     
   337.5000       12.7059511651217     
   348.7500       12.7323124976041     
   360.0000       12.7544279081403     
