  0.0000000E+00   67.2533818985292     
   11.25000       67.9908398884871     
   22.50000       68.4481054415141     
   33.75000       68.5560385565845     
   45.00000       68.3219843931089     
   56.25000       67.6507575705937     
   67.50000       66.6104814369199     
   78.75000       65.2007376907762     
   90.00000       63.6071138480388     
   101.2500       61.8589594535180     
   112.5000       60.1807581491180     
   123.7500       58.5669230523293     
   135.0000       57.1921976903028     
   146.2500       56.1629385575241     
   157.5000       55.3621725730972     
   168.7500       55.1014172081979     
   180.0000       54.9855226755573     
   191.2500       55.3524415640515     
   202.5000       55.7620525800768     
   213.7500       56.5159046609852     
   225.0000       57.2423760424215     
   236.2500       58.0981923915251     
   247.5000       58.9662887266798     
   258.7500       59.7193185985454     
   270.0000       60.4978868216084     
   281.2500       61.2919523010094     
   292.5000       61.9748466968870     
   303.7500       62.7879832469604     
   315.0000       63.5749800055875     
   326.2500       64.5216881188842     
   337.5000       65.4367124870397     
   348.7500       66.4578432097515     
   360.0000       67.2533818985292     
