  0.0000000E+00   15.4064702898675     
   11.25000       15.5027952047920     
   22.50000       15.5774132261913     
   33.75000       15.6237732735459     
   45.00000       15.6149195912021     
   56.25000       15.5821109912182     
   67.50000       15.4983120863987     
   78.75000       15.3643463580505     
   90.00000       15.1913478576684     
   101.2500       14.9748511689391     
   112.5000       14.7345386776123     
   123.7500       14.4925073496160     
   135.0000       14.2269474401511     
   146.2500       14.0000570707222     
   157.5000       13.7950371755964     
   168.7500       13.6189182488073     
   180.0000       13.4960173669904     
   191.2500       13.4108298760514     
   202.5000       13.3899346984453     
   213.7500       13.4098069516493     
   225.0000       13.4823864356296     
   236.2500       13.5955451310853     
   247.5000       13.7287905577194     
   258.7500       13.8877827885611     
   270.0000       14.0621307932549     
   281.2500       14.2415650258977     
   292.5000       14.4183358158545     
   303.7500       14.6036173463204     
   315.0000       14.7832909020169     
   326.2500       14.9598163386080     
   337.5000       15.1221858614699     
   348.7500       15.2681529599597     
   360.0000       15.4064702898675     
