  0.0000000E+00   45.0598514122671     
   11.25000       45.5529165159164     
   22.50000       45.9268568325991     
   33.75000       46.2811102863377     
   45.00000       46.4883916427592     
   56.25000       46.5122557520188     
   67.50000       46.4157407020312     
   78.75000       46.0681518082736     
   90.00000       45.6146461291862     
   101.2500       45.0087945155681     
   112.5000       44.3524856554119     
   123.7500       43.7689673885105     
   135.0000       43.2299851571554     
   146.2500       42.8751398556403     
   157.5000       42.6773677303181     
   168.7500       42.6505931676998     
   180.0000       42.7643990008830     
   191.2500       43.0506717786765     
   202.5000       43.3332773210737     
   213.7500       43.6934324874965     
   225.0000       43.9693291230219     
   236.2500       44.1368502350689     
   247.5000       44.2429719894728     
   258.7500       44.2495972210948     
   270.0000       44.1914097236728     
   281.2500       44.0899303970270     
   292.5000       43.9854164648632     
   303.7500       43.9304495144866     
   315.0000       43.9321980136566     
   326.2500       44.1041295019937     
   337.5000       44.2849880250340     
   348.7500       44.6935946897635     
   360.0000       45.0598514122671     
