  0.0000000E+00   6.30302821883850     
   11.25000       6.39725975193701     
   22.50000       6.46571059599324     
   33.75000       6.51245314893939     
   45.00000       6.53392048241549     
   56.25000       6.51033942455854     
   67.50000       6.45900546717078     
   78.75000       6.35460405237813     
   90.00000       6.23107140046448     
   101.2500       6.06485942592351     
   112.5000       5.90200131868771     
   123.7500       5.72009292779120     
   135.0000       5.56597154033632     
   146.2500       5.41182909483529     
   157.5000       5.29955560261280     
   168.7500       5.19646016474250     
   180.0000       5.14442014697556     
   191.2500       5.10476436033347     
   202.5000       5.11593138018203     
   213.7500       5.13223928176286     
   225.0000       5.18324367326207     
   236.2500       5.24193446535855     
   247.5000       5.32346744829601     
   258.7500       5.40670255356343     
   270.0000       5.50228333224091     
   281.2500       5.59505487097945     
   292.5000       5.69451831950566     
   303.7500       5.79613977952121     
   315.0000       5.89643976373038     
   326.2500       6.00349164890504     
   337.5000       6.10183939324526     
   348.7500       6.21210154582807     
   360.0000       6.30302821883850     
