  0.0000000E+00   109.170647455737     
   11.25000       110.860980996150     
   22.50000       112.126290809219     
   33.75000       112.715325066531     
   45.00000       112.686822135867     
   56.25000       111.955514793359     
   67.50000       110.501302415312     
   78.75000       108.220247733746     
   90.00000       105.512276957354     
   101.2500       102.235825703151     
   112.5000       98.8893222183056     
   123.7500       95.7804275837738     
   135.0000       92.6627860022234     
   146.2500       90.2606909304399     
   157.5000       88.1952465174977     
   168.7500       86.6122017241785     
   180.0000       85.6146752828567     
   191.2500       84.9695572016009     
   202.5000       84.9462444701421     
   213.7500       85.1508205078631     
   225.0000       85.7567148810018     
   236.2500       86.6627999357418     
   247.5000       87.8416957807730     
   258.7500       89.4182569318436     
   270.0000       91.1415547672812     
   281.2500       93.0351178756930     
   292.5000       95.0994344939781     
   303.7500       97.3085150817982     
   315.0000       99.6903387281040     
   326.2500       102.155337961038     
   337.5000       104.657528679350     
   348.7500       107.019149761773     
   360.0000       109.170647455737     
