  0.0000000E+00   5.34198550379185     
   11.25000       5.38985907072616     
   22.50000       5.42878142994042     
   33.75000       5.44347659590391     
   45.00000       5.44686968606323     
   56.25000       5.41362433377555     
   67.50000       5.37131870871396     
   78.75000       5.29940612329335     
   90.00000       5.22842167055890     
   101.2500       5.13801716830752     
   112.5000       5.06185762837547     
   123.7500       4.97958808998004     
   135.0000       4.92290685049428     
   146.2500       4.87118310879428     
   157.5000       4.84680565943656     
   168.7500       4.83149669193180     
   180.0000       4.83603126521463     
   191.2500       4.84686188066281     
   202.5000       4.87359671305164     
   213.7500       4.89850679671780     
   225.0000       4.92036555118411     
   236.2500       4.94653067310743     
   247.5000       4.95887814584972     
   258.7500       4.97823940401504     
   270.0000       4.98673898210865     
   281.2500       5.00737235529403     
   292.5000       5.02712898408862     
   303.7500       5.05891151228356     
   315.0000       5.10355298355699     
   326.2500       5.15599488021617     
   337.5000       5.21811897178516     
   348.7500       5.27928764220539     
   360.0000       5.34198550379185     
