  0.0000000E+00   16.7467841132591     
   11.25000       16.7208246195184     
   22.50000       16.6939909107702     
   33.75000       16.6466554129258     
   45.00000       16.5795803973187     
   56.25000       16.5018756329390     
   67.50000       16.3890193534751     
   78.75000       16.2634450148678     
   90.00000       16.0993470734818     
   101.2500       15.9181460710424     
   112.5000       15.7236003897736     
   123.7500       15.5489749522159     
   135.0000       15.3936764368462     
   146.2500       15.2627151928791     
   157.5000       15.1712019915670     
   168.7500       15.1207813263013     
   180.0000       15.1313100200857     
   191.2500       15.1774003685911     
   202.5000       15.2591920571802     
   213.7500       15.3927619378364     
   225.0000       15.5281554768930     
   236.2500       15.7063232527569     
   247.5000       15.8965984319272     
   258.7500       16.0623336702172     
   270.0000       16.2329242819371     
   281.2500       16.3780403507599     
   292.5000       16.4949413316876     
   303.7500       16.6032967120662     
   315.0000       16.6554918805011     
   326.2500       16.7242728056775     
   337.5000       16.7466228481643     
   348.7500       16.7495486938197     
   360.0000       16.7467841132591     
