  0.0000000E+00   115.613500166578     
   11.25000       115.854284524809     
   22.50000       115.592635473119     
   33.75000       114.585562440694     
   45.00000       112.995198106793     
   56.25000       110.828065297820     
   67.50000       108.226614656667     
   78.75000       105.244282542639     
   90.00000       102.033684765641     
   101.2500       98.7714469891396     
   112.5000       95.6073300671260     
   123.7500       92.7037941305580     
   135.0000       90.4353543882080     
   146.2500       88.4479750412089     
   157.5000       87.2678387705072     
   168.7500       86.7472834667716     
   180.0000       86.5615290785469     
   191.2500       87.2282879253902     
   202.5000       88.2546096123158     
   213.7500       89.8343900344030     
   225.0000       91.8978523564186     
   236.2500       94.0725598417175     
   247.5000       96.5620646310112     
   258.7500       98.9518009757637     
   270.0000       101.381055441038     
   281.2500       103.704309232008     
   292.5000       105.998245826516     
   303.7500       108.144096644590     
   315.0000       110.149322059332     
   326.2500       111.952582735130     
   337.5000       113.522420295559     
   348.7500       114.755994758359     
   360.0000       115.613500166578     
