  0.0000000E+00   76.5272843710335     
   11.25000       76.5749543637937     
   22.50000       76.5753937525453     
   33.75000       76.5558386197960     
   45.00000       76.2956096219681     
   56.25000       76.0851032202550     
   67.50000       75.6496049911196     
   78.75000       75.1990383256533     
   90.00000       74.4466339537414     
   101.2500       73.7185197077500     
   112.5000       72.8725749828617     
   123.7500       72.1690591624375     
   135.0000       71.6156054688747     
   146.2500       71.3737652359790     
   157.5000       71.3835172674402     
   168.7500       71.6886395138483     
   180.0000       72.1849811939095     
   191.2500       72.8978349672839     
   202.5000       73.7042320180269     
   213.7500       74.5330853031520     
   225.0000       75.4267506532481     
   236.2500       76.1595831330343     
   247.5000       76.8092886038953     
   258.7500       77.2177655274036     
   270.0000       77.3295985320621     
   281.2500       77.3012649574517     
   292.5000       77.0912135397242     
   303.7500       76.9852914978555     
   315.0000       76.6612766999448     
   326.2500       76.6062750567779     
   337.5000       76.4802536335642     
   348.7500       76.4041874226774     
   360.0000       76.5272843710335     
