  0.0000000E+00   20.3111569382272     
   11.25000       20.4470803218663     
   22.50000       20.5458513462335     
   33.75000       20.5294861548225     
   45.00000       20.4491914653551     
   56.25000       20.2723772164015     
   67.50000       19.9963696622945     
   78.75000       19.6760881507398     
   90.00000       19.2940933799754     
   101.2500       18.8849942078562     
   112.5000       18.4882968944589     
   123.7500       18.1010275572018     
   135.0000       17.7708621584887     
   146.2500       17.4920888936470     
   157.5000       17.2711759610218     
   168.7500       17.1503933521036     
   180.0000       17.0872869008114     
   191.2500       17.1110750820677     
   202.5000       17.1983463273005     
   213.7500       17.3221929497332     
   225.0000       17.5048836913935     
   236.2500       17.6928074244084     
   247.5000       17.9079018472411     
   258.7500       18.1317344564460     
   270.0000       18.3650835386076     
   281.2500       18.6151686686923     
   292.5000       18.8498359113970     
   303.7500       19.1174976272110     
   315.0000       19.3705040257366     
   326.2500       19.6508730264707     
   337.5000       19.8787590545984     
   348.7500       20.1116632982165     
   360.0000       20.3111569382272     
