  0.0000000E+00   37.1564909591784     
   11.25000       37.4904225820017     
   22.50000       37.6419212506725     
   33.75000       37.6157404604315     
   45.00000       37.3973090290742     
   56.25000       37.0167841046274     
   67.50000       36.3884131252790     
   78.75000       35.6419758377370     
   90.00000       34.7539408359700     
   101.2500       33.8178715388681     
   112.5000       32.9067675021834     
   123.7500       32.1015629654622     
   135.0000       31.4355669791295     
   146.2500       30.9460620549884     
   157.5000       30.6366524416756     
   168.7500       30.5022424264473     
   180.0000       30.5269929811100     
   191.2500       30.7264786728217     
   202.5000       31.0061657955207     
   213.7500       31.4196792269644     
   225.0000       31.8263517111009     
   236.2500       32.2629209645746     
   247.5000       32.7121219342526     
   258.7500       33.0861066035783     
   270.0000       33.5204470728691     
   281.2500       33.8490071429781     
   292.5000       34.2782131136823     
   303.7500       34.6770782312041     
   315.0000       35.1583241629758     
   326.2500       35.7013541384201     
   337.5000       36.2094401304453     
   348.7500       36.7506404719255     
   360.0000       37.1564909591784     
