  0.0000000E+00   21.7298147162214     
   11.25000       21.7192455971462     
   22.50000       21.6920381601509     
   33.75000       21.6349716633287     
   45.00000       21.5436816032831     
   56.25000       21.4403997692971     
   67.50000       21.2971087943652     
   78.75000       21.1433805021237     
   90.00000       20.9153605010602     
   101.2500       20.6967480228458     
   112.5000       20.4266011336947     
   123.7500       20.1725779479066     
   135.0000       19.9547418618203     
   146.2500       19.7532892801957     
   157.5000       19.6338644838141     
   168.7500       19.5716804337860     
   180.0000       19.5719628351733     
   191.2500       19.6517674549790     
   202.5000       19.7617164876201     
   213.7500       19.9297418586115     
   225.0000       20.1369100012095     
   236.2500       20.3531068447312     
   247.5000       20.6050599754797     
   258.7500       20.8227006651115     
   270.0000       21.0347859768134     
   281.2500       21.2301153339128     
   292.5000       21.3612895869845     
   303.7500       21.4844964914535     
   315.0000       21.5710790847576     
   326.2500       21.6381866767485     
   337.5000       21.6933202787382     
   348.7500       21.7055634926248     
   360.0000       21.7298147162214     
