  0.0000000E+00   19.6231334598235     
   11.25000       19.7667271777700     
   22.50000       19.8780214528297     
   33.75000       19.9427441851768     
   45.00000       19.9166594717225     
   56.25000       19.8397441729359     
   67.50000       19.6658841433767     
   78.75000       19.4104834090216     
   90.00000       19.1185284330979     
   101.2500       18.7619165975834     
   112.5000       18.3843430468691     
   123.7500       18.0111298633991     
   135.0000       17.6418055275084     
   146.2500       17.3502984303148     
   157.5000       17.0816924816333     
   168.7500       16.8782610547376     
   180.0000       16.7569990612126     
   191.2500       16.6922009764935     
   202.5000       16.7200320818595     
   213.7500       16.8005848129952     
   225.0000       16.9401187517890     
   236.2500       17.1274152137850     
   247.5000       17.3312882772038     
   258.7500       17.5719569258949     
   270.0000       17.7870185364992     
   281.2500       18.0306599580490     
   292.5000       18.2514137898172     
   303.7500       18.5032567302986     
   315.0000       18.7185597478112     
   326.2500       18.9520111328010     
   337.5000       19.2096794102422     
   348.7500       19.4174428359917     
   360.0000       19.6231334598235     
