  0.0000000E+00   15.0177969787523     
   11.25000       15.1198705880436     
   22.50000       15.1736187230381     
   33.75000       15.2088487280065     
   45.00000       15.2059807018692     
   56.25000       15.1604471953553     
   67.50000       15.0993988901040     
   78.75000       15.0051777384425     
   90.00000       14.8748028917850     
   101.2500       14.7330652272620     
   112.5000       14.5490218295036     
   123.7500       14.3665942042895     
   135.0000       14.1825585960460     
   146.2500       13.9878195848154     
   157.5000       13.8213012814523     
   168.7500       13.6611914761227     
   180.0000       13.5449529715232     
   191.2500       13.4430499438418     
   202.5000       13.3751900039452     
   213.7500       13.3510220512237     
   225.0000       13.3596034982966     
   236.2500       13.4124921059488     
   247.5000       13.5049050120847     
   258.7500       13.6275280347271     
   270.0000       13.7675550058918     
   281.2500       13.9321567709789     
   292.5000       14.1033892662365     
   303.7500       14.2772319950203     
   315.0000       14.4490703736460     
   326.2500       14.6084973767778     
   337.5000       14.7700443938824     
   348.7500       14.9039667815535     
   360.0000       15.0177969787523     
