  0.0000000E+00   73.9422046705582     
   11.25000       74.7438184099347     
   22.50000       75.2469743109267     
   33.75000       75.3726420842806     
   45.00000       75.2422833543118     
   56.25000       74.6354013185054     
   67.50000       73.6075050735423     
   78.75000       72.2694832250682     
   90.00000       70.5716896695768     
   101.2500       68.8234591987429     
   112.5000       66.9929249325827     
   123.7500       65.3128508931145     
   135.0000       63.8142991451817     
   146.2500       62.5555773215544     
   157.5000       61.6810896235338     
   168.7500       61.0800664016203     
   180.0000       60.9148766065669     
   191.2500       61.0288098481611     
   202.5000       61.4728818096731     
   213.7500       62.0745811340944     
   225.0000       62.8369067046545     
   236.2500       63.6761893979100     
   247.5000       64.5495000437599     
   258.7500       65.4436508391376     
   270.0000       66.3521672745662     
   281.2500       67.2174661788275     
   292.5000       68.0917201439234     
   303.7500       69.0279194467814     
   315.0000       69.9659533999265     
   326.2500       71.0292753023981     
   337.5000       71.9840695559692     
   348.7500       73.0947541586115     
   360.0000       73.9422046705582     
