  0.0000000E+00   14.1831015953901     
   11.25000       14.2496824309748     
   22.50000       14.2805892894994     
   33.75000       14.3025967174552     
   45.00000       14.2767155371309     
   56.25000       14.2223182302269     
   67.50000       14.1513526666475     
   78.75000       14.0308364241616     
   90.00000       13.9157062047534     
   101.2500       13.7804483053492     
   112.5000       13.6462199123582     
   123.7500       13.5168060756921     
   135.0000       13.4046118164748     
   146.2500       13.3267283407810     
   157.5000       13.2638165415972     
   168.7500       13.2323479867911     
   180.0000       13.2324447080479     
   191.2500       13.2562545646226     
   202.5000       13.2918529228009     
   213.7500       13.3443823553187     
   225.0000       13.4045508697411     
   236.2500       13.4626962834182     
   247.5000       13.5275547021935     
   258.7500       13.5822009531573     
   270.0000       13.6332946948476     
   281.2500       13.6820843868199     
   292.5000       13.7257978433924     
   303.7500       13.7924455327345     
   315.0000       13.8559939290612     
   326.2500       13.9317125838657     
   337.5000       14.0229894922468     
   348.7500       14.1030458123514     
   360.0000       14.1831015953901     
