  0.0000000E+00   21.6456557206049     
   11.25000       21.7116121953749     
   22.50000       21.6421958706648     
   33.75000       21.5331616176081     
   45.00000       21.2879336779864     
   56.25000       20.9924770678595     
   67.50000       20.6147321804641     
   78.75000       20.1902924827455     
   90.00000       19.7484925461152     
   101.2500       19.2899767531866     
   112.5000       18.8692577440657     
   123.7500       18.5032420775091     
   135.0000       18.2016266400619     
   146.2500       18.0002734182824     
   157.5000       17.8900904249406     
   168.7500       17.8558417535818     
   180.0000       17.9264557044429     
   191.2500       18.0250176137150     
   202.5000       18.2161896935235     
   213.7500       18.4215224996654     
   225.0000       18.6658311333906     
   236.2500       18.9279060923647     
   247.5000       19.2040338209498     
   258.7500       19.4978304984506     
   270.0000       19.7648922804583     
   281.2500       20.0556223332689     
   292.5000       20.2929114427896     
   303.7500       20.5744958082493     
   315.0000       20.8405267956929     
   326.2500       21.0760965018022     
   337.5000       21.3149365060805     
   348.7500       21.5292583817317     
   360.0000       21.6456557206049     
