  0.0000000E+00   43.5427337822640     
   11.25000       43.8032067911981     
   22.50000       44.0790681128819     
   33.75000       44.2697477896288     
   45.00000       44.4144968170460     
   56.25000       44.3573624605215     
   67.50000       44.2103819760598     
   78.75000       43.8752641074472     
   90.00000       43.4035348953008     
   101.2500       42.8810974144245     
   112.5000       42.2601567382495     
   123.7500       41.6978312449466     
   135.0000       41.2152992562230     
   146.2500       40.8528948423470     
   157.5000       40.6500861016940     
   168.7500       40.6564594959908     
   180.0000       40.7578014927221     
   191.2500       41.0662055359925     
   202.5000       41.4335732964371     
   213.7500       41.8821158719150     
   225.0000       42.3243419560560     
   236.2500       42.6824955052672     
   247.5000       42.9397195044264     
   258.7500       43.0849653562688     
   270.0000       43.1295875637397     
   281.2500       43.1168198897911     
   292.5000       43.0473027343203     
   303.7500       43.0371943195458     
   315.0000       42.9720724977711     
   326.2500       43.0807358822707     
   337.5000       43.1376151440308     
   348.7500       43.3494472156823     
   360.0000       43.5427337822640     
