  0.0000000E+00   34.1570204886375     
   11.25000       34.5002849459976     
   22.50000       34.7694736389968     
   33.75000       34.9499391222639     
   45.00000       35.0293658219371     
   56.25000       34.9570577720746     
   67.50000       34.8038374324460     
   78.75000       34.5130361782115     
   90.00000       34.1443128532872     
   101.2500       33.6774001598797     
   112.5000       33.2787745827793     
   123.7500       32.8712455098718     
   135.0000       32.4973074930397     
   146.2500       32.2600604097445     
   157.5000       32.0239125536622     
   168.7500       31.9124370390086     
   180.0000       31.8372693612745     
   191.2500       31.8385949152725     
   202.5000       31.8737431199377     
   213.7500       31.9177097053732     
   225.0000       31.9927441512517     
   236.2500       32.0525883048319     
   247.5000       32.0737039262708     
   258.7500       32.1144454444271     
   270.0000       32.1580545792167     
   281.2500       32.2334687827710     
   292.5000       32.3493561438234     
   303.7500       32.5172907474916     
   315.0000       32.7539250448666     
   326.2500       33.0588057109650     
   337.5000       33.4049388194308     
   348.7500       33.7792031585443     
   360.0000       34.1570204886375     
