  0.0000000E+00   6.43765337593900     
   11.25000       6.53849422314069     
   22.50000       6.60530392973573     
   33.75000       6.65092063527183     
   45.00000       6.66543697741971     
   56.25000       6.63298581793897     
   67.50000       6.56653793630707     
   78.75000       6.44623876920492     
   90.00000       6.30506512841396     
   101.2500       6.12283738783519     
   112.5000       5.94662043246468     
   123.7500       5.75360104951874     
   135.0000       5.59170506957809     
   146.2500       5.43168976551493     
   157.5000       5.31810049376648     
   168.7500       5.21821512039038     
   180.0000       5.17347494745896     
   191.2500       5.14290387775433     
   202.5000       5.16403862484674     
   213.7500       5.19063031923495     
   225.0000       5.25320332625591     
   236.2500       5.32088749488543     
   247.5000       5.41168761466458     
   258.7500       5.50069626910630     
   270.0000       5.60134481468520     
   281.2500       5.69695367927209     
   292.5000       5.80100096754292     
   303.7500       5.90327139460162     
   315.0000       6.00759932022596     
   326.2500       6.11735004647591     
   337.5000       6.22371813474112     
   348.7500       6.33995643743315     
   360.0000       6.43765337593900     
