  0.0000000E+00  0.240187317132950     
   11.25000      0.240455180406570     
   22.50000      0.241121366620064     
   33.75000      0.242189854383469     
   45.00000      0.243450284004211     
   56.25000      0.245089203119278     
   67.50000      0.246661454439163     
   78.75000      0.248450547456741     
   90.00000      0.250268250703812     
   101.2500      0.252015411853790     
   112.5000      0.253658771514893     
   123.7500      0.255012631416321     
   135.0000      0.256061583757401     
   146.2500      0.256759047508240     
   157.5000      0.257018864154816     
   168.7500      0.256959408521652     
   180.0000      0.256479471921921     
   191.2500      0.255921781063080     
   202.5000      0.254943728446960     
   213.7500      0.253703325986862     
   225.0000      0.252277225255966     
   236.2500      0.250633090734482     
   247.5000      0.249106466770172     
   258.7500      0.247551992535591     
   270.0000      0.246030598878860     
   281.2500      0.244631186127663     
   292.5000      0.243394061923027     
   303.7500      0.242249995470047     
   315.0000      0.241374507546425     
   326.2500      0.240627616643906     
   337.5000      0.240225434303284     
   348.7500      0.239977598190308     
   360.0000      0.240187317132950     
