  0.0000000E+00  0.244671672582626     
   11.25000      0.245182037353516     
   22.50000      0.245918869972229     
   33.75000      0.246859878301620     
   45.00000      0.248062029480934     
   56.25000      0.249307006597519     
   67.50000      0.250759363174438     
   78.75000      0.252278804779053     
   90.00000      0.253751844167709     
   101.2500      0.255056053400040     
   112.5000      0.256068021059036     
   123.7500      0.256689518690109     
   135.0000      0.256816595792770     
   146.2500      0.256494611501694     
   157.5000      0.255687326192856     
   168.7500      0.254392147064209     
   180.0000      0.253093987703323     
   191.2500      0.251664549112320     
   202.5000      0.250013560056686     
   213.7500      0.248529970645905     
   225.0000      0.247044712305069     
   236.2500      0.245846301317215     
   247.5000      0.245082616806030     
   258.7500      0.244491100311279     
   270.0000      0.244105860590935     
   281.2500      0.243886455893517     
   292.5000      0.243793785572052     
   303.7500      0.243790954351425     
   315.0000      0.243837431073189     
   326.2500      0.243960052728653     
   337.5000      0.244119137525558     
   348.7500      0.244389966130257     
   360.0000      0.244671672582626     
