  0.0000000E+00  0.300876408815384     
   11.25000      0.300806760787964     
   22.50000      0.300968855619431     
   33.75000      0.301349192857742     
   45.00000      0.301905959844589     
   56.25000      0.302721261978149     
   67.50000      0.303537398576736     
   78.75000      0.304541617631912     
   90.00000      0.305598586797714     
   101.2500      0.306628495454788     
   112.5000      0.307614594697952     
   123.7500      0.308399051427841     
   135.0000      0.309037327766418     
   146.2500      0.309409111738205     
   157.5000      0.309577703475952     
   168.7500      0.309511721134186     
   180.0000      0.309275597333908     
   191.2500      0.308871477842331     
   202.5000      0.308346509933472     
   213.7500      0.307688891887665     
   225.0000      0.307023853063583     
   236.2500      0.306289196014404     
   247.5000      0.305628001689911     
   258.7500      0.304947763681412     
   270.0000      0.304393082857132     
   281.2500      0.303795963525772     
   292.5000      0.303213924169540     
   303.7500      0.302748739719391     
   315.0000      0.302265614271164     
   326.2500      0.301824629306793     
   337.5000      0.301482349634171     
   348.7500      0.301080584526062     
   360.0000      0.300876408815384     
