  0.0000000E+00  0.268096178770065     
   11.25000      0.267935603857040     
   22.50000      0.268137335777283     
   33.75000      0.268536239862442     
   45.00000      0.269322574138641     
   56.25000      0.270296484231949     
   67.50000      0.271473199129105     
   78.75000      0.272885501384735     
   90.00000      0.274434924125671     
   101.2500      0.275997400283813     
   112.5000      0.277545094490051     
   123.7500      0.278870195150375     
   135.0000      0.279998958110809     
   146.2500      0.280766278505325     
   157.5000      0.281186252832413     
   168.7500      0.281310617923737     
   180.0000      0.280965507030487     
   191.2500      0.280549108982086     
   202.5000      0.279833763837814     
   213.7500      0.278892129659653     
   225.0000      0.277881026268005     
   236.2500      0.276761829853058     
   247.5000      0.275710850954056     
   258.7500      0.274590939283371     
   270.0000      0.273726791143417     
   281.2500      0.272788196802139     
   292.5000      0.271874338388443     
   303.7500      0.271139800548553     
   315.0000      0.270259737968445     
   326.2500      0.269630759954453     
   337.5000      0.269010812044144     
   348.7500      0.268418639898300     
   360.0000      0.268096178770065     
