  0.0000000E+00  0.292248457670212     
   11.25000      0.292008787393570     
   22.50000      0.292016446590424     
   33.75000      0.292230814695358     
   45.00000      0.292606681585312     
   56.25000      0.293173670768738     
   67.50000      0.293898105621338     
   78.75000      0.294734060764313     
   90.00000      0.295650720596313     
   101.2500      0.296631187200546     
   112.5000      0.297604829072952     
   123.7500      0.298538744449615     
   135.0000      0.299405723810196     
   146.2500      0.300092488527298     
   157.5000      0.300681561231613     
   168.7500      0.301026761531830     
   180.0000      0.301218986511230     
   191.2500      0.301221102476120     
   202.5000      0.301017731428146     
   213.7500      0.300750255584717     
   225.0000      0.300299227237701     
   236.2500      0.299736946821213     
   247.5000      0.299101918935776     
   258.7500      0.298380464315414     
   270.0000      0.297620177268982     
   281.2500      0.296813547611237     
   292.5000      0.296008259057999     
   303.7500      0.295255541801453     
   315.0000      0.294455140829086     
   326.2500      0.293759256601334     
   337.5000      0.293146133422852     
   348.7500      0.292597562074661     
   360.0000      0.292248457670212     
