  0.0000000E+00  0.251923531293869     
   11.25000      0.251727044582367     
   22.50000      0.251773566007614     
   33.75000      0.252047866582870     
   45.00000      0.252548456192017     
   56.25000      0.253235071897507     
   67.50000      0.254186451435089     
   78.75000      0.255373537540436     
   90.00000      0.256688863039017     
   101.2500      0.258025318384171     
   112.5000      0.259312450885773     
   123.7500      0.260327249765396     
   135.0000      0.261112660169601     
   146.2500      0.261431008577347     
   157.5000      0.261507064104080     
   168.7500      0.261147111654282     
   180.0000      0.260619938373566     
   191.2500      0.259908914566040     
   202.5000      0.259151756763458     
   213.7500      0.258250981569290     
   225.0000      0.257462114095688     
   236.2500      0.256642550230026     
   247.5000      0.256036043167114     
   258.7500      0.255540400743484     
   270.0000      0.255237638950348     
   281.2500      0.254919946193695     
   292.5000      0.254601508378983     
   303.7500      0.254182606935501     
   315.0000      0.253773450851440     
   326.2500      0.253246009349823     
   337.5000      0.252816110849380     
   348.7500      0.252282261848450     
   360.0000      0.251923531293869     
