  0.0000000E+00  0.289332568645477     
   11.25000      0.289308458566666     
   22.50000      0.289409667253494     
   33.75000      0.289890915155411     
   45.00000      0.290504992008209     
   56.25000      0.291465371847153     
   67.50000      0.292651295661926     
   78.75000      0.294075280427933     
   90.00000      0.295571386814117     
   101.2500      0.297148466110229     
   112.5000      0.298583745956421     
   123.7500      0.299872696399689     
   135.0000      0.300856739282608     
   146.2500      0.301517277956009     
   157.5000      0.301834195852280     
   168.7500      0.301801502704620     
   180.0000      0.301453143358231     
   191.2500      0.300791829824448     
   202.5000      0.299998462200165     
   213.7500      0.299076288938522     
   225.0000      0.298049867153168     
   236.2500      0.297013908624649     
   247.5000      0.296029418706894     
   258.7500      0.295046508312225     
   270.0000      0.294197201728821     
   281.2500      0.293331861495972     
   292.5000      0.292584389448166     
   303.7500      0.291838973760605     
   315.0000      0.291197776794434     
   326.2500      0.290554970502853     
   337.5000      0.290040701627731     
   348.7500      0.289606273174286     
   360.0000      0.289332568645477     
