  0.0000000E+00  0.319533467292786     
   11.25000      0.319459557533264     
   22.50000      0.319405078887939     
   33.75000      0.319489628076553     
   45.00000      0.319672882556915     
   56.25000      0.319995641708374     
   67.50000      0.320422798395157     
   78.75000      0.320995211601257     
   90.00000      0.321650564670563     
   101.2500      0.322362154722214     
   112.5000      0.323094010353088     
   123.7500      0.323728621006012     
   135.0000      0.324336141347885     
   146.2500      0.324741482734680     
   157.5000      0.325049787759781     
   168.7500      0.325137048959732     
   180.0000      0.325057417154312     
   191.2500      0.324859261512756     
   202.5000      0.324452698230743     
   213.7500      0.324055284261703     
   225.0000      0.323559969663620     
   236.2500      0.323080867528915     
   247.5000      0.322552859783173     
   258.7500      0.322122395038605     
   270.0000      0.321680456399918     
   281.2500      0.321362614631653     
   292.5000      0.321016848087311     
   303.7500      0.320759177207947     
   315.0000      0.320449441671371     
   326.2500      0.320208817720413     
   337.5000      0.319921016693115     
   348.7500      0.319728136062622     
   360.0000      0.319533467292786     
