  0.0000000E+00  0.242983117699623     
   11.25000      0.242654860019684     
   22.50000      0.242668896913528     
   33.75000      0.243109643459320     
   45.00000      0.243854224681854     
   56.25000      0.244974166154861     
   67.50000      0.246352434158325     
   78.75000      0.247863799333572     
   90.00000      0.249580129981041     
   101.2500      0.251400768756866     
   112.5000      0.253081589937210     
   123.7500      0.254574149847031     
   135.0000      0.255678206682205     
   146.2500      0.256428033113480     
   157.5000      0.256755739450455     
   168.7500      0.256666302680969     
   180.0000      0.256475031375885     
   191.2500      0.255913645029068     
   202.5000      0.255218148231506     
   213.7500      0.254275172948837     
   225.0000      0.253391355276108     
   236.2500      0.252306610345840     
   247.5000      0.251519083976746     
   258.7500      0.250590682029724     
   270.0000      0.249719366431236     
   281.2500      0.248776987195015     
   292.5000      0.247860923409462     
   303.7500      0.246843039989471     
   315.0000      0.245897740125656     
   326.2500      0.244934469461441     
   337.5000      0.244118675589561     
   348.7500      0.243404507637024     
   360.0000      0.242983117699623     
