  0.0000000E+00  0.297900229692459     
   11.25000      0.297717839479446     
   22.50000      0.297578722238541     
   33.75000      0.297549456357956     
   45.00000      0.297618240118027     
   56.25000      0.297817200422287     
   67.50000      0.298158705234528     
   78.75000      0.298634201288223     
   90.00000      0.299211204051971     
   101.2500      0.299871981143951     
   112.5000      0.300561755895615     
   123.7500      0.301207840442657     
   135.0000      0.301796138286591     
   146.2500      0.302270084619522     
   157.5000      0.302643924951553     
   168.7500      0.302863270044327     
   180.0000      0.302916437387466     
   191.2500      0.302847981452942     
   202.5000      0.302665740251541     
   213.7500      0.302363216876984     
   225.0000      0.302052348852158     
   236.2500      0.301659733057022     
   247.5000      0.301240622997284     
   258.7500      0.300851881504059     
   270.0000      0.300464332103729     
   281.2500      0.300088316202164     
   292.5000      0.299741744995117     
   303.7500      0.299373775720596     
   315.0000      0.299072474241257     
   326.2500      0.298709094524384     
   337.5000      0.298412263393402     
   348.7500      0.298136472702026     
   360.0000      0.297900229692459     
