  0.0000000E+00  0.295373022556305     
   11.25000      0.295278578996658     
   22.50000      0.295327842235565     
   33.75000      0.295541435480118     
   45.00000      0.295874983072281     
   56.25000      0.296378940343857     
   67.50000      0.297062069177628     
   78.75000      0.297817051410675     
   90.00000      0.298701673746109     
   101.2500      0.299640059471130     
   112.5000      0.300631940364838     
   123.7500      0.301556617021561     
   135.0000      0.302338033914566     
   146.2500      0.303012639284134     
   157.5000      0.303518503904343     
   168.7500      0.303826481103897     
   180.0000      0.303914278745651     
   191.2500      0.303773611783981     
   202.5000      0.303452312946320     
   213.7500      0.302964568138123     
   225.0000      0.302331954240799     
   236.2500      0.301612198352814     
   247.5000      0.300816744565964     
   258.7500      0.300001204013824     
   270.0000      0.299206286668777     
   281.2500      0.298455268144608     
   292.5000      0.297725647687912     
   303.7500      0.297141104936600     
   315.0000      0.296624124050140     
   326.2500      0.296152770519257     
   337.5000      0.295810312032700     
   348.7500      0.295540153980255     
   360.0000      0.295373022556305     
