  0.0000000E+00  0.240521252155304     
   11.25000      0.240594342350960     
   22.50000      0.241022825241089     
   33.75000      0.241894438862801     
   45.00000      0.243005305528641     
   56.25000      0.244543507695198     
   67.50000      0.246092364192009     
   78.75000      0.247893080115318     
   90.00000      0.249788373708725     
   101.2500      0.251604169607162     
   112.5000      0.253261238336563     
   123.7500      0.254669964313507     
   135.0000      0.255697280168533     
   146.2500      0.256418794393539     
   157.5000      0.256694108247757     
   168.7500      0.256701588630676     
   180.0000      0.256280094385147     
   191.2500      0.255759656429291     
   202.5000      0.254970818758011     
   213.7500      0.253925412893295     
   225.0000      0.252780318260193     
   236.2500      0.251373380422592     
   247.5000      0.250132381916046     
   258.7500      0.248783260583878     
   270.0000      0.247450083494186     
   281.2500      0.246107846498489     
   292.5000      0.244895845651627     
   303.7500      0.243690147995949     
   315.0000      0.242674171924591     
   326.2500      0.241725936532021     
   337.5000      0.241090357303619     
   348.7500      0.240592509508133     
   360.0000      0.240521252155304     
