  0.0000000E+00  0.257307022809982     
   11.25000      0.257474958896637     
   22.50000      0.257814794778824     
   33.75000      0.258260935544968     
   45.00000      0.258999079465866     
   56.25000      0.259957909584045     
   67.50000      0.261208117008209     
   78.75000      0.262501567602158     
   90.00000      0.263949006795883     
   101.2500      0.265377253293991     
   112.5000      0.266563534736633     
   123.7500      0.267571538686752     
   135.0000      0.268325895071030     
   146.2500      0.268690526485443     
   157.5000      0.268783986568451     
   168.7500      0.268437802791595     
   180.0000      0.267885446548462     
   191.2500      0.267000079154968     
   202.5000      0.265966087579727     
   213.7500      0.264951437711716     
   225.0000      0.263879507780075     
   236.2500      0.262817442417145     
   247.5000      0.261847645044327     
   258.7500      0.260999858379364     
   270.0000      0.260274618864059     
   281.2500      0.259702175855637     
   292.5000      0.259179741144180     
   303.7500      0.258726537227631     
   315.0000      0.258281797170639     
   326.2500      0.257912665605545     
   337.5000      0.257562100887299     
   348.7500      0.257397830486298     
   360.0000      0.257307022809982     
