  0.0000000E+00  0.264267683029175     
   11.25000      0.264385104179382     
   22.50000      0.264660179615021     
   33.75000      0.265283554792404     
   45.00000      0.266143530607224     
   56.25000      0.267199397087097     
   67.50000      0.268549323081970     
   78.75000      0.270083993673325     
   90.00000      0.271708756685257     
   101.2500      0.273351341485977     
   112.5000      0.274828463792801     
   123.7500      0.276117175817490     
   135.0000      0.277043938636780     
   146.2500      0.277603864669800     
   157.5000      0.277806460857391     
   168.7500      0.277582377195358     
   180.0000      0.277150720357895     
   191.2500      0.276324063539505     
   202.5000      0.275486797094345     
   213.7500      0.274467587471008     
   225.0000      0.273348182439804     
   236.2500      0.272226780653000     
   247.5000      0.271108925342560     
   258.7500      0.270063817501068     
   270.0000      0.269152820110321     
   281.2500      0.268273383378983     
   292.5000      0.267536342144012     
   303.7500      0.266789108514786     
   315.0000      0.266156494617462     
   326.2500      0.265409350395203     
   337.5000      0.264847099781036     
   348.7500      0.264508068561554     
   360.0000      0.264267683029175     
