  0.0000000E+00  0.299063533544540     
   11.25000      0.298824816942215     
   22.50000      0.298827350139618     
   33.75000      0.298936843872070     
   45.00000      0.299331843852997     
   56.25000      0.299817085266113     
   67.50000      0.300496488809586     
   78.75000      0.301333874464035     
   90.00000      0.302307009696960     
   101.2500      0.303357094526291     
   112.5000      0.304352551698685     
   123.7500      0.305333942174911     
   135.0000      0.306089192628860     
   146.2500      0.306691646575928     
   157.5000      0.307063370943069     
   168.7500      0.307162821292877     
   180.0000      0.307103723287582     
   191.2500      0.306847780942917     
   202.5000      0.306369036436081     
   213.7500      0.305827856063843     
   225.0000      0.305116325616837     
   236.2500      0.304464936256409     
   247.5000      0.303781151771545     
   258.7500      0.303168356418610     
   270.0000      0.302673727273941     
   281.2500      0.302193790674210     
   292.5000      0.301728397607803     
   303.7500      0.301184237003326     
   315.0000      0.300805807113647     
   326.2500      0.300264716148376     
   337.5000      0.299806475639343     
   348.7500      0.299353539943695     
   360.0000      0.299063533544540     
