  0.0000000E+00  0.257916778326035     
   11.25000      0.258071362972260     
   22.50000      0.258485019207001     
   33.75000      0.258933544158936     
   45.00000      0.259705066680908     
   56.25000      0.260657876729965     
   67.50000      0.261906176805496     
   78.75000      0.263236433267593     
   90.00000      0.264645934104919     
   101.2500      0.266106009483337     
   112.5000      0.267339527606964     
   123.7500      0.268345922231674     
   135.0000      0.269114822149277     
   146.2500      0.269467979669571     
   157.5000      0.269564747810364     
   168.7500      0.269238620996475     
   180.0000      0.268682897090912     
   191.2500      0.267843335866928     
   202.5000      0.266773730516434     
   213.7500      0.265781253576279     
   225.0000      0.264695346355438     
   236.2500      0.263623744249344     
   247.5000      0.262629628181458     
   258.7500      0.261757820844650     
   270.0000      0.260988384485245     
   281.2500      0.260367810726166     
   292.5000      0.259810477495193     
   303.7500      0.259333878755569     
   315.0000      0.258869886398315     
   326.2500      0.258502155542374     
   337.5000      0.258148640394211     
   348.7500      0.257982134819031     
   360.0000      0.257916778326035     
