  0.0000000E+00  0.295020937919617     
   11.25000      0.294984519481659     
   22.50000      0.295108497142792     
   33.75000      0.295363843441010     
   45.00000      0.295841872692108     
   56.25000      0.296453148126602     
   67.50000      0.297202050685883     
   78.75000      0.298136532306671     
   90.00000      0.299123823642731     
   101.2500      0.300076991319656     
   112.5000      0.301033049821854     
   123.7500      0.301852285861969     
   135.0000      0.302596777677536     
   146.2500      0.303089112043381     
   157.5000      0.303392499685287     
   168.7500      0.303493529558182     
   180.0000      0.303365588188171     
   191.2500      0.303061544895172     
   202.5000      0.302569001913071     
   213.7500      0.301932305097580     
   225.0000      0.301216900348663     
   236.2500      0.300435692071915     
   247.5000      0.299672037363052     
   258.7500      0.298955768346786     
   270.0000      0.298309236764908     
   281.2500      0.297709047794342     
   292.5000      0.297186613082886     
   303.7500      0.296670258045197     
   315.0000      0.296205818653107     
   326.2500      0.295861721038818     
   337.5000      0.295495748519897     
   348.7500      0.295212656259537     
   360.0000      0.295020937919617     
