  0.0000000E+00  0.260272264480591     
   11.25000      0.260366648435593     
   22.50000      0.260875672101974     
   33.75000      0.261423230171204     
   45.00000      0.262265741825104     
   56.25000      0.263384133577347     
   67.50000      0.264638632535934     
   78.75000      0.266057550907135     
   90.00000      0.267549037933350     
   101.2500      0.268946796655655     
   112.5000      0.270280689001083     
   123.7500      0.271342009305954     
   135.0000      0.272142320871353     
   146.2500      0.272562831640244     
   157.5000      0.272611469030380     
   168.7500      0.272379994392395     
   180.0000      0.271755516529083     
   191.2500      0.271017134189606     
   202.5000      0.269995540380478     
   213.7500      0.269010692834854     
   225.0000      0.267907470464706     
   236.2500      0.266822397708893     
   247.5000      0.265768975019455     
   258.7500      0.264828622341156     
   270.0000      0.263984322547913     
   281.2500      0.263241231441498     
   292.5000      0.262533128261566     
   303.7500      0.261941224336624     
   315.0000      0.261366337537766     
   326.2500      0.260881632566452     
   337.5000      0.260520428419113     
   348.7500      0.260248810052872     
   360.0000      0.260272264480591     
