  0.0000000E+00  0.322186559438705     
   11.25000      0.321965187788010     
   22.50000      0.321932822465897     
   33.75000      0.322008043527603     
   45.00000      0.322264939546585     
   56.25000      0.322732597589493     
   67.50000      0.323343545198441     
   78.75000      0.324138253927231     
   90.00000      0.325010955333710     
   101.2500      0.325988322496414     
   112.5000      0.326905667781830     
   123.7500      0.327812224626541     
   135.0000      0.328518509864807     
   146.2500      0.329137980937958     
   157.5000      0.329487770795822     
   168.7500      0.329712599515915     
   180.0000      0.329630076885223     
   191.2500      0.329446613788605     
   202.5000      0.328996777534485     
   213.7500      0.328548133373260     
   225.0000      0.327963083982468     
   236.2500      0.327379256486893     
   247.5000      0.326734572649002     
   258.7500      0.326158404350281     
   270.0000      0.325560867786407     
   281.2500      0.325059860944748     
   292.5000      0.324543148279190     
   303.7500      0.324081599712372     
   315.0000      0.323627769947052     
   326.2500      0.323180526494980     
   337.5000      0.322820782661438     
   348.7500      0.322418063879013     
   360.0000      0.322186559438705     
