  0.0000000E+00  0.279713511466980     
   11.25000      0.279873639345169     
   22.50000      0.280063718557358     
   33.75000      0.280445754528046     
   45.00000      0.281108945608139     
   56.25000      0.281911343336105     
   67.50000      0.282883077859879     
   78.75000      0.284015685319901     
   90.00000      0.285158872604370     
   101.2500      0.286279320716858     
   112.5000      0.287303388118744     
   123.7500      0.288215249776840     
   135.0000      0.288876533508301     
   146.2500      0.289262384176254     
   157.5000      0.289475589990616     
   168.7500      0.289386183023453     
   180.0000      0.289079576730728     
   191.2500      0.288602679967880     
   202.5000      0.287997305393219     
   213.7500      0.287192344665527     
   225.0000      0.286437422037125     
   236.2500      0.285706818103790     
   247.5000      0.284840494394302     
   258.7500      0.284093916416168     
   270.0000      0.283348619937897     
   281.2500      0.282671511173248     
   292.5000      0.282080382108688     
   303.7500      0.281442761421204     
   315.0000      0.280963927507401     
   326.2500      0.280451387166977     
   337.5000      0.280088931322098     
   348.7500      0.279852122068405     
   360.0000      0.279713511466980     
