  0.0000000E+00  0.298011183738708     
   11.25000      0.298098742961884     
   22.50000      0.298248440027237     
   33.75000      0.298495650291443     
   45.00000      0.298817962408066     
   56.25000      0.299204021692276     
   67.50000      0.299655705690384     
   78.75000      0.300122648477554     
   90.00000      0.300613224506378     
   101.2500      0.301089346408844     
   112.5000      0.301542699337006     
   123.7500      0.301970601081848     
   135.0000      0.302343219518661     
   146.2500      0.302667558193207     
   157.5000      0.302918761968613     
   168.7500      0.303035676479340     
   180.0000      0.303036659955978     
   191.2500      0.302940934896469     
   202.5000      0.302716135978699     
   213.7500      0.302406787872314     
   225.0000      0.302014797925949     
   236.2500      0.301537454128265     
   247.5000      0.301064521074295     
   258.7500      0.300542861223221     
   270.0000      0.300077348947525     
   281.2500      0.299597591161728     
   292.5000      0.299172431230545     
   303.7500      0.298824012279510     
   315.0000      0.298507809638977     
   326.2500      0.298275977373123     
   337.5000      0.298096597194672     
   348.7500      0.298032343387604     
   360.0000      0.298011183738708     
