  0.0000000E+00  0.244701996445656     
   11.25000      0.245041757822037     
   22.50000      0.245559632778168     
   33.75000      0.246225073933601     
   45.00000      0.247003301978111     
   56.25000      0.247811362147331     
   67.50000      0.248616501688957     
   78.75000      0.249436914920807     
   90.00000      0.250162541866302     
   101.2500      0.250706195831299     
   112.5000      0.251001238822937     
   123.7500      0.251005053520203     
   135.0000      0.250718057155609     
   146.2500      0.250165849924088     
   157.5000      0.249419003725052     
   168.7500      0.248704880475998     
   180.0000      0.247828155755997     
   191.2500      0.246944800019264     
   202.5000      0.246124610304832     
   213.7500      0.245437502861023     
   225.0000      0.244813188910484     
   236.2500      0.244573682546616     
   247.5000      0.244378253817558     
   258.7500      0.244277939200401     
   270.0000      0.244259640574455     
   281.2500      0.244292989373207     
   292.5000      0.244342923164368     
   303.7500      0.244378834962845     
   315.0000      0.244396835565567     
   326.2500      0.244415014982224     
   337.5000      0.244463995099068     
   348.7500      0.244589924812317     
   360.0000      0.244701996445656     
