  0.0000000E+00  0.318380147218704     
   11.25000      0.318165898323059     
   22.50000      0.317964285612106     
   33.75000      0.317924737930298     
   45.00000      0.318057954311371     
   56.25000      0.318387746810913     
   67.50000      0.318875014781952     
   78.75000      0.319519877433777     
   90.00000      0.320251077413559     
   101.2500      0.321064144372940     
   112.5000      0.321857780218124     
   123.7500      0.322616338729858     
   135.0000      0.323250204324722     
   146.2500      0.323719382286072     
   157.5000      0.324058860540390     
   168.7500      0.324154943227768     
   180.0000      0.324167758226395     
   191.2500      0.323939204216003     
   202.5000      0.323677808046341     
   213.7500      0.323291659355164     
   225.0000      0.322885662317276     
   236.2500      0.322485953569412     
   247.5000      0.322075545787811     
   258.7500      0.321716815233231     
   270.0000      0.321330189704895     
   281.2500      0.321008861064911     
   292.5000      0.320621192455292     
   303.7500      0.320298910140991     
   315.0000      0.319878935813904     
   326.2500      0.319528579711914     
   337.5000      0.319095581769943     
   348.7500      0.318756401538849     
   360.0000      0.318380147218704     
