  0.0000000E+00  0.243816286325455     
   11.25000      0.243449404835701     
   22.50000      0.243394330143929     
   33.75000      0.243740022182465     
   45.00000      0.244412675499916     
   56.25000      0.245430454611778     
   67.50000      0.246740788221359     
   78.75000      0.248173713684082     
   90.00000      0.249812394380569     
   101.2500      0.251564413309097     
   112.5000      0.253208428621292     
   123.7500      0.254677265882492     
   135.0000      0.255789726972580     
   146.2500      0.256529748439789     
   157.5000      0.256899744272232     
   168.7500      0.256786823272705     
   180.0000      0.256633043289185     
   191.2500      0.256066739559174     
   202.5000      0.255388319492340     
   213.7500      0.254454016685486     
   225.0000      0.253596186637878     
   236.2500      0.252535104751587     
   247.5000      0.251798927783966     
   258.7500      0.250950098037720     
   270.0000      0.250160694122314     
   281.2500      0.249310508370399     
   292.5000      0.248494401574135     
   303.7500      0.247569993138313     
   315.0000      0.246675595641136     
   326.2500      0.245765909552574     
   337.5000      0.244971588253975     
   348.7500      0.244254171848297     
   360.0000      0.243816286325455     
