  0.0000000E+00  0.321049034595490     
   11.25000      0.320920675992966     
   22.50000      0.321041464805603     
   33.75000      0.321210205554962     
   45.00000      0.321607589721680     
   56.25000      0.322176486253738     
   67.50000      0.322910100221634     
   78.75000      0.323780626058578     
   90.00000      0.324688374996185     
   101.2500      0.325649410486221     
   112.5000      0.326514840126038     
   123.7500      0.327333897352219     
   135.0000      0.327932268381119     
   146.2500      0.328404188156128     
   157.5000      0.328572541475296     
   168.7500      0.328638404607773     
   180.0000      0.328418970108032     
   191.2500      0.328144431114197     
   202.5000      0.327630013227463     
   213.7500      0.327147871255875     
   225.0000      0.326564013957977     
   236.2500      0.325998783111572     
   247.5000      0.325399994850159     
   258.7500      0.324871152639389     
   270.0000      0.324322164058685     
   281.2500      0.323851436376572     
   292.5000      0.323348790407181     
   303.7500      0.322929769754410     
   315.0000      0.322449177503586     
   326.2500      0.322043925523758     
   337.5000      0.321612209081650     
   348.7500      0.321288079023361     
   360.0000      0.321049034595490     
