  0.0000000E+00  0.297807037830353     
   11.25000      0.297921061515808     
   22.50000      0.298139125108719     
   33.75000      0.298431485891342     
   45.00000      0.298839330673218     
   56.25000      0.299315482378006     
   67.50000      0.299864113330841     
   78.75000      0.300444155931473     
   90.00000      0.301024347543716     
   101.2500      0.301580518484116     
   112.5000      0.302066832780838     
   123.7500      0.302482664585114     
   135.0000      0.302809029817581     
   146.2500      0.303030967712402     
   157.5000      0.303186476230621     
   168.7500      0.303253710269928     
   180.0000      0.303195595741272     
   191.2500      0.303028225898743     
   202.5000      0.302803218364716     
   213.7500      0.302463829517365     
   225.0000      0.302079856395721     
   236.2500      0.301596254110336     
   247.5000      0.301115572452545     
   258.7500      0.300585657358170     
   270.0000      0.300084382295609     
   281.2500      0.299615472555161     
   292.5000      0.299142092466354     
   303.7500      0.298741668462753     
   315.0000      0.298384904861450     
   326.2500      0.298122197389603     
   337.5000      0.297905385494232     
   348.7500      0.297811925411224     
   360.0000      0.297807037830353     
