  0.0000000E+00  0.325009077787399     
   11.25000      0.324760317802429     
   22.50000      0.324670702219009     
   33.75000      0.324687004089355     
   45.00000      0.324833720922470     
   56.25000      0.325174450874329     
   67.50000      0.325620979070663     
   78.75000      0.326214015483856     
   90.00000      0.326845616102219     
   101.2500      0.327562034130096     
   112.5000      0.328232318162918     
   123.7500      0.328919440507889     
   135.0000      0.329471737146378     
   146.2500      0.329968154430389     
   157.5000      0.330280601978302     
   168.7500      0.330513507127762     
   180.0000      0.330557614564896     
   191.2500      0.330538451671600     
   202.5000      0.330312430858612     
   213.7500      0.330095797777176     
   225.0000      0.329812258481979     
   236.2500      0.329453974962234     
   247.5000      0.329122483730316     
   258.7500      0.328716129064560     
   270.0000      0.328363299369812     
   281.2500      0.327937245368958     
   292.5000      0.327544778585434     
   303.7500      0.327103435993195     
   315.0000      0.326664298772812     
   326.2500      0.326185584068298     
   337.5000      0.325756222009659     
   348.7500      0.325329840183258     
   360.0000      0.325009077787399     
