  0.0000000E+00  0.292659938335419     
   11.25000      0.292480558156967     
   22.50000      0.292438238859177     
   33.75000      0.292751401662827     
   45.00000      0.293314218521118     
   56.25000      0.294079154729843     
   67.50000      0.295111536979675     
   78.75000      0.296325534582138     
   90.00000      0.297688663005829     
   101.2500      0.299084752798080     
   112.5000      0.300464570522308     
   123.7500      0.301706224679947     
   135.0000      0.302786499261856     
   146.2500      0.303561061620712     
   157.5000      0.304124444723129     
   168.7500      0.304297536611557     
   180.0000      0.304303556680679     
   191.2500      0.303944498300552     
   202.5000      0.303494960069656     
   213.7500      0.302829980850220     
   225.0000      0.302105784416199     
   236.2500      0.301281452178955     
   247.5000      0.300440549850464     
   258.7500      0.299553155899048     
   270.0000      0.298694431781769     
   281.2500      0.297835886478424     
   292.5000      0.296968877315521     
   303.7500      0.296178579330444     
   315.0000      0.295286923646927     
   326.2500      0.294534355401993     
   337.5000      0.293742090463638     
   348.7500      0.293162167072296     
   360.0000      0.292659938335419     
