  0.0000000E+00  0.247355446219444     
   11.25000      0.247031167149544     
   22.50000      0.246855109930038     
   33.75000      0.247039407491684     
   45.00000      0.247383370995522     
   56.25000      0.248026803135872     
   67.50000      0.249103084206581     
   78.75000      0.250395983457565     
   90.00000      0.251940190792084     
   101.2500      0.253550291061401     
   112.5000      0.255066365003586     
   123.7500      0.256411731243134     
   135.0000      0.257419794797897     
   146.2500      0.258041739463806     
   157.5000      0.258294492959976     
   168.7500      0.258105486631393     
   180.0000      0.257731467485428     
   191.2500      0.256925433874130     
   202.5000      0.256293118000031     
   213.7500      0.255402922630310     
   225.0000      0.254599839448929     
   236.2500      0.253758341073990     
   247.5000      0.253117054700851     
   258.7500      0.252421557903290     
   270.0000      0.252044558525085     
   281.2500      0.251604974269867     
   292.5000      0.251188457012177     
   303.7500      0.250622481107712     
   315.0000      0.250037670135498     
   326.2500      0.249338388442993     
   337.5000      0.248687639832497     
   348.7500      0.247935757040977     
   360.0000      0.247355446219444     
