  0.0000000E+00  0.295926928520203     
   11.25000      0.295754313468933     
   22.50000      0.295775830745697     
   33.75000      0.295917242765427     
   45.00000      0.296240180730820     
   56.25000      0.296685487031937     
   67.50000      0.297258406877518     
   78.75000      0.297928571701050     
   90.00000      0.298674374818802     
   101.2500      0.299495398998260     
   112.5000      0.300298124551773     
   123.7500      0.301059037446976     
   135.0000      0.301777690649033     
   146.2500      0.302419871091843     
   157.5000      0.302939236164093     
   168.7500      0.303303271532059     
   180.0000      0.303500592708588     
   191.2500      0.303554236888885     
   202.5000      0.303463846445084     
   213.7500      0.303209304809570     
   225.0000      0.302847862243652     
   236.2500      0.302345991134644     
   247.5000      0.301781952381134     
   258.7500      0.301191031932831     
   270.0000      0.300536185503006     
   281.2500      0.299834966659546     
   292.5000      0.299164980649948     
   303.7500      0.298467487096786     
   315.0000      0.297782748937607     
   326.2500      0.297162234783173     
   337.5000      0.296616256237030     
   348.7500      0.296212226152420     
   360.0000      0.295926928520203     
