  0.0000000E+00  0.281375467777252     
   11.25000      0.281346440315247     
   22.50000      0.281624168157578     
   33.75000      0.282042860984802     
   45.00000      0.282715618610382     
   56.25000      0.283632189035416     
   67.50000      0.284760922193527     
   78.75000      0.286062091588974     
   90.00000      0.287433028221130     
   101.2500      0.288771927356720     
   112.5000      0.290081828832626     
   123.7500      0.291195154190063     
   135.0000      0.292057693004608     
   146.2500      0.292631566524506     
   157.5000      0.292907297611237     
   168.7500      0.292861968278885     
   180.0000      0.292455583810806     
   191.2500      0.291967153549194     
   202.5000      0.291065871715546     
   213.7500      0.290217608213425     
   225.0000      0.289307683706284     
   236.2500      0.288291037082672     
   247.5000      0.287334710359573     
   258.7500      0.286359041929245     
   270.0000      0.285519510507584     
   281.2500      0.284750342369080     
   292.5000      0.284014910459518     
   303.7500      0.283406049013138     
   315.0000      0.282770931720734     
   326.2500      0.282279133796692     
   337.5000      0.281838893890381     
   348.7500      0.281504154205322     
   360.0000      0.281375467777252     
