  0.0000000E+00  0.299644112586975     
   11.25000      0.299438625574112     
   22.50000      0.299306541681290     
   33.75000      0.299305707216263     
   45.00000      0.299372255802155     
   56.25000      0.299596518278122     
   67.50000      0.299931794404984     
   78.75000      0.300361335277557     
   90.00000      0.300869315862656     
   101.2500      0.301441997289658     
   112.5000      0.302026569843292     
   123.7500      0.302560001611710     
   135.0000      0.303041726350784     
   146.2500      0.303451746702194     
   157.5000      0.303760766983032     
   168.7500      0.303936511278152     
   180.0000      0.304003626108170     
   191.2500      0.303961038589478     
   202.5000      0.303800135850906     
   213.7500      0.303570955991745     
   225.0000      0.303274840116501     
   236.2500      0.302951097488403     
   247.5000      0.302628010511398     
   258.7500      0.302288293838501     
   270.0000      0.301966279745102     
   281.2500      0.301631063222885     
   292.5000      0.301303774118423     
   303.7500      0.301021039485931     
   315.0000      0.300721079111099     
   326.2500      0.300438851118088     
   337.5000      0.300161391496658     
   348.7500      0.299875319004059     
   360.0000      0.299644112586975     
