  0.0000000E+00  0.287487030029297     
   11.25000      0.287188768386841     
   22.50000      0.286997079849243     
   33.75000      0.287095278501511     
   45.00000      0.287290155887604     
   56.25000      0.287823051214218     
   67.50000      0.288521736860275     
   78.75000      0.289326578378677     
   90.00000      0.290343821048737     
   101.2500      0.291384786367416     
   112.5000      0.292477488517761     
   123.7500      0.293530583381653     
   135.0000      0.294421315193176     
   146.2500      0.295167088508606     
   157.5000      0.295670092105865     
   168.7500      0.295899003744125     
   180.0000      0.296012729406357     
   191.2500      0.295884579420090     
   202.5000      0.295624017715454     
   213.7500      0.295204430818558     
   225.0000      0.294717401266098     
   236.2500      0.294162660837173     
   247.5000      0.293545216321945     
   258.7500      0.292920738458633     
   270.0000      0.292254924774170     
   281.2500      0.291666895151138     
   292.5000      0.291057020425797     
   303.7500      0.290456414222717     
   315.0000      0.289796888828278     
   326.2500      0.289103329181671     
   337.5000      0.288519829511642     
   348.7500      0.287937164306641     
   360.0000      0.287487030029297     
