  0.0000000E+00  0.241890043020248     
   11.25000      0.242115721106529     
   22.50000      0.242436155676842     
   33.75000      0.242832303047180     
   45.00000      0.243286818265915     
   56.25000      0.243778362870216     
   67.50000      0.244202837347984     
   78.75000      0.244648858904839     
   90.00000      0.245025470852852     
   101.2500      0.245285317301750     
   112.5000      0.245393589138985     
   123.7500      0.245331451296806     
   135.0000      0.245107516646385     
   146.2500      0.244749054312706     
   157.5000      0.244328826665878     
   168.7500      0.243863984942436     
   180.0000      0.243342936038971     
   191.2500      0.242845699191093     
   202.5000      0.242400586605072     
   213.7500      0.242029577493668     
   225.0000      0.241730138659477     
   236.2500      0.241656661033630     
   247.5000      0.241574108600616     
   258.7500      0.241554841399193     
   270.0000      0.241584733128548     
   281.2500      0.241638258099556     
   292.5000      0.241688400506973     
   303.7500      0.241718143224716     
   315.0000      0.241729065775871     
   326.2500      0.241735517978668     
   337.5000      0.241765081882477     
   348.7500      0.241838485002518     
   360.0000      0.241890043020248     
