  0.0000000E+00  0.250161945819855     
   11.25000      0.249925225973129     
   22.50000      0.249891832470894     
   33.75000      0.250103384256363     
   45.00000      0.250530898571014     
   56.25000      0.251134246587753     
   67.50000      0.252080440521240     
   78.75000      0.253286063671112     
   90.00000      0.254633396863937     
   101.2500      0.256070703268051     
   112.5000      0.257428288459778     
   123.7500      0.258556693792343     
   135.0000      0.259422779083252     
   146.2500      0.259855985641479     
   157.5000      0.260039597749710     
   168.7500      0.259748369455338     
   180.0000      0.259333938360214     
   191.2500      0.258565217256546     
   202.5000      0.257895052433014     
   213.7500      0.257022291421890     
   225.0000      0.256229460239410     
   236.2500      0.255399614572525     
   247.5000      0.254813313484192     
   258.7500      0.254217833280563     
   270.0000      0.253927350044250     
   281.2500      0.253553718328476     
   292.5000      0.253200978040695     
   303.7500      0.252766728401184     
   315.0000      0.252309530973434     
   326.2500      0.251734465360641     
   337.5000      0.251251578330994     
   348.7500      0.250639855861664     
   360.0000      0.250161945819855     
