  0.0000000E+00  0.295164912939072     
   11.25000      0.295247316360474     
   22.50000      0.295489758253098     
   33.75000      0.295849084854126     
   45.00000      0.296288192272186     
   56.25000      0.296868890523911     
   67.50000      0.297451615333557     
   78.75000      0.298080623149872     
   90.00000      0.298711776733398     
   101.2500      0.299349695444107     
   112.5000      0.299941748380661     
   123.7500      0.300451964139938     
   135.0000      0.300859808921814     
   146.2500      0.301133185625076     
   157.5000      0.301267653703690     
   168.7500      0.301358878612518     
   180.0000      0.301294028759003     
   191.2500      0.301124900579453     
   202.5000      0.300874322652817     
   213.7500      0.300479233264923     
   225.0000      0.300023734569550     
   236.2500      0.299480408430099     
   247.5000      0.298884183168411     
   258.7500      0.298314213752747     
   270.0000      0.297736138105392     
   281.2500      0.297201275825500     
   292.5000      0.296705037355423     
   303.7500      0.296256929636002     
   315.0000      0.295897275209427     
   326.2500      0.295549899339676     
   337.5000      0.295318961143494     
   348.7500      0.295171529054642     
   360.0000      0.295164912939072     
