  0.0000000E+00  0.320629268884659     
   11.25000      0.320619791746140     
   22.50000      0.320744216442108     
   33.75000      0.320967048406601     
   45.00000      0.321421295404434     
   56.25000      0.322001248598099     
   67.50000      0.322746187448502     
   78.75000      0.323571681976318     
   90.00000      0.324446052312851     
   101.2500      0.325348258018494     
   112.5000      0.326146632432938     
   123.7500      0.326879233121872     
   135.0000      0.327381581068039     
   146.2500      0.327770650386810     
   157.5000      0.327897340059280     
   168.7500      0.327939003705978     
   180.0000      0.327703356742859     
   191.2500      0.327434897422791     
   202.5000      0.326934933662415     
   213.7500      0.326483786106110     
   225.0000      0.325927615165710     
   236.2500      0.325391560792923     
   247.5000      0.324814885854721     
   258.7500      0.324292868375778     
   270.0000      0.323750376701355     
   281.2500      0.323284775018692     
   292.5000      0.322790980339050     
   303.7500      0.322358250617981     
   315.0000      0.321871787309647     
   326.2500      0.321486920118332     
   337.5000      0.321082502603531     
   348.7500      0.320831328630447     
   360.0000      0.320629268884659     
