  0.0000000E+00  0.279448240995407     
   11.25000      0.279568582773209     
   22.50000      0.279697895050049     
   33.75000      0.280070871114731     
   45.00000      0.280703276395798     
   56.25000      0.281449139118195     
   67.50000      0.282411456108093     
   78.75000      0.283495306968689     
   90.00000      0.284580051898956     
   101.2500      0.285678386688232     
   112.5000      0.286702632904053     
   123.7500      0.287600636482239     
   135.0000      0.288237661123276     
   146.2500      0.288670539855957     
   157.5000      0.288912653923035     
   168.7500      0.288833528757095     
   180.0000      0.288587301969528     
   191.2500      0.288159251213074     
   202.5000      0.287554889917374     
   213.7500      0.286790400743484     
   225.0000      0.286080777645111     
   236.2500      0.285327553749084     
   247.5000      0.284458130598068     
   258.7500      0.283749848604202     
   270.0000      0.283003211021423     
   281.2500      0.282360672950745     
   292.5000      0.281748950481415     
   303.7500      0.281137764453888     
   315.0000      0.280670225620270     
   326.2500      0.280149877071381     
   337.5000      0.279825329780579     
   348.7500      0.279561638832092     
   360.0000      0.279448240995407     
