  0.0000000E+00  0.288076996803284     
   11.25000      0.288008719682693     
   22.50000      0.288241237401962     
   33.75000      0.288784921169281     
   45.00000      0.289471238851547     
   56.25000      0.290460228919983     
   67.50000      0.291679501533508     
   78.75000      0.293093979358673     
   90.00000      0.294576853513718     
   101.2500      0.296090096235275     
   112.5000      0.297433197498322     
   123.7500      0.298626512289047     
   135.0000      0.299458771944046     
   146.2500      0.300020456314087     
   157.5000      0.300163865089417     
   168.7500      0.299986004829407     
   180.0000      0.299495398998260     
   191.2500      0.298783570528030     
   202.5000      0.297943443059921     
   213.7500      0.297060906887054     
   225.0000      0.296040534973145     
   236.2500      0.295082151889801     
   247.5000      0.294105380773544     
   258.7500      0.293224543333054     
   270.0000      0.292423874139786     
   281.2500      0.291675657033920     
   292.5000      0.291052937507629     
   303.7500      0.290380716323853     
   315.0000      0.289800047874451     
   326.2500      0.289188295602798     
   337.5000      0.288717001676559     
   348.7500      0.288282394409180     
   360.0000      0.288076996803284     
