  0.0000000E+00  0.273565471172333     
   11.25000      0.273290842771530     
   22.50000      0.273190736770630     
   33.75000      0.273416429758072     
   45.00000      0.273925721645355     
   56.25000      0.274650692939758     
   67.50000      0.275722056627274     
   78.75000      0.276840448379517     
   90.00000      0.278097003698349     
   101.2500      0.279479265213013     
   112.5000      0.280790954828262     
   123.7500      0.281988620758057     
   135.0000      0.283028990030289     
   146.2500      0.283709347248077     
   157.5000      0.284166961908340     
   168.7500      0.284420013427734     
   180.0000      0.284358829259872     
   191.2500      0.284005969762802     
   202.5000      0.283511996269226     
   213.7500      0.282899320125580     
   225.0000      0.282058119773865     
   236.2500      0.281337469816208     
   247.5000      0.280533730983734     
   258.7500      0.279723584651947     
   270.0000      0.279043674468994     
   281.2500      0.278235554695129     
   292.5000      0.277566790580750     
   303.7500      0.276752591133118     
   315.0000      0.276050597429276     
   326.2500      0.275327444076538     
   337.5000      0.274640113115311     
   348.7500      0.274146854877472     
   360.0000      0.273565471172333     
