  0.0000000E+00  0.295287132263184     
   11.25000      0.295334935188293     
   22.50000      0.295519322156906     
   33.75000      0.295753836631775     
   45.00000      0.296109855175018     
   56.25000      0.296554952859879     
   67.50000      0.297016292810440     
   78.75000      0.297546297311783     
   90.00000      0.298125773668289     
   101.2500      0.298734903335571     
   112.5000      0.299306005239487     
   123.7500      0.299829721450806     
   135.0000      0.300273686647415     
   146.2500      0.300630599260330     
   157.5000      0.300911128520966     
   168.7500      0.301080048084259     
   180.0000      0.301107734441757     
   191.2500      0.301031202077866     
   202.5000      0.300780057907104     
   213.7500      0.300392061471939     
   225.0000      0.299933314323425     
   236.2500      0.299368262290955     
   247.5000      0.298813939094543     
   258.7500      0.298256486654282     
   270.0000      0.297697573900223     
   281.2500      0.297203421592712     
   292.5000      0.296731352806091     
   303.7500      0.296326130628586     
   315.0000      0.295962959527969     
   326.2500      0.295646071434021     
   337.5000      0.295457839965820     
   348.7500      0.295309811830521     
   360.0000      0.295287132263184     
