  0.0000000E+00  0.274287849664688     
   11.25000      0.274007409811020     
   22.50000      0.273905426263809     
   33.75000      0.274071305990219     
   45.00000      0.274565845727921     
   56.25000      0.275244921445847     
   67.50000      0.276271611452103     
   78.75000      0.277404576539993     
   90.00000      0.278600841760635     
   101.2500      0.279931217432022     
   112.5000      0.281229287385941     
   123.7500      0.282377868890762     
   135.0000      0.283405125141144     
   146.2500      0.284104019403458     
   157.5000      0.284522354602814     
   168.7500      0.284766942262650     
   180.0000      0.284725487232208     
   191.2500      0.284387886524200     
   202.5000      0.283844232559204     
   213.7500      0.283266603946686     
   225.0000      0.282438993453979     
   236.2500      0.281663775444031     
   247.5000      0.280985713005066     
   258.7500      0.280165433883667     
   270.0000      0.279513180255890     
   281.2500      0.278748631477356     
   292.5000      0.278110563755035     
   303.7500      0.277359575033188     
   315.0000      0.276654005050659     
   326.2500      0.275989949703217     
   337.5000      0.275290340185165     
   348.7500      0.274845987558365     
   360.0000      0.274287849664688     
