  0.0000000E+00  0.244675636291504     
   11.25000      0.244297102093697     
   22.50000      0.244215697050095     
   33.75000      0.244481429457664     
   45.00000      0.245084449648857     
   56.25000      0.246010139584541     
   67.50000      0.247251808643341     
   78.75000      0.248611405491829     
   90.00000      0.250172555446625     
   101.2500      0.251842558383942     
   112.5000      0.253425538539886     
   123.7500      0.254847139120102     
   135.0000      0.255957841873169     
   146.2500      0.256672620773315     
   157.5000      0.257077157497406     
   168.7500      0.256958693265915     
   180.0000      0.256824374198914     
   191.2500      0.256259232759476     
   202.5000      0.255596071481705     
   213.7500      0.254669517278671     
   225.0000      0.253833889961243     
   236.2500      0.252817481756210     
   247.5000      0.252092540264130     
   258.7500      0.251300096511841     
   270.0000      0.250580817461014     
   281.2500      0.249809429049492     
   292.5000      0.249071836471558     
   303.7500      0.248244717717171     
   315.0000      0.247417688369751     
   326.2500      0.246563211083412     
   337.5000      0.245810657739639     
   348.7500      0.245110884308815     
   360.0000      0.244675636291504     
