  0.0000000E+00  0.283733934164047     
   11.25000      0.283633798360825     
   22.50000      0.283764749765396     
   33.75000      0.283990889787674     
   45.00000      0.284510374069214     
   56.25000      0.285274416208267     
   67.50000      0.286201745271683     
   78.75000      0.287338644266129     
   90.00000      0.288574814796448     
   101.2500      0.289814382791519     
   112.5000      0.291077166795731     
   123.7500      0.292119473218918     
   135.0000      0.292985975742340     
   146.2500      0.293488562107086     
   157.5000      0.293733626604080     
   168.7500      0.293667674064636     
   180.0000      0.293325543403625     
   191.2500      0.292800068855286     
   202.5000      0.292038589715958     
   213.7500      0.291342198848724     
   225.0000      0.290539205074310     
   236.2500      0.289720654487610     
   247.5000      0.288961619138718     
   258.7500      0.288242518901825     
   270.0000      0.287593245506287     
   281.2500      0.287025362253189     
   292.5000      0.286440789699554     
   303.7500      0.285965591669083     
   315.0000      0.285386443138123     
   326.2500      0.284926950931549     
   337.5000      0.284380078315735     
   348.7500      0.284020483493805     
   360.0000      0.283733934164047     
