  0.0000000E+00  0.243128493428230     
   11.25000      0.243685901165009     
   22.50000      0.244467973709106     
   33.75000      0.245450600981712     
   45.00000      0.246554866433144     
   56.25000      0.247918501496315     
   67.50000      0.249487906694412     
   78.75000      0.251180350780487     
   90.00000      0.252892464399338     
   101.2500      0.254505604505539     
   112.5000      0.255870848894119     
   123.7500      0.256895542144775     
   135.0000      0.257456094026566     
   146.2500      0.257471263408661     
   157.5000      0.257051467895508     
   168.7500      0.256056606769562     
   180.0000      0.254517972469330     
   191.2500      0.253120601177216     
   202.5000      0.251322388648987     
   213.7500      0.249476820230484     
   225.0000      0.247724801301956     
   236.2500      0.245961710810661     
   247.5000      0.244753152132034     
   258.7500      0.243760764598846     
   270.0000      0.243043020367622     
   281.2500      0.242572844028473     
   292.5000      0.242288649082184     
   303.7500      0.242169380187988     
   315.0000      0.242148354649544     
   326.2500      0.242261976003647     
   337.5000      0.242456585168839     
   348.7500      0.242786630988121     
   360.0000      0.243128493428230     
