  0.0000000E+00  0.280791848897934     
   11.25000      0.280822068452835     
   22.50000      0.281146079301834     
   33.75000      0.281580001115799     
   45.00000      0.282263547182083     
   56.25000      0.283205002546310     
   67.50000      0.284324109554291     
   78.75000      0.285568058490753     
   90.00000      0.286861568689346     
   101.2500      0.288169711828232     
   112.5000      0.289395213127136     
   123.7500      0.290376424789429     
   135.0000      0.291159033775330     
   146.2500      0.291651189327240     
   157.5000      0.291829735040665     
   168.7500      0.291696429252625     
   180.0000      0.291337907314301     
   191.2500      0.290759235620499     
   202.5000      0.289895087480545     
   213.7500      0.289167195558548     
   225.0000      0.288239121437073     
   236.2500      0.287284046411514     
   247.5000      0.286396920681000     
   258.7500      0.285514563322067     
   270.0000      0.284775078296661     
   281.2500      0.284012824296951     
   292.5000      0.283358752727509     
   303.7500      0.282747328281403     
   315.0000      0.282147079706192     
   326.2500      0.281685948371887     
   337.5000      0.281216174364090     
   348.7500      0.280945837497711     
   360.0000      0.280791848897934     
