  0.0000000E+00  0.272120922803879     
   11.25000      0.271880835294724     
   22.50000      0.271838665008545     
   33.75000      0.272165477275848     
   45.00000      0.272682815790176     
   56.25000      0.273526012897491     
   67.50000      0.274614751338959     
   78.75000      0.275784164667130     
   90.00000      0.277146011590958     
   101.2500      0.278590083122253     
   112.5000      0.279944390058517     
   123.7500      0.281228184700012     
   135.0000      0.282242417335510     
   146.2500      0.282981693744659     
   157.5000      0.283515125513077     
   168.7500      0.283637702465057     
   180.0000      0.283614695072174     
   191.2500      0.283289372920990     
   202.5000      0.282814651727676     
   213.7500      0.282088160514832     
   225.0000      0.281293898820877     
   236.2500      0.280489534139633     
   247.5000      0.279484868049622     
   258.7500      0.278771966695786     
   270.0000      0.277925252914429     
   281.2500      0.277066230773926     
   292.5000      0.276321560144424     
   303.7500      0.275437682867050     
   315.0000      0.274741530418396     
   326.2500      0.273914903402328     
   337.5000      0.273263156414032     
   348.7500      0.272648245096207     
   360.0000      0.272120922803879     
