  0.0000000E+00  0.281826078891754     
   11.25000      0.281703829765320     
   22.50000      0.281647682189941     
   33.75000      0.281824976205826     
   45.00000      0.282282590866089     
   56.25000      0.282975345849991     
   67.50000      0.283955663442612     
   78.75000      0.285155415534973     
   90.00000      0.286460846662521     
   101.2500      0.287886410951614     
   112.5000      0.289186686277390     
   123.7500      0.290292561054230     
   135.0000      0.291222304105759     
   146.2500      0.291780054569244     
   157.5000      0.292116910219193     
   168.7500      0.292051494121552     
   180.0000      0.291806936264038     
   191.2500      0.291279137134552     
   202.5000      0.290598839521408     
   213.7500      0.289845317602158     
   225.0000      0.289081662893295     
   236.2500      0.288277029991150     
   247.5000      0.287519514560699     
   258.7500      0.286822408437729     
   270.0000      0.286214470863342     
   281.2500      0.285638302564621     
   292.5000      0.285083562135696     
   303.7500      0.284519135951996     
   315.0000      0.283884555101395     
   326.2500      0.283323764801025     
   337.5000      0.282689452171326     
   348.7500      0.282270938158035     
   360.0000      0.281826078891754     
