  0.0000000E+00  0.295528888702393     
   11.25000      0.295462578535080     
   22.50000      0.295493155717850     
   33.75000      0.295682668685913     
   45.00000      0.296025335788727     
   56.25000      0.296469151973724     
   67.50000      0.297093302011490     
   78.75000      0.297817945480347     
   90.00000      0.298643976449966     
   101.2500      0.299504876136780     
   112.5000      0.300391465425491     
   123.7500      0.301302134990692     
   135.0000      0.302115350961685     
   146.2500      0.302791744470596     
   157.5000      0.303316950798035     
   168.7500      0.303673386573792     
   180.0000      0.303855508565903     
   191.2500      0.303833395242691     
   202.5000      0.303608953952789     
   213.7500      0.303224056959152     
   225.0000      0.302690386772156     
   236.2500      0.302040845155716     
   247.5000      0.301340341567993     
   258.7500      0.300593882799149     
   270.0000      0.299793899059296     
   281.2500      0.299043685197830     
   292.5000      0.298279702663422     
   303.7500      0.297560960054398     
   315.0000      0.296971797943115     
   326.2500      0.296447515487671     
   337.5000      0.296031743288040     
   348.7500      0.295727342367172     
   360.0000      0.295528888702393     
