  0.0000000E+00  0.298587143421173     
   11.25000      0.298407167196274     
   22.50000      0.298348456621170     
   33.75000      0.298409521579742     
   45.00000      0.298639386892319     
   56.25000      0.298962861299515     
   67.50000      0.299402147531509     
   78.75000      0.299971908330917     
   90.00000      0.300543069839478     
   101.2500      0.301183789968491     
   112.5000      0.301797479391098     
   123.7500      0.302401453256607     
   135.0000      0.302929610013962     
   146.2500      0.303376674652100     
   157.5000      0.303764253854752     
   168.7500      0.304031938314438     
   180.0000      0.304190784692764     
   191.2500      0.304252415895462     
   202.5000      0.304228395223618     
   213.7500      0.304090052843094     
   225.0000      0.303869962692261     
   236.2500      0.303568661212921     
   247.5000      0.303198009729385     
   258.7500      0.302807807922363     
   270.0000      0.302369683980942     
   281.2500      0.301899790763855     
   292.5000      0.301392018795013     
   303.7500      0.300842195749283     
   315.0000      0.300321459770203     
   326.2500      0.299790382385254     
   337.5000      0.299301892518997     
   348.7500      0.298909783363342     
   360.0000      0.298587143421173     
