  0.0000000E+00  0.300625085830688     
   11.25000      0.300551623106003     
   22.50000      0.300718754529953     
   33.75000      0.301063925027847     
   45.00000      0.301601558923721     
   56.25000      0.302348166704178     
   67.50000      0.303130626678467     
   78.75000      0.304101854562759     
   90.00000      0.305103629827499     
   101.2500      0.306117862462997     
   112.5000      0.307073235511780     
   123.7500      0.307850331068039     
   135.0000      0.308499813079834     
   146.2500      0.308884292840958     
   157.5000      0.309086591005325     
   168.7500      0.309036582708359     
   180.0000      0.308828502893448     
   191.2500      0.308479875326157     
   202.5000      0.307972639799118     
   213.7500      0.307349413633347     
   225.0000      0.306703448295593     
   236.2500      0.305981844663620     
   247.5000      0.305317759513855     
   258.7500      0.304614573717117     
   270.0000      0.304071426391602     
   281.2500      0.303446292877197     
   292.5000      0.302929550409317     
   303.7500      0.302490800619125     
   315.0000      0.302004277706146     
   326.2500      0.301596820354462     
   337.5000      0.301224142313004     
   348.7500      0.300824373960495     
   360.0000      0.300625085830688     
