  0.0000000E+00   46.0860973960763     
   11.25000       45.4787111561184     
   22.50000       44.7879476985310     
   33.75000       43.8566645389045     
   45.00000       43.0073437530210     
   56.25000       42.1525371919765     
   67.50000       41.3237956613776     
   78.75000       40.5772383216713     
   90.00000       39.9831421340993     
   101.2500       39.4810275648039     
   112.5000       39.1531728539653     
   123.7500       38.9439745697459     
   135.0000       38.7582227705610     
   146.2500       38.7408919036834     
   157.5000       38.6025608590365     
   168.7500       38.6422986591114     
   180.0000       38.6497689174702     
   191.2500       38.7807205010458     
   202.5000       38.9804101663064     
   213.7500       39.1645842248606     
   225.0000       39.5822969246033     
   236.2500       40.1242132329821     
   247.5000       40.8256056377679     
   258.7500       41.7225708713258     
   270.0000       42.5788514115335     
   281.2500       43.4825809353946     
   292.5000       44.3820588235470     
   303.7500       45.1892081482507     
   315.0000       45.8424546188042     
   326.2500       46.2712490428569     
   337.5000       46.4311368109201     
   348.7500       46.3601413958753     
   360.0000       46.0860973960763     
