  0.0000000E+00   68.1495901912156     
   11.25000       67.9736339869251     
   22.50000       67.6103884448498     
   33.75000       67.2324267151979     
   45.00000       66.7485282676167     
   56.25000       66.1793064037998     
   67.50000       65.6468799630174     
   78.75000       65.0794217483657     
   90.00000       64.5571070491011     
   101.2500       64.1082462635950     
   112.5000       63.6564475111117     
   123.7500       63.3244408862053     
   135.0000       63.0104334022015     
   146.2500       62.8373257598631     
   157.5000       62.6849080499972     
   168.7500       62.6059492198626     
   180.0000       62.5953393000634     
   191.2500       62.6024671239430     
   202.5000       62.7367033179192     
   213.7500       62.8093683864881     
   225.0000       62.9962262545263     
   236.2500       63.2666057328657     
   247.5000       63.6532079911927     
   258.7500       64.1301661327866     
   270.0000       64.7211050785214     
   281.2500       65.3274294882598     
   292.5000       66.0164620193700     
   303.7500       66.5910943932984     
   315.0000       67.2170028148073     
   326.2500       67.6307674813482     
   337.5000       68.0197366756926     
   348.7500       68.1470375565804     
   360.0000       68.1495901912156     
