  0.0000000E+00   56.1161940462453     
   11.25000       55.8562563225764     
   22.50000       55.3297363230328     
   33.75000       54.6551309140184     
   45.00000       53.7679537224009     
   56.25000       52.8988327035927     
   67.50000       51.8968037010103     
   78.75000       51.1288706318984     
   90.00000       50.4166814276774     
   101.2500       49.8188626438976     
   112.5000       49.2965450157033     
   123.7500       48.9826855188748     
   135.0000       48.6542086193849     
   146.2500       48.5046445900962     
   157.5000       48.3609167261165     
   168.7500       48.1942385467437     
   180.0000       48.0350514874921     
   191.2500       48.0461184265924     
   202.5000       48.0327641240455     
   213.7500       48.1945265554944     
   225.0000       48.4331877230094     
   236.2500       48.7981681926943     
   247.5000       49.2953383314042     
   258.7500       50.0072804199761     
   270.0000       50.8489217086098     
   281.2500       51.8037762083803     
   292.5000       52.8209997504475     
   303.7500       53.8301228240797     
   315.0000       54.7134369012424     
   326.2500       55.4737808753603     
   337.5000       55.9514049476152     
   348.7500       56.2247821241957     
   360.0000       56.1161940462453     
