  0.0000000E+00   111.856160352197     
   11.25000       111.372365861198     
   22.50000       110.716243918019     
   33.75000       109.941968510558     
   45.00000       109.052226900495     
   56.25000       108.160716674026     
   67.50000       107.279682948743     
   78.75000       106.485072276710     
   90.00000       105.792598933935     
   101.2500       105.225349768451     
   112.5000       104.838352581924     
   123.7500       104.570483856831     
   135.0000       104.432728521805     
   146.2500       104.359196755017     
   157.5000       104.478483140617     
   168.7500       104.615194405923     
   180.0000       104.959687871191     
   191.2500       105.231191138259     
   202.5000       105.711978796141     
   213.7500       106.115152058811     
   225.0000       106.725920367658     
   236.2500       107.262620919104     
   247.5000       107.954481823814     
   258.7500       108.598990639894     
   270.0000       109.381804434490     
   281.2500       110.064321115098     
   292.5000       110.806872944510     
   303.7500       111.396451898195     
   315.0000       111.886716596559     
   326.2500       112.210885381113     
   337.5000       112.304332430077     
   348.7500       112.249956735997     
   360.0000       111.856160352197     
