  0.0000000E+00   64.1918647726124     
   11.25000       63.9556878005184     
   22.50000       63.3917682505982     
   33.75000       62.9335830698645     
   45.00000       62.2771787292002     
   56.25000       61.6746528219343     
   67.50000       61.0468416037130     
   78.75000       60.3929058611219     
   90.00000       59.8806079088494     
   101.2500       59.4213122566461     
   112.5000       59.0094686779902     
   123.7500       58.7820779013404     
   135.0000       58.5752982020091     
   146.2500       58.5064580592969     
   157.5000       58.4315626060075     
   168.7500       58.4115270177836     
   180.0000       58.4358833506192     
   191.2500       58.4132260521780     
   202.5000       58.5458246180694     
   213.7500       58.6196391577233     
   225.0000       58.7677220107348     
   236.2500       59.0176077332881     
   247.5000       59.3824100347009     
   258.7500       59.8578092374039     
   270.0000       60.4930786487694     
   281.2500       61.1960063259611     
   292.5000       61.9647285663887     
   303.7500       62.6608435558000     
   315.0000       63.3581418711425     
   326.2500       63.8234210416986     
   337.5000       64.1987983668024     
   348.7500       64.2997550803341     
   360.0000       64.1918647726124     
