  0.0000000E+00   45.9754586681678     
   11.25000       45.3712565793360     
   22.50000       44.6759655009242     
   33.75000       43.7449532483058     
   45.00000       42.8850936924925     
   56.25000       42.0360232602871     
   67.50000       41.2246946098587     
   78.75000       40.4804325828762     
   90.00000       39.8997997860027     
   101.2500       39.4225829157366     
   112.5000       39.0763506932326     
   123.7500       38.8853166349571     
   135.0000       38.6782908383533     
   146.2500       38.6515896197135     
   157.5000       38.5240993387999     
   168.7500       38.5071368217052     
   180.0000       38.4970283208172     
   191.2500       38.5689828676564     
   202.5000       38.7381614251979     
   213.7500       38.9098676701452     
   225.0000       39.2692793856055     
   236.2500       39.8049957261051     
   247.5000       40.4709034024049     
   258.7500       41.4053210569833     
   270.0000       42.3064224142321     
   281.2500       43.2507302551026     
   292.5000       44.1820627751822     
   303.7500       45.0135119493035     
   315.0000       45.6811523389646     
   326.2500       46.1286067555479     
   337.5000       46.2864025366591     
   348.7500       46.2403230374900     
   360.0000       45.9754586681678     
