  0.0000000E+00   200.444740091165     
   11.25000       199.696335205066     
   22.50000       198.680828678958     
   33.75000       197.370433395445     
   45.00000       195.752790386598     
   56.25000       194.080091645933     
   67.50000       192.219571937392     
   78.75000       190.293197718077     
   90.00000       188.618483435832     
   101.2500       187.151001628447     
   112.5000       185.967880331212     
   123.7500       185.167741355293     
   135.0000       184.657801955580     
   146.2500       184.745317712547     
   157.5000       184.999396384590     
   168.7500       185.631635866876     
   180.0000       186.588937462502     
   191.2500       187.797105295274     
   202.5000       189.269319036317     
   213.7500       190.862378920604     
   225.0000       192.487254595438     
   236.2500       194.053884192599     
   247.5000       195.465176504403     
   258.7500       196.695018705730     
   270.0000       197.716031251484     
   281.2500       198.600186676970     
   292.5000       199.410147265253     
   303.7500       200.108325811710     
   315.0000       200.558762869684     
   326.2500       200.809492686866     
   337.5000       200.980058997901     
   348.7500       200.836775879850     
   360.0000       200.444740091165     
