  0.0000000E+00   47.3800077501054     
   11.25000       46.9669157065147     
   22.50000       46.3668107090311     
   33.75000       45.5547324380450     
   45.00000       44.6769470974664     
   56.25000       43.8693202673620     
   67.50000       43.0432264676406     
   78.75000       42.3187955154262     
   90.00000       41.7030497484804     
   101.2500       41.2198183386255     
   112.5000       40.8642130705111     
   123.7500       40.6417206473955     
   135.0000       40.4384289271696     
   146.2500       40.3474957675901     
   157.5000       40.1622939963522     
   168.7500       40.1215891524064     
   180.0000       39.9361126877134     
   191.2500       39.9321400259714     
   202.5000       39.8230024923409     
   213.7500       39.8904669615911     
   225.0000       40.0161014366991     
   236.2500       40.3988320710850     
   247.5000       40.8619965154710     
   258.7500       41.6337369119846     
   270.0000       42.4421052271030     
   281.2500       43.4197875893682     
   292.5000       44.4199891536079     
   303.7500       45.3995057012277     
   315.0000       46.2264912730988     
   326.2500       46.9095138205205     
   337.5000       47.2678447034891     
   348.7500       47.4488182004065     
   360.0000       47.3800077501054     
