  0.0000000E+00   282.280288493225     
   11.25000       281.413230885545     
   22.50000       280.290088933473     
   33.75000       278.989140938219     
   45.00000       277.333587798098     
   56.25000       275.516734620204     
   67.50000       273.445127920116     
   78.75000       271.198100425488     
   90.00000       268.821361021698     
   101.2500       266.352271478757     
   112.5000       264.080235428035     
   123.7500       262.053058428080     
   135.0000       260.389940304860     
   146.2500       259.257795816098     
   157.5000       258.687023642670     
   168.7500       258.646561950250     
   180.0000       259.251245816057     
   191.2500       260.304080970465     
   202.5000       262.138799463707     
   213.7500       264.350163038344     
   225.0000       267.006003549779     
   236.2500       269.783187945978     
   247.5000       272.528133338958     
   258.7500       275.042870849507     
   270.0000       277.343402882420     
   281.2500       279.285130020348     
   292.5000       280.735941486742     
   303.7500       281.873442090038     
   315.0000       282.590218225674     
   326.2500       283.016922644320     
   337.5000       283.085613411809     
   348.7500       282.773713041842     
   360.0000       282.280288493225     
