  0.0000000E+00   69.8216782263115     
   11.25000       69.6024770942946     
   22.50000       69.1329262700670     
   33.75000       68.6545921549570     
   45.00000       68.1214891968800     
   56.25000       67.5125819994646     
   67.50000       66.8937784045673     
   78.75000       66.3527052310340     
   90.00000       65.8322283319099     
   101.2500       65.4459543812979     
   112.5000       65.1042833983718     
   123.7500       64.8694514934783     
   135.0000       64.6674086521104     
   146.2500       64.5017141798062     
   157.5000       64.4184333445425     
   168.7500       64.3378158822857     
   180.0000       64.3843175284510     
   191.2500       64.3682820471445     
   202.5000       64.5507792053480     
   213.7500       64.6437472812147     
   225.0000       64.8239810994316     
   236.2500       65.0797114505482     
   247.5000       65.4697542523319     
   258.7500       65.9166419883664     
   270.0000       66.5342070278797     
   281.2500       67.1452467293971     
   292.5000       67.8864710956512     
   303.7500       68.5094882975996     
   315.0000       69.1243560023528     
   326.2500       69.5490960825994     
   337.5000       69.8228770978755     
   348.7500       69.9432216254153     
   360.0000       69.8216782263115     
