  0.0000000E+00   83.6121142555807     
   11.25000       83.6452747500572     
   22.50000       83.3619442335240     
   33.75000       83.0432628977681     
   45.00000       82.4260325792682     
   56.25000       81.8505636896550     
   67.50000       81.1797804538465     
   78.75000       80.4777951707019     
   90.00000       79.7637243144211     
   101.2500       79.1048267364475     
   112.5000       78.4961018626615     
   123.7500       78.0126660557422     
   135.0000       77.6202948117918     
   146.2500       77.3392226698896     
   157.5000       77.2099719120381     
   168.7500       77.0836420412903     
   180.0000       77.1565433690267     
   191.2500       77.1749854955692     
   202.5000       77.2432508480190     
   213.7500       77.3678432551540     
   225.0000       77.5797468120009     
   236.2500       77.8714674671880     
   247.5000       78.3077500481945     
   258.7500       78.7696526325438     
   270.0000       79.3965704309833     
   281.2500       79.9742929147034     
   292.5000       80.6747596785844     
   303.7500       81.3026939271523     
   315.0000       82.0149847879264     
   326.2500       82.6269848599908     
   337.5000       83.1509720668020     
   348.7500       83.5014805531061     
   360.0000       83.6121142555807     
