  0.0000000E+00   91.1330202693260     
   11.25000       90.8136876158405     
   22.50000       90.3392213054995     
   33.75000       89.6533288499572     
   45.00000       88.9666440151925     
   56.25000       88.0887735270232     
   67.50000       87.4027263486852     
   78.75000       86.7615739418365     
   90.00000       86.1628810603026     
   101.2500       85.7150748696245     
   112.5000       85.3328460923831     
   123.7500       85.1204155418197     
   135.0000       84.9865742280584     
   146.2500       84.9653829999665     
   157.5000       85.0362256174468     
   168.7500       85.1712633722117     
   180.0000       85.3078693479549     
   191.2500       85.5349652458585     
   202.5000       85.7766060824168     
   213.7500       86.1117864711196     
   225.0000       86.4517730129888     
   236.2500       86.8902751069985     
   247.5000       87.3555280207855     
   258.7500       87.8461521237315     
   270.0000       88.3837460914200     
   281.2500       88.9402479618499     
   292.5000       89.5969823027538     
   303.7500       90.1931905931488     
   315.0000       90.6691298217012     
   326.2500       91.0789705077089     
   337.5000       91.1904686869076     
   348.7500       91.2698619068683     
   360.0000       91.1330202693260     
