  0.0000000E+00   234.473404109474     
   11.25000       235.231358771483     
   22.50000       235.963540743628     
   33.75000       236.463979100278     
   45.00000       236.773873285380     
   56.25000       236.699726613327     
   67.50000       236.244707503517     
   78.75000       235.343625098652     
   90.00000       234.171134241400     
   101.2500       232.747158421023     
   112.5000       231.251434915911     
   123.7500       229.813950709367     
   135.0000       228.445523595142     
   146.2500       227.300345242197     
   157.5000       226.294518561672     
   168.7500       225.637526218175     
   180.0000       225.276489428315     
   191.2500       225.104572709865     
   202.5000       225.205651160318     
   213.7500       225.519153265420     
   225.0000       225.838888125636     
   236.2500       226.368520729156     
   247.5000       226.936240425001     
   258.7500       227.480674798050     
   270.0000       228.060445641624     
   281.2500       228.691036766573     
   292.5000       229.380569083130     
   303.7500       230.159380793878     
   315.0000       230.907960731253     
   326.2500       231.911234541437     
   337.5000       232.751571629939     
   348.7500       233.644883670401     
   360.0000       234.473404109474     
