  0.0000000E+00   125.115844706677     
   11.25000       124.950950740099     
   22.50000       124.676246473011     
   33.75000       124.137656454196     
   45.00000       123.382445111416     
   56.25000       122.515766066180     
   67.50000       121.557899885700     
   78.75000       120.567980803861     
   90.00000       119.601189705868     
   101.2500       118.680979774807     
   112.5000       117.888514414203     
   123.7500       117.185441319450     
   135.0000       116.658445521869     
   146.2500       116.202471219386     
   157.5000       115.918989836416     
   168.7500       115.761482878424     
   180.0000       115.682820193573     
   191.2500       115.819762473665     
   202.5000       115.929104394773     
   213.7500       116.344363494725     
   225.0000       116.704561555262     
   236.2500       117.190862782045     
   247.5000       117.844972964877     
   258.7500       118.596060097261     
   270.0000       119.493213330241     
   281.2500       120.413382961151     
   292.5000       121.415088875715     
   303.7500       122.312081911697     
   315.0000       123.225963726688     
   326.2500       123.920308748648     
   337.5000       124.571476191187     
   348.7500       124.898714948565     
   360.0000       125.115844706677     
