  0.0000000E+00   51.9343551579287     
   11.25000       51.6928917960164     
   22.50000       51.1656675230048     
   33.75000       50.6293827257800     
   45.00000       49.8725997515626     
   56.25000       49.2435151392830     
   67.50000       48.6429052685885     
   78.75000       48.0636701997874     
   90.00000       47.5932724060044     
   101.2500       47.1825186520358     
   112.5000       46.9236284775265     
   123.7500       46.7020925247010     
   135.0000       46.5956786673029     
   146.2500       46.4539330719469     
   157.5000       46.3906909802974     
   168.7500       46.2888680539823     
   180.0000       46.2086311595385     
   191.2500       46.1018808713890     
   202.5000       46.0206965021604     
   213.7500       46.0868402400661     
   225.0000       46.1389213151226     
   236.2500       46.4669447890659     
   247.5000       46.7723742921283     
   258.7500       47.2911484230027     
   270.0000       47.9114455184348     
   281.2500       48.7183354583897     
   292.5000       49.5357731871825     
   303.7500       50.3584253940400     
   315.0000       51.0759494300797     
   326.2500       51.6143361187662     
   337.5000       51.9635793201138     
   348.7500       52.0446479137392     
   360.0000       51.9343551579287     
