  0.0000000E+00   107.273589445234     
   11.25000       106.832665850977     
   22.50000       106.326882002806     
   33.75000       105.513631182021     
   45.00000       104.795123306713     
   56.25000       104.011023731703     
   67.50000       103.099326638135     
   78.75000       102.188760641621     
   90.00000       101.215834356023     
   101.2500       100.226327839389     
   112.5000       99.3276641419109     
   123.7500       98.5162872771058     
   135.0000       97.9210365422737     
   146.2500       97.3953638716697     
   157.5000       97.1927636842546     
   168.7500       97.0942176780824     
   180.0000       97.2303494782154     
   191.2500       97.6287263503167     
   202.5000       98.1071540089128     
   213.7500       98.8088963876816     
   225.0000       99.6644303559448     
   236.2500       100.615450447667     
   247.5000       101.706879519758     
   258.7500       102.711814366511     
   270.0000       103.784837584516     
   281.2500       104.759343950322     
   292.5000       105.633668486285     
   303.7500       106.433436420906     
   315.0000       106.960602708099     
   326.2500       107.385405472317     
   337.5000       107.520289346804     
   348.7500       107.502276283413     
   360.0000       107.273589445234     
