  0.0000000E+00   307.888835764714     
   11.25000       309.082067723438     
   22.50000       309.640069319885     
   33.75000       309.755982123235     
   45.00000       309.194087002496     
   56.25000       308.171754648492     
   67.50000       306.888861216088     
   78.75000       305.184522481897     
   90.00000       303.402165192992     
   101.2500       301.554543930220     
   112.5000       299.796665062280     
   123.7500       298.065856723062     
   135.0000       296.489393996702     
   146.2500       295.110043442257     
   157.5000       293.895706007219     
   168.7500       292.827820690059     
   180.0000       291.929111043264     
   191.2500       291.235590029676     
   202.5000       290.572662649784     
   213.7500       290.112784999240     
   225.0000       289.904492337629     
   236.2500       289.958594041183     
   247.5000       290.454167939625     
   258.7500       291.256484230318     
   270.0000       292.395851817787     
   281.2500       293.793715060510     
   292.5000       295.416540376610     
   303.7500       297.442381148887     
   315.0000       299.615738118826     
   326.2500       301.869478420697     
   337.5000       304.170469852999     
   348.7500       306.149745356564     
   360.0000       307.888835764714     
