  0.0000000E+00   105.923984797495     
   11.25000       105.533256629882     
   22.50000       105.015990642989     
   33.75000       104.248774456552     
   45.00000       103.581083833664     
   56.25000       102.777916148079     
   67.50000       101.850655512954     
   78.75000       100.907902753481     
   90.00000       99.8774528546988     
   101.2500       98.8862352314317     
   112.5000       98.0089121155058     
   123.7500       97.2488942618709     
   135.0000       96.6896005399977     
   146.2500       96.2365919408881     
   157.5000       96.1143922958686     
   168.7500       96.0583064708140     
   180.0000       96.3135097892544     
   191.2500       96.7478069907798     
   202.5000       97.3140386539554     
   213.7500       98.0705878243528     
   225.0000       98.9231837060440     
   236.2500       99.8740885616978     
   247.5000       100.891828589640     
   258.7500       101.826515643274     
   270.0000       102.844782385521     
   281.2500       103.718547896489     
   292.5000       104.541508383864     
   303.7500       105.235147842618     
   315.0000       105.695725182516     
   326.2500       106.074109469025     
   337.5000       106.166698850926     
   348.7500       106.164523491821     
   360.0000       105.923984797495     
