  0.0000000E+00   135.878334811914     
   11.25000       135.151522906668     
   22.50000       134.169887357265     
   33.75000       133.201808031635     
   45.00000       132.058975240103     
   56.25000       130.905622768578     
   67.50000       129.744904465318     
   78.75000       128.678659111169     
   90.00000       127.751898962394     
   101.2500       126.951186690592     
   112.5000       126.371263970839     
   123.7500       125.949216495548     
   135.0000       125.801500327844     
   146.2500       125.792751380284     
   157.5000       126.060211692471     
   168.7500       126.329583986647     
   180.0000       126.888203445520     
   191.2500       127.389068163739     
   202.5000       128.169697124010     
   213.7500       128.820017489941     
   225.0000       129.584177883869     
   236.2500       130.366496622391     
   247.5000       131.231522444433     
   258.7500       132.089733091287     
   270.0000       133.023991309035     
   281.2500       133.863424658861     
   292.5000       134.722248051830     
   303.7500       135.368587902169     
   315.0000       136.001061840032     
   326.2500       136.296953052276     
   337.5000       136.484948116821     
   348.7500       136.262670616076     
   360.0000       135.878334811914     
