  0.0000000E+00   147.409397498820     
   11.25000       146.861842278521     
   22.50000       146.250161010988     
   33.75000       145.383563890246     
   45.00000       144.342816062751     
   56.25000       143.113189530831     
   67.50000       141.811913297416     
   78.75000       140.434432811995     
   90.00000       139.073308918064     
   101.2500       137.785363915298     
   112.5000       136.595756425520     
   123.7500       135.638400379597     
   135.0000       134.880134242805     
   146.2500       134.441460502979     
   157.5000       134.305879896232     
   168.7500       134.489896645550     
   180.0000       135.060892805918     
   191.2500       135.848696099555     
   202.5000       136.924601444640     
   213.7500       138.276709755274     
   225.0000       139.588006968249     
   236.2500       140.962942692660     
   247.5000       142.309308960394     
   258.7500       143.644034565590     
   270.0000       144.889621183673     
   281.2500       145.916679727179     
   292.5000       146.750737048980     
   303.7500       147.373144885273     
   315.0000       147.762216765979     
   326.2500       147.917331432741     
   337.5000       147.862338359677     
   348.7500       147.748158154987     
   360.0000       147.409397498820     
