  0.0000000E+00   58.1004047379328     
   11.25000       57.3124993881382     
   22.50000       56.4905394431018     
   33.75000       55.6605866108383     
   45.00000       54.9587563859464     
   56.25000       54.3279667269620     
   67.50000       53.9748462219911     
   78.75000       53.7644434343550     
   90.00000       53.6742282087174     
   101.2500       53.6879803732950     
   112.5000       53.7770725829638     
   123.7500       53.9266808394622     
   135.0000       54.0810344681703     
   146.2500       54.2141662533868     
   157.5000       54.4696153366481     
   168.7500       54.4442013941793     
   180.0000       54.4901430985548     
   191.2500       54.6458598870499     
   202.5000       54.9486344780216     
   213.7500       55.3038238380719     
   225.0000       55.8907596571924     
   236.2500       56.3886771920998     
   247.5000       56.9891807354755     
   258.7500       57.6701193862881     
   270.0000       58.3884448536859     
   281.2500       59.0727015926712     
   292.5000       59.6356897603070     
   303.7500       59.9949701087479     
   315.0000       60.1166847241572     
   326.2500       59.9143938775746     
   337.5000       59.5466553210816     
   348.7500       58.7922533525662     
   360.0000       58.1004047379328     
