  0.0000000E+00   117.278004317857     
   11.25000       117.343523505132     
   22.50000       117.017375025008     
   33.75000       116.480392864173     
   45.00000       115.740346591867     
   56.25000       114.723872001121     
   67.50000       113.801715603124     
   78.75000       112.765174123386     
   90.00000       111.769460026681     
   101.2500       110.771405496120     
   112.5000       109.853333743333     
   123.7500       109.144889174480     
   135.0000       108.528974118154     
   146.2500       108.082696750827     
   157.5000       107.795971978715     
   168.7500       107.510287528815     
   180.0000       107.420395535069     
   191.2500       107.349327613924     
   202.5000       107.394597370881     
   213.7500       107.619676584981     
   225.0000       107.941180632615     
   236.2500       108.491183413768     
   247.5000       109.106930927456     
   258.7500       109.874460792450     
   270.0000       110.754107982244     
   281.2500       111.707776731435     
   292.5000       112.800387525681     
   303.7500       113.836148335226     
   315.0000       114.911288196520     
   326.2500       115.788695966929     
   337.5000       116.531690388145     
   348.7500       117.081658068880     
   360.0000       117.278004317857     
