  0.0000000E+00   99.6969331121800     
   11.25000       99.4268593024165     
   22.50000       98.8103033545149     
   33.75000       98.1466107345446     
   45.00000       97.3472986194779     
   56.25000       96.4243822194796     
   67.50000       95.4595778472851     
   78.75000       94.5076636797974     
   90.00000       93.6796465738569     
   101.2500       92.9476124462616     
   112.5000       92.3209955087238     
   123.7500       91.9342295086061     
   135.0000       91.7013052618066     
   146.2500       91.6543505445704     
   157.5000       91.7728195414540     
   168.7500       92.0562323161855     
   180.0000       92.4923469663320     
   191.2500       92.9196278682862     
   202.5000       93.6318719108717     
   213.7500       94.1316605030678     
   225.0000       94.7011592117423     
   236.2500       95.3428597205458     
   247.5000       95.9290186561574     
   258.7500       96.5881601080942     
   270.0000       97.1383263355344     
   281.2500       97.7310151437091     
   292.5000       98.3066076515121     
   303.7500       98.7716155995589     
   315.0000       99.2749021631524     
   326.2500       99.5525291921894     
   337.5000       99.8056016274403     
   348.7500       99.8506760602721     
   360.0000       99.6969331121800     
