  0.0000000E+00   80.6232802242332     
   11.25000       80.3422818810100     
   22.50000       79.9925060903709     
   33.75000       79.3735422670631     
   45.00000       78.6679598141807     
   56.25000       77.9591797422722     
   67.50000       77.2184534156598     
   78.75000       76.5061809864127     
   90.00000       75.8111777341786     
   101.2500       75.2103440895691     
   112.5000       74.6546743692191     
   123.7500       74.2001956762412     
   135.0000       73.7940529416110     
   146.2500       73.5025325234357     
   157.5000       73.2396523436986     
   168.7500       73.1313017025971     
   180.0000       73.0278749087674     
   191.2500       73.1150165855239     
   202.5000       73.1929383760798     
   213.7500       73.4084736558944     
   225.0000       73.6911942656944     
   236.2500       74.1267323971295     
   247.5000       74.6703961234737     
   258.7500       75.3611110398390     
   270.0000       76.1357156362626     
   281.2500       76.9727246016057     
   292.5000       77.8455763760118     
   303.7500       78.6124008722065     
   315.0000       79.3877786529029     
   326.2500       79.9316957154771     
   337.5000       80.4104834503925     
   348.7500       80.5709493375906     
   360.0000       80.6232802242332     
