  0.0000000E+00   86.9288217166603     
   11.25000       86.7715213082975     
   22.50000       86.4446001281214     
   33.75000       86.0717282684230     
   45.00000       85.5667366519644     
   56.25000       85.0715866735864     
   67.50000       84.6118080532730     
   78.75000       84.1360100645141     
   90.00000       83.6930619677639     
   101.2500       83.2329897839767     
   112.5000       82.8624766906234     
   123.7500       82.4956890486140     
   135.0000       82.2024144554201     
   146.2500       81.9889469447577     
   157.5000       81.7863013801437     
   168.7500       81.7389466802315     
   180.0000       81.6636037033131     
   191.2500       81.6469813365950     
   202.5000       81.8006503976158     
   213.7500       81.9774530705041     
   225.0000       82.3271637276069     
   236.2500       82.7485013302650     
   247.5000       83.2397998363937     
   258.7500       83.8223618927373     
   270.0000       84.3266738858149     
   281.2500       84.8904889782489     
   292.5000       85.3378491920178     
   303.7500       85.9198449425348     
   315.0000       86.3077575949366     
   326.2500       86.6307539857275     
   337.5000       86.8757250870550     
   348.7500       87.0138785019391     
   360.0000       86.9288217166603     
