  0.0000000E+00   70.6348169956241     
   11.25000       70.2650551331670     
   22.50000       69.8549790179776     
   33.75000       69.1301960747625     
   45.00000       68.3541577297275     
   56.25000       67.5371838263619     
   67.50000       66.6531726789074     
   78.75000       65.7886117811829     
   90.00000       65.0021420024860     
   101.2500       64.3201801183755     
   112.5000       63.8213807438564     
   123.7500       63.4365318979393     
   135.0000       63.2561963579015     
   146.2500       63.1847915193039     
   157.5000       63.2226886531166     
   168.7500       63.3786637547831     
   180.0000       63.5329737749167     
   191.2500       63.8617675304014     
   202.5000       64.1235115985323     
   213.7500       64.4228186451373     
   225.0000       64.8290847981133     
   236.2500       65.2574779491362     
   247.5000       65.7925979301755     
   258.7500       66.3354101120175     
   270.0000       66.9508798650363     
   281.2500       67.6826047067332     
   292.5000       68.3306366804108     
   303.7500       69.0253105318325     
   315.0000       69.5813613847343     
   326.2500       70.1826602369296     
   337.5000       70.5073264724076     
   348.7500       70.6473060915141     
   360.0000       70.6348169956241     
