  0.0000000E+00   62.0210133774197     
   11.25000       61.7396786772737     
   22.50000       61.2881871178829     
   33.75000       60.7517659399936     
   45.00000       60.0054132076969     
   56.25000       59.2349335693792     
   67.50000       58.4403188192859     
   78.75000       57.6328865726680     
   90.00000       57.0684361383434     
   101.2500       56.5485712951542     
   112.5000       56.1580412878804     
   123.7500       55.7980252125993     
   135.0000       55.5777355906939     
   146.2500       55.4103254732799     
   157.5000       55.2301156956884     
   168.7500       55.0541968570467     
   180.0000       55.0001921700569     
   191.2500       54.9482558934691     
   202.5000       55.0198958037389     
   213.7500       55.1502276190723     
   225.0000       55.3994045782656     
   236.2500       55.7638966657089     
   247.5000       56.2153555205867     
   258.7500       56.8319674069729     
   270.0000       57.5721095749775     
   281.2500       58.3981675004758     
   292.5000       59.2601241151683     
   303.7500       60.1198763168921     
   315.0000       60.8612404200493     
   326.2500       61.4927142919660     
   337.5000       61.8933413697982     
   348.7500       62.0861514542358     
   360.0000       62.0210133774197     
