  0.0000000E+00   66.4594127653751     
   11.25000       66.2168963640537     
   22.50000       65.5958143407036     
   33.75000       64.9634617681841     
   45.00000       64.3068203622666     
   56.25000       63.5145450462242     
   67.50000       62.7808830212566     
   78.75000       62.1288701015594     
   90.00000       61.5132079240455     
   101.2500       61.0833563682060     
   112.5000       60.7223028735625     
   123.7500       60.4936416465024     
   135.0000       60.3383068648238     
   146.2500       60.2610745547744     
   157.5000       60.3019676427480     
   168.7500       60.3267596094768     
   180.0000       60.4763379926252     
   191.2500       60.5806991234301     
   202.5000       60.7608189245803     
   213.7500       60.8873836200469     
   225.0000       61.0907809680563     
   236.2500       61.3616098796222     
   247.5000       61.7658199035981     
   258.7500       62.2392378524112     
   270.0000       62.8396122624159     
   281.2500       63.4722998871841     
   292.5000       64.2485735954681     
   303.7500       64.9468747573655     
   315.0000       65.6261955861525     
   326.2500       66.1608393792310     
   337.5000       66.4667501789398     
   348.7500       66.6580836913632     
   360.0000       66.4594127653751     
