  0.0000000E+00   133.895666458381     
   11.25000       133.075289967930     
   22.50000       132.239969367059     
   33.75000       131.312330633786     
   45.00000       130.278834714629     
   56.25000       129.289699414932     
   67.50000       128.299129902549     
   78.75000       127.442628436409     
   90.00000       126.674615928236     
   101.2500       126.050618865067     
   112.5000       125.630631720850     
   123.7500       125.341513807456     
   135.0000       125.273582287184     
   146.2500       125.252808156308     
   157.5000       125.419869040467     
   168.7500       125.588829082964     
   180.0000       126.009964840210     
   191.2500       126.347346994988     
   202.5000       126.969212016349     
   213.7500       127.475030508872     
   225.0000       128.139489792901     
   236.2500       128.838429598374     
   247.5000       129.673388320636     
   258.7500       130.528347482129     
   270.0000       131.442193597763     
   281.2500       132.286501252473     
   292.5000       133.132478439380     
   303.7500       133.792171373800     
   315.0000       134.358659858165     
   326.2500       134.572542341745     
   337.5000       134.664404415129     
   348.7500       134.336381854736     
   360.0000       133.895666458381     
