  0.0000000E+00   59.8701703197556     
   11.25000       59.4073733068109     
   22.50000       58.9311100063737     
   33.75000       58.4945822451459     
   45.00000       58.1341521411831     
   56.25000       57.8128726824220     
   67.50000       57.7393636298399     
   78.75000       57.6676084353407     
   90.00000       57.6361993859216     
   101.2500       57.6439033277453     
   112.5000       57.6782845901235     
   123.7500       57.7252179584331     
   135.0000       57.7711824629956     
   146.2500       57.8515751692562     
   157.5000       57.8821376595961     
   168.7500       57.8810048502273     
   180.0000       58.0224688511207     
   191.2500       58.2494348333344     
   202.5000       58.5493021116216     
   213.7500       58.9103271933585     
   225.0000       59.3595977946597     
   236.2500       59.6994426917185     
   247.5000       60.1279869510920     
   258.7500       60.5829845032031     
   270.0000       61.0035178521471     
   281.2500       61.3343370353027     
   292.5000       61.5325639117792     
   303.7500       61.5724531486807     
   315.0000       61.4457697225298     
   326.2500       61.1645856426915     
   337.5000       60.7776596743212     
   348.7500       60.2444350448219     
   360.0000       59.8701703197556     
