  0.0000000E+00   46.8831883548313     
   11.25000       46.4033411487048     
   22.50000       45.7713218977515     
   33.75000       44.9151710839465     
   45.00000       44.0481277115162     
   56.25000       43.2218011091159     
   67.50000       42.3737317323641     
   78.75000       41.6507068894238     
   90.00000       41.0171837399195     
   101.2500       40.5492800136804     
   112.5000       40.2161387266090     
   123.7500       39.9835746744415     
   135.0000       39.8076085931049     
   146.2500       39.7026347475942     
   157.5000       39.5465381731991     
   168.7500       39.4992987265520     
   180.0000       39.3233173771352     
   191.2500       39.3701645638859     
   202.5000       39.2758960453130     
   213.7500       39.3650627896208     
   225.0000       39.5121524624622     
   236.2500       39.9098470729917     
   247.5000       40.4003673888423     
   258.7500       41.2031434061414     
   270.0000       42.0449889232338     
   281.2500       43.0440024795378     
   292.5000       44.0416875043993     
   303.7500       45.0387042352620     
   315.0000       45.8804030932953     
   326.2500       46.5373832889550     
   337.5000       46.8829009348557     
   348.7500       47.0188626613900     
   360.0000       46.8831883548313     
