  0.0000000E+00   144.851910041920     
   11.25000       144.430010628537     
   22.50000       143.632557943414     
   33.75000       142.826684084245     
   45.00000       141.880142532212     
   56.25000       140.837913867005     
   67.50000       139.761911171484     
   78.75000       138.633945116840     
   90.00000       137.524040003981     
   101.2500       136.408829139828     
   112.5000       135.372592319965     
   123.7500       134.375401634305     
   135.0000       133.544576864651     
   146.2500       132.781607180881     
   157.5000       132.288365421014     
   168.7500       131.915830926296     
   180.0000       131.916821758251     
   191.2500       132.039237353801     
   202.5000       132.530231428599     
   213.7500       133.108064060473     
   225.0000       133.993479709612     
   236.2500       135.030117402774     
   247.5000       136.281986375080     
   258.7500       137.669396126586     
   270.0000       139.066469952552     
   281.2500       140.553397664496     
   292.5000       141.823867850714     
   303.7500       143.090232765376     
   315.0000       143.991506944377     
   326.2500       144.710249822908     
   337.5000       145.041160105518     
   348.7500       145.158423125511     
   360.0000       144.851910041920     
