  0.0000000E+00   82.5305142743322     
   11.25000       82.5231370669033     
   22.50000       82.3619264447670     
   33.75000       81.8679917603608     
   45.00000       81.2617514589359     
   56.25000       80.5129019143693     
   67.50000       79.6087788600111     
   78.75000       78.8415009419199     
   90.00000       78.0861805472150     
   101.2500       77.3207876485111     
   112.5000       76.6917431265250     
   123.7500       76.1147232648080     
   135.0000       75.6620673254993     
   146.2500       75.3807205961070     
   157.5000       75.1102955203701     
   168.7500       74.9695657109319     
   180.0000       74.8718110512129     
   191.2500       74.8730480970767     
   202.5000       74.8786808449970     
   213.7500       75.0020585890692     
   225.0000       75.2577986569640     
   236.2500       75.4781589520784     
   247.5000       76.0196424240399     
   258.7500       76.5062519125956     
   270.0000       77.1321958810579     
   281.2500       77.9772918261036     
   292.5000       78.7484770325085     
   303.7500       79.7052099297751     
   315.0000       80.4589969896076     
   326.2500       81.2380626061480     
   337.5000       81.8203941819585     
   348.7500       82.2034445884280     
   360.0000       82.5305142743322     
