  0.0000000E+00   140.086232951813     
   11.25000       139.655212091554     
   22.50000       138.872079665768     
   33.75000       138.008741734460     
   45.00000       136.944093895276     
   56.25000       135.734264116305     
   67.50000       134.440960975326     
   78.75000       133.119006622734     
   90.00000       131.839475027641     
   101.2500       130.634059690517     
   112.5000       129.627812434611     
   123.7500       128.761713314557     
   135.0000       128.205226392054     
   146.2500       127.792525830970     
   157.5000       127.730971845505     
   168.7500       127.821548208913     
   180.0000       128.329107903189     
   191.2500       128.941893855958     
   202.5000       129.934425932039     
   213.7500       130.890360329472     
   225.0000       132.036110703033     
   236.2500       133.174063249465     
   247.5000       134.435591012912     
   258.7500       135.570486212393     
   270.0000       136.755649206514     
   281.2500       137.720640957500     
   292.5000       138.667932196804     
   303.7500       139.378769283694     
   315.0000       139.962424643766     
   326.2500       140.344356036946     
   337.5000       140.439682713015     
   348.7500       140.466009119567     
   360.0000       140.086232951813     
