  0.0000000E+00   46.2542378934331     
   11.25000       45.7253367290109     
   22.50000       45.0629911963795     
   33.75000       44.1651754635787     
   45.00000       43.2963630492603     
   56.25000       42.4187965845676     
   67.50000       41.5723410423838     
   78.75000       40.8582844570348     
   90.00000       40.2298327807821     
   101.2500       39.8098781617998     
   112.5000       39.4614903455711     
   123.7500       39.2539668789097     
   135.0000       39.1023367620796     
   146.2500       38.9779336941629     
   157.5000       38.8710678566647     
   168.7500       38.7999394552601     
   180.0000       38.7078436941373     
   191.2500       38.7584798047413     
   202.5000       38.6890461345133     
   213.7500       38.8127217127174     
   225.0000       38.9944356756699     
   236.2500       39.4463456046946     
   247.5000       39.9959775505365     
   258.7500       40.8385075801761     
   270.0000       41.7227267901332     
   281.2500       42.7343190379650     
   292.5000       43.7693548594332     
   303.7500       44.7808964019999     
   315.0000       45.5712793306768     
   326.2500       46.1747041933752     
   337.5000       46.4424005889003     
   348.7500       46.4615266617330     
   360.0000       46.2542378934331     
