  0.0000000E+00   311.060982223022     
   11.25000       312.364027164429     
   22.50000       313.655982655542     
   33.75000       314.645749608532     
   45.00000       315.484421266387     
   56.25000       315.836907727614     
   67.50000       315.766609844394     
   78.75000       315.236214572409     
   90.00000       314.369346831144     
   101.2500       313.166907228639     
   112.5000       311.724520220173     
   123.7500       310.262517718183     
   135.0000       308.842366273351     
   146.2500       307.509718267090     
   157.5000       306.293455315529     
   168.7500       305.405879099059     
   180.0000       304.757047930585     
   191.2500       304.330526439054     
   202.5000       304.235226816591     
   213.7500       304.273122489480     
   225.0000       304.460782579026     
   236.2500       304.658582722870     
   247.5000       304.813474684787     
   258.7500       305.024172354151     
   270.0000       305.199607123637     
   281.2500       305.543361666858     
   292.5000       306.066047183065     
   303.7500       306.536719805735     
   315.0000       307.196252807174     
   326.2500       307.909184677084     
   337.5000       308.776242019280     
   348.7500       309.923296949189     
   360.0000       311.060982223022     
