  0.0000000E+00   57.2635180647440     
   11.25000       56.3783358883339     
   22.50000       55.3808532038987     
   33.75000       54.3072907025095     
   45.00000       53.2876964419639     
   56.25000       52.4402043824904     
   67.50000       51.7694691974776     
   78.75000       51.2756334439494     
   90.00000       50.9859823880497     
   101.2500       50.8891106061188     
   112.5000       50.9378985133464     
   123.7500       51.0818699990131     
   135.0000       51.3592717368094     
   146.2500       51.5295172791039     
   157.5000       51.8651916913165     
   168.7500       52.1240988752885     
   180.0000       52.2072170239460     
   191.2500       52.2905426622166     
   202.5000       52.5444265994704     
   213.7500       52.7960432691752     
   225.0000       53.3284974332129     
   236.2500       53.8193050850105     
   247.5000       54.4552680820153     
   258.7500       55.1941453430857     
   270.0000       56.0063922219280     
   281.2500       56.8342608966875     
   292.5000       57.6229740356643     
   303.7500       58.2336459629249     
   315.0000       58.6875189473319     
   326.2500       58.7399273678971     
   337.5000       58.6011868423499     
   348.7500       58.0297971901481     
   360.0000       57.2635180647440     
