  0.0000000E+00   230.514053895100     
   11.25000       231.261537106033     
   22.50000       231.447224391765     
   33.75000       231.127583012775     
   45.00000       230.285414595938     
   56.25000       229.027245220418     
   67.50000       227.554231765726     
   78.75000       225.871200763100     
   90.00000       224.167311344320     
   101.2500       222.470659019684     
   112.5000       220.889109248346     
   123.7500       219.366805156004     
   135.0000       218.068551275226     
   146.2500       216.958907869117     
   157.5000       216.052896755404     
   168.7500       215.322959275883     
   180.0000       214.713324316033     
   191.2500       214.401458578683     
   202.5000       214.204997931156     
   213.7500       214.258223859458     
   225.0000       214.570092350787     
   236.2500       214.964622830811     
   247.5000       215.665680850079     
   258.7500       216.726095196403     
   270.0000       217.985723359375     
   281.2500       219.468463987656     
   292.5000       221.156422019327     
   303.7500       222.942216792038     
   315.0000       224.728147154702     
   326.2500       226.432863283132     
   337.5000       228.018611821244     
   348.7500       229.521896416580     
   360.0000       230.514053895100     
