  0.0000000E+00   233.407614271407     
   11.25000       234.302533302436     
   22.50000       235.057467565109     
   33.75000       235.486004647293     
   45.00000       235.606623145919     
   56.25000       235.225800047964     
   67.50000       234.432447270560     
   78.75000       233.235886305823     
   90.00000       231.830092282180     
   101.2500       230.238802339899     
   112.5000       228.676200080643     
   123.7500       227.187715242935     
   135.0000       225.809601777212     
   146.2500       224.655484799424     
   157.5000       223.681704295460     
   168.7500       223.081293844974     
   180.0000       222.679160183447     
   191.2500       222.481130548554     
   202.5000       222.550025340324     
   213.7500       222.748015425533     
   225.0000       223.030018362082     
   236.2500       223.515739727320     
   247.5000       223.997287927806     
   258.7500       224.542219408313     
   270.0000       225.219222922598     
   281.2500       226.009498463195     
   292.5000       226.912242665299     
   303.7500       227.925131542707     
   315.0000       228.998331629659     
   326.2500       230.251524173818     
   337.5000       231.282851335550     
   348.7500       232.420489415459     
   360.0000       233.407614271407     
