  0.0000000E+00   212.132690877691     
   11.25000       211.503814257089     
   22.50000       210.573751661551     
   33.75000       209.432035135237     
   45.00000       208.168592495372     
   56.25000       206.678357856913     
   67.50000       205.002272814107     
   78.75000       203.281838851962     
   90.00000       201.430622877232     
   101.2500       199.571130253530     
   112.5000       197.653212883790     
   123.7500       195.964807929146     
   135.0000       194.587553525297     
   146.2500       193.450959578886     
   157.5000       192.685053040416     
   168.7500       192.357819409605     
   180.0000       192.546480403153     
   191.2500       193.227729477946     
   202.5000       194.374556835903     
   213.7500       195.891280690027     
   225.0000       197.792996737780     
   236.2500       199.889071727596     
   247.5000       202.228177746244     
   258.7500       204.552392349600     
   270.0000       206.751277877840     
   281.2500       208.770198365764     
   292.5000       210.464014417125     
   303.7500       211.623950078172     
   315.0000       212.389367290202     
   326.2500       212.836186414817     
   337.5000       212.865284503011     
   348.7500       212.613443880254     
   360.0000       212.132690877691     
