  0.0000000E+00   88.2513204685409     
   11.25000       87.9900276959364     
   22.50000       87.5593043424951     
   33.75000       87.0764274852141     
   45.00000       86.5086355389391     
   56.25000       85.9183568540125     
   67.50000       85.4243058032291     
   78.75000       84.9228044770768     
   90.00000       84.5026297477472     
   101.2500       84.0917102402661     
   112.5000       83.7626240276971     
   123.7500       83.5048556860194     
   135.0000       83.2655652698025     
   146.2500       83.1527905237295     
   157.5000       83.0216873976123     
   168.7500       83.0326313359574     
   180.0000       83.0264282682896     
   191.2500       83.0250754721703     
   202.5000       83.1674760365360     
   213.7500       83.3621329631565     
   225.0000       83.6438961551752     
   236.2500       84.0589006203212     
   247.5000       84.5317041049853     
   258.7500       85.1471133948079     
   270.0000       85.6809672626581     
   281.2500       86.3499022822854     
   292.5000       86.8530958967922     
   303.7500       87.3630038826059     
   315.0000       87.8160680888941     
   326.2500       88.0811496227783     
   337.5000       88.2773051663271     
   348.7500       88.3813617282062     
   360.0000       88.2513204685409     
