  0.0000000E+00   68.1007590948305     
   11.25000       67.8136525607844     
   22.50000       67.3065129194292     
   33.75000       66.4999985114072     
   45.00000       65.8120037492165     
   56.25000       65.0293131041151     
   67.50000       64.1771738658163     
   78.75000       63.4397333047842     
   90.00000       62.7651206972512     
   101.2500       62.2481151887618     
   112.5000       61.8660905250324     
   123.7500       61.6168429312538     
   135.0000       61.5049870967392     
   146.2500       61.4265781888767     
   157.5000       61.4932612054014     
   168.7500       61.5678570998062     
   180.0000       61.7373011062290     
   191.2500       61.9584125742667     
   202.5000       62.1464559437645     
   213.7500       62.3640553141788     
   225.0000       62.6483854955776     
   236.2500       62.9565702212297     
   247.5000       63.3828018539453     
   258.7500       63.8691023597011     
   270.0000       64.5097769492990     
   281.2500       65.1394421405859     
   292.5000       65.8524271808893     
   303.7500       66.5562001414571     
   315.0000       67.1690771353148     
   326.2500       67.7514570134226     
   337.5000       68.0312823888445     
   348.7500       68.2557028559867     
   360.0000       68.1007590948305     
