  0.0000000E+00   69.8857528073311     
   11.25000       69.8853803181057     
   22.50000       69.8852522437097     
   33.75000       69.8853770909638     
   45.00000       69.8857404241660     
   56.25000       69.8863015687926     
   67.50000       69.8869891678819     
   78.75000       69.8877005461937     
   90.00000       69.8883124046497     
   101.2500       69.8887052047801     
   112.5000       69.8887957552476     
   123.7500       69.8885642196649     
   135.0000       69.8880608716681     
   146.2500       69.8873890786285     
   157.5000       69.8866738748768     
   168.7500       69.8860315593488     
   180.0000       69.8855514528660     
   191.2500       69.8852907544061     
   202.5000       69.8852779147750     
   213.7500       69.8855170364559     
   225.0000       69.8859892367762     
   236.2500       69.8866496580038     
   247.5000       69.8874231064866     
   258.7500       69.8882036421187     
   270.0000       69.8888653281380     
   281.2500       69.8892867069726     
   292.5000       69.8893835625774     
   303.7500       69.8891357452729     
   315.0000       69.8885941720678     
   326.2500       69.8878636955778     
   337.5000       69.8870715513161     
   348.7500       69.8863369672394     
   360.0000       69.8857528073311     
