  0.0000000E+00   81.2161784390041     
   11.25000       80.9698641095369     
   22.50000       80.6208000472688     
   33.75000       80.0566374307137     
   45.00000       79.3266516250084     
   56.25000       78.6304884694670     
   67.50000       77.8676495577181     
   78.75000       77.1418841924348     
   90.00000       76.4345506654167     
   101.2500       75.8286677829540     
   112.5000       75.2818164573570     
   123.7500       74.8430322951174     
   135.0000       74.4527369964362     
   146.2500       74.1800254211037     
   157.5000       73.9241337560988     
   168.7500       73.8148625286267     
   180.0000       73.7149746225474     
   191.2500       73.7423371926513     
   202.5000       73.8088400936835     
   213.7500       74.0084960243583     
   225.0000       74.2763799251746     
   236.2500       74.6746178607608     
   247.5000       75.1794400441028     
   258.7500       75.8262247778064     
   270.0000       76.5827623889877     
   281.2500       77.3973014194472     
   292.5000       78.2865816395561     
   303.7500       79.0532640989881     
   315.0000       79.8582144154826     
   326.2500       80.4266402788523     
   337.5000       80.9319376845834     
   348.7500       81.1304124197893     
   360.0000       81.2161784390041     
