  0.0000000E+00   61.3608257619406     
   11.25000       61.1212100270135     
   22.50000       60.8874280030924     
   33.75000       60.6804292400422     
   45.00000       60.5089940208106     
   56.25000       60.3734029861927     
   67.50000       60.3248592637818     
   78.75000       60.2913757430828     
   90.00000       60.2762276537082     
   101.2500       60.2746304313978     
   112.5000       60.2794766706784     
   123.7500       60.2897563343995     
   135.0000       60.3034789851865     
   146.2500       60.3268105458026     
   157.5000       60.3364883060521     
   168.7500       60.3935742279591     
   180.0000       60.5098408515820     
   191.2500       60.6647918893820     
   202.5000       60.8552480997220     
   213.7500       61.0742458290834     
   225.0000       61.3327502539319     
   236.2500       61.5023576058455     
   247.5000       61.7360232326167     
   258.7500       61.9635546979315     
   270.0000       62.1535148788099     
   281.2500       62.2823898456346     
   292.5000       62.3347126567955     
   303.7500       62.3044969314585     
   315.0000       62.1943501383979     
   326.2500       62.0188823257849     
   337.5000       61.7958112064418     
   348.7500       61.5417542753066     
   360.0000       61.3608257619406     
