  0.0000000E+00   130.960183352896     
   11.25000       130.287852897125     
   22.50000       129.682012656753     
   33.75000       128.966564915725     
   45.00000       128.246915411891     
   56.25000       127.503934282848     
   67.50000       126.785411484690     
   78.75000       126.170982540729     
   90.00000       125.588137395487     
   101.2500       125.168462843090     
   112.5000       124.778906458578     
   123.7500       124.468192264370     
   135.0000       124.231823192566     
   146.2500       124.017384827337     
   157.5000       123.987881184790     
   168.7500       123.947148817598     
   180.0000       124.127635446763     
   191.2500       124.303487674074     
   202.5000       124.787684647187     
   213.7500       125.208736794533     
   225.0000       125.846807301352     
   236.2500       126.530706541922     
   247.5000       127.376372587468     
   258.7500       128.199180353231     
   270.0000       129.097642533230     
   281.2500       129.897636789857     
   292.5000       130.639343568575     
   303.7500       131.181089692137     
   315.0000       131.580578651168     
   326.2500       131.700968462059     
   337.5000       131.672685777846     
   348.7500       131.330419031751     
   360.0000       130.960183352896     
