  0.0000000E+00   76.7288671204949     
   11.25000       76.4244039626570     
   22.50000       76.0841727222211     
   33.75000       75.4766447857763     
   45.00000       74.9082087340182     
   56.25000       74.1905425545983     
   67.50000       73.4487689073404     
   78.75000       72.6406182780375     
   90.00000       71.9206224531634     
   101.2500       71.2096647894341     
   112.5000       70.6471675448737     
   123.7500       70.1692626500522     
   135.0000       69.8236817631139     
   146.2500       69.6117234845651     
   157.5000       69.4961196472643     
   168.7500       69.5145374766492     
   180.0000       69.6040422046815     
   191.2500       69.8574781123100     
   202.5000       70.1358202978769     
   213.7500       70.4907589647324     
   225.0000       70.9357775140749     
   236.2500       71.4596191019762     
   247.5000       72.0068868859599     
   258.7500       72.6584125240073     
   270.0000       73.2955664457276     
   281.2500       74.0229284770909     
   292.5000       74.7038731637246     
   303.7500       75.3878408870873     
   315.0000       75.9350910377146     
   326.2500       76.3970635587352     
   337.5000       76.6750061030121     
   348.7500       76.7721086872977     
   360.0000       76.7288671204949     
