  0.0000000E+00   67.6546696824496     
   11.25000       67.4794350801276     
   22.50000       67.1593838402198     
   33.75000       66.7994573945173     
   45.00000       66.3179791139403     
   56.25000       65.7672536741480     
   67.50000       65.2253194381654     
   78.75000       64.6204346122512     
   90.00000       64.0851593596934     
   101.2500       63.5802668596579     
   112.5000       63.0958824721643     
   123.7500       62.7487308558349     
   135.0000       62.4310524923602     
   146.2500       62.2612180986665     
   157.5000       62.0880301706743     
   168.7500       62.0216418007508     
   180.0000       61.9953689166584     
   191.2500       62.0084479350208     
   202.5000       62.1188592893601     
   213.7500       62.2139215164904     
   225.0000       62.3999608894537     
   236.2500       62.6690537639041     
   247.5000       63.0530224781435     
   258.7500       63.5255737442593     
   270.0000       64.0957060382366     
   281.2500       64.6924878500170     
   292.5000       65.3605667500631     
   303.7500       65.9536316556357     
   315.0000       66.6024230773117     
   326.2500       67.0403380435383     
   337.5000       67.4648290113896     
   348.7500       67.5992031201468     
   360.0000       67.6546696824496     
