  0.0000000E+00   78.1501662946192     
   11.25000       76.6900663256086     
   22.50000       75.4353697106422     
   33.75000       74.5486496207579     
   45.00000       73.9066530248247     
   56.25000       73.7948595271215     
   67.50000       74.0666676405404     
   78.75000       74.7924922324992     
   90.00000       75.8360048926484     
   101.2500       77.2212740276174     
   112.5000       78.7604317805999     
   123.7500       80.1747614289817     
   135.0000       81.6669555052157     
   146.2500       82.7439618722976     
   157.5000       83.7494988709809     
   168.7500       84.3245535509481     
   180.0000       84.8507027853021     
   191.2500       84.8896923099626     
   202.5000       84.9596481712378     
   213.7500       84.7103277123193     
   225.0000       84.6134924801677     
   236.2500       84.4747508725032     
   247.5000       84.5325282178451     
   258.7500       84.5856548720612     
   270.0000       84.7409536488186     
   281.2500       84.8156128397896     
   292.5000       84.6867659301398     
   303.7500       84.3043306103077     
   315.0000       83.5896739037896     
   326.2500       82.4690748366058     
   337.5000       81.1553186119298     
   348.7500       79.5915612679871     
   360.0000       78.1501662946192     
