  0.0000000E+00   79.3803759728460     
   11.25000       78.5171032178687     
   22.50000       77.7791799271510     
   33.75000       77.3759160932475     
   45.00000       77.2212036530627     
   56.25000       77.4841528849142     
   67.50000       78.0830837456096     
   78.75000       78.9829025582729     
   90.00000       80.2092884564037     
   101.2500       81.5048281725928     
   112.5000       82.9813890885610     
   123.7500       84.1638612456144     
   135.0000       85.3052431562157     
   146.2500       85.9565099172508     
   157.5000       86.4293025539116     
   168.7500       86.4587527671167     
   180.0000       86.3199781615275     
   191.2500       85.9175701866341     
   202.5000       85.3715768475772     
   213.7500       84.8034943529363     
   225.0000       84.1758943976043     
   236.2500       83.7149992492624     
   247.5000       83.4018505757210     
   258.7500       83.2266680077341     
   270.0000       83.2024490418155     
   281.2500       83.2046862640774     
   292.5000       83.1942567760471     
   303.7500       82.9550032843195     
   315.0000       82.6230571401108     
   326.2500       81.9566672680714     
   337.5000       81.2044407272099     
   348.7500       80.2898074016735     
   360.0000       79.3803759728460     
