  0.0000000E+00   86.2423203187853     
   11.25000       84.9954866152387     
   22.50000       84.0943266429902     
   33.75000       83.2783205887807     
   45.00000       82.8391262459637     
   56.25000       82.7990716188328     
   67.50000       83.0088315568720     
   78.75000       83.6564214424676     
   90.00000       84.6228599878576     
   101.2500       85.7226775657016     
   112.5000       87.0115278288843     
   123.7500       88.1165155868091     
   135.0000       89.2512334931644     
   146.2500       89.8449291066151     
   157.5000       90.3455472507224     
   168.7500       90.3257860813357     
   180.0000       90.1954852889784     
   191.2500       89.7403211419123     
   202.5000       89.3247323719329     
   213.7500       88.7784596465785     
   225.0000       88.4628557806597     
   236.2500       88.1376460884615     
   247.5000       88.1599162895575     
   258.7500       88.3047706966462     
   270.0000       88.7460998771337     
   281.2500       89.2121456402068     
   292.5000       89.5994135007364     
   303.7500       89.7058103940387     
   315.0000       89.5732055179230     
   326.2500       89.0728101230599     
   337.5000       88.3441520024339     
   348.7500       87.3346792544822     
   360.0000       86.2423203187853     
