  0.0000000E+00   56.3683406220068     
   11.25000       55.9588734330931     
   22.50000       55.6624488548932     
   33.75000       55.5351444167845     
   45.00000       55.5319227447554     
   56.25000       55.7860210688526     
   67.50000       56.1294284161682     
   78.75000       56.6625641554480     
   90.00000       57.3107166762820     
   101.2500       58.0095336472203     
   112.5000       58.7754031510180     
   123.7500       59.4480983849615     
   135.0000       60.0274444207742     
   146.2500       60.4704383732463     
   157.5000       60.7129751822159     
   168.7500       60.8478268836694     
   180.0000       60.8367449765910     
   191.2500       60.7131071444278     
   202.5000       60.5272472933314     
   213.7500       60.2668428044905     
   225.0000       60.0137019503242     
   236.2500       59.7352129243082     
   247.5000       59.5014098215244     
   258.7500       59.3096701067389     
   270.0000       59.1430667657924     
   281.2500       59.0064277947897     
   292.5000       58.8048358398457     
   303.7500       58.5612601329412     
   315.0000       58.2092774809048     
   326.2500       57.7910959225902     
   337.5000       57.3282159763669     
   348.7500       56.8168839116183     
   360.0000       56.3683406220068     
