  0.0000000E+00   71.6294712443257     
   11.25000       71.1880664456791     
   22.50000       70.8168885240383     
   33.75000       70.5020656047074     
   45.00000       70.3015360691914     
   56.25000       70.2330889909964     
   67.50000       70.2952937095071     
   78.75000       70.4974461273494     
   90.00000       70.7874399529373     
   101.2500       71.1688009317218     
   112.5000       71.5545681586184     
   123.7500       71.9571318335210     
   135.0000       72.2895813569994     
   146.2500       72.5720575832240     
   157.5000       72.7486098520227     
   168.7500       72.8539455331284     
   180.0000       72.8921679275310     
   191.2500       72.8413691583722     
   202.5000       72.8013660892977     
   213.7500       72.7404529306149     
   225.0000       72.7174835299197     
   236.2500       72.7107673427933     
   247.5000       72.7533160052572     
   258.7500       72.8174684417846     
   270.0000       72.9233033667026     
   281.2500       73.0034263233982     
   292.5000       73.0774956405543     
   303.7500       73.0580162202944     
   315.0000       72.9609639242835     
   326.2500       72.7437706153660     
   337.5000       72.4417857386188     
   348.7500       72.0474953065363     
   360.0000       71.6294712443257     
