  0.0000000E+00   72.9327100704623     
   11.25000       72.5898739844524     
   22.50000       72.3456678369541     
   33.75000       72.2371765962122     
   45.00000       72.2783970043634     
   56.25000       72.4760613417141     
   67.50000       72.8015808142909     
   78.75000       73.2691987571560     
   90.00000       73.8092662833350     
   101.2500       74.4429849212220     
   112.5000       75.0889974597963     
   123.7500       75.7313455031958     
   135.0000       76.2761330724779     
   146.2500       76.7195734231067     
   157.5000       77.0130348944236     
   168.7500       77.1688757709559     
   180.0000       77.2001920076038     
   191.2500       77.0652242611727     
   202.5000       76.8604439819731     
   213.7500       76.5636523150795     
   225.0000       76.2533033402305     
   236.2500       75.9239335823032     
   247.5000       75.6484639085961     
   258.7500       75.4212473595035     
   270.0000       75.2157470528890     
   281.2500       75.0631939889436     
   292.5000       74.8809454784738     
   303.7500       74.6805091951888     
   315.0000       74.4091847682961     
   326.2500       74.0987839775378     
   337.5000       73.7204084506406     
   348.7500       73.3423421542688     
   360.0000       72.9327100704623     
