  0.0000000E+00   75.1311074353957     
   11.25000       74.7536018664512     
   22.50000       74.4503224001844     
   33.75000       74.2258886790684     
   45.00000       74.1154281350301     
   56.25000       74.1544527700128     
   67.50000       74.3035286092554     
   78.75000       74.6186091600217     
   90.00000       75.0243249613027     
   101.2500       75.5165294105417     
   112.5000       76.0390290737069     
   123.7500       76.5246602327456     
   135.0000       76.9648635709107     
   146.2500       77.2804340813155     
   157.5000       77.4770531246251     
   168.7500       77.5404034552217     
   180.0000       77.4625466139941     
   191.2500       77.3349049203289     
   202.5000       77.1062469615240     
   213.7500       76.8458285689676     
   225.0000       76.5956509470982     
   236.2500       76.3606353423408     
   247.5000       76.2089178317039     
   258.7500       76.0938498656339     
   270.0000       76.1188617814482     
   281.2500       76.1285952510446     
   292.5000       76.2036225027924     
   303.7500       76.2671459156423     
   315.0000       76.2177090213200     
   326.2500       76.1014766931932     
   337.5000       75.8708554054639     
   348.7500       75.5096436671303     
   360.0000       75.1311074353957     
