  0.0000000E+00   60.1892175865488     
   11.25000       59.8033763384653     
   22.50000       59.5853505725845     
   33.75000       59.4791163197315     
   45.00000       59.5438989823638     
   56.25000       59.8258053475475     
   67.50000       60.2913080372487     
   78.75000       60.9364190661778     
   90.00000       61.6785861276355     
   101.2500       62.4631706711871     
   112.5000       63.2845085711031     
   123.7500       63.9746256462861     
   135.0000       64.5219427364374     
   146.2500       64.8916126709873     
   157.5000       65.0524769325213     
   168.7500       64.9958150571887     
   180.0000       64.7588166173004     
   191.2500       64.4513444303908     
   202.5000       63.9349744438134     
   213.7500       63.5181890755343     
   225.0000       63.1041370930249     
   236.2500       62.7114532422806     
   247.5000       62.4308268418093     
   258.7500       62.2053876362755     
   270.0000       62.1187149363439     
   281.2500       62.0444637079697     
   292.5000       61.9734479600534     
   303.7500       61.8792380235535     
   315.0000       61.6610878981429     
   326.2500       61.4017224264172     
   337.5000       61.0132404904177     
   348.7500       60.5978535197063     
   360.0000       60.1892175865488     
