  0.0000000E+00   63.7041866530610     
   11.25000       63.1473310615735     
   22.50000       62.7268103225292     
   33.75000       62.4335300593482     
   45.00000       62.3821998433713     
   56.25000       62.5603503951845     
   67.50000       62.9572671300552     
   78.75000       63.6272692083727     
   90.00000       64.4229000808159     
   101.2500       65.3045310369052     
   112.5000       66.2746578484002     
   123.7500       67.1337300765205     
   135.0000       67.8970964074085     
   146.2500       68.4766568383131     
   157.5000       68.8348468182712     
   168.7500       68.9389740372967     
   180.0000       68.8440588292402     
   191.2500       68.6146846626982     
   202.5000       68.1464171641087     
   213.7500       67.6898580490600     
   225.0000       67.2287170914506     
   236.2500       66.7362754752812     
   247.5000       66.5031366491326     
   258.7500       66.2894345406089     
   270.0000       66.2388806424588     
   281.2500       66.1815531880995     
   292.5000       66.1310185868509     
   303.7500       66.0235136638190     
   315.0000       65.7253655967972     
   326.2500       65.3844431137840     
   337.5000       64.8196407595031     
   348.7500       64.3052199124803     
   360.0000       63.7041866530610     
