  0.0000000E+00   64.4162738176837     
   11.25000       63.8888185361380     
   22.50000       63.4711318566557     
   33.75000       63.2730565645457     
   45.00000       63.2902535926968     
   56.25000       63.5220232990166     
   67.50000       64.0275920758806     
   78.75000       64.6948440325776     
   90.00000       65.5096042408493     
   101.2500       66.4752579858335     
   112.5000       67.4164452099174     
   123.7500       68.3340105314922     
   135.0000       69.1116298177564     
   146.2500       69.6269614418022     
   157.5000       70.0006471656571     
   168.7500       70.0772211262350     
   180.0000       69.9865953571281     
   191.2500       69.6971350706411     
   202.5000       69.3516151138127     
   213.7500       68.9057913013866     
   225.0000       68.4260497564501     
   236.2500       68.1055193391805     
   247.5000       67.7130396556469     
   258.7500       67.5437353304332     
   270.0000       67.4495222228552     
   281.2500       67.2902597525973     
   292.5000       67.2040966279368     
   303.7500       66.9238855109908     
   315.0000       66.6331161049262     
   326.2500       66.1701417334482     
   337.5000       65.6273391743164     
   348.7500       65.0666320751215     
   360.0000       64.4162738176837     
