  0.0000000E+00   77.9037538991232     
   11.25000       77.3000884721571     
   22.50000       76.7390063996035     
   33.75000       76.4383228683672     
   45.00000       76.3423980567354     
   56.25000       76.5939164663254     
   67.50000       77.0682784741562     
   78.75000       77.8410024682460     
   90.00000       78.7880244636921     
   101.2500       79.8920981997043     
   112.5000       80.9896847009334     
   123.7500       82.0421237241624     
   135.0000       82.8664748436689     
   146.2500       83.4767488249549     
   157.5000       83.8180931491213     
   168.7500       83.8451421104750     
   180.0000       83.6895345526726     
   191.2500       83.2439496012449     
   202.5000       82.7793634254852     
   213.7500       82.1580978037241     
   225.0000       81.6461915461753     
   236.2500       81.2286526806456     
   247.5000       80.9754570781586     
   258.7500       80.8336196762820     
   270.0000       80.8173895927991     
   281.2500       80.8316499207761     
   292.5000       80.8193819838766     
   303.7500       80.6836882566829     
   315.0000       80.3996951427541     
   326.2500       79.9277831323457     
   337.5000       79.3194798168723     
   348.7500       78.6341867162559     
   360.0000       77.9037538991232     
