  0.0000000E+00   72.8900066630467     
   11.25000       72.5705799323230     
   22.50000       72.2088133498269     
   33.75000       71.8986344284146     
   45.00000       71.6369892898666     
   56.25000       71.4840485333426     
   67.50000       71.4102850645350     
   78.75000       71.4692587931163     
   90.00000       71.6362669323571     
   101.2500       71.8951866100607     
   112.5000       72.2454821434632     
   123.7500       72.5814062272046     
   135.0000       72.9315908046038     
   146.2500       73.2066135610855     
   157.5000       73.4100989442468     
   168.7500       73.5287294101586     
   180.0000       73.5201950176540     
   191.2500       73.4580555333151     
   202.5000       73.3104055999801     
   213.7500       73.1559329137830     
   225.0000       72.9998327529572     
   236.2500       72.9013308482897     
   247.5000       72.8492506084942     
   258.7500       72.8931527686794     
   270.0000       72.9873958675771     
   281.2500       73.1540086017747     
   292.5000       73.3183431249768     
   303.7500       73.4742525929861     
   315.0000       73.5534759789031     
   326.2500       73.5449010596266     
   337.5000       73.4188742156101     
   348.7500       73.1970146257205     
   360.0000       72.8900066630467     
