  0.0000000E+00   72.2042133324617     
   11.25000       72.1459464115481     
   22.50000       72.0992031387136     
   33.75000       72.0698791366872     
   45.00000       72.1210692169869     
   56.25000       72.2073743143752     
   67.50000       72.3720139774838     
   78.75000       72.5707230134593     
   90.00000       72.7946478943286     
   101.2500       73.0336473749471     
   112.5000       73.2235974743904     
   123.7500       73.3661894813905     
   135.0000       73.4158329835865     
   146.2500       73.3963823371465     
   157.5000       73.2954639030454     
   168.7500       73.1576302960100     
   180.0000       72.9397491151142     
   191.2500       72.7293724787869     
   202.5000       72.4861181656063     
   213.7500       72.2909484314483     
   225.0000       72.1246553563510     
   236.2500       72.0159333040328     
   247.5000       71.9688841127404     
   258.7500       71.9817416604269     
   270.0000       72.0455749919206     
   281.2500       72.1521664603282     
   292.5000       72.2527637313508     
   303.7500       72.3577809197743     
   315.0000       72.3922476630281     
   326.2500       72.4192146765334     
   337.5000       72.3606822061432     
   348.7500       72.3070988145840     
   360.0000       72.2042133324617     
