  0.0000000E+00   75.2597013695417     
   11.25000       74.6466012038326     
   22.50000       74.1632993544383     
   33.75000       73.7760787488402     
   45.00000       73.6038723644784     
   56.25000       73.6054308682875     
   67.50000       73.8409881495423     
   78.75000       74.2797849245632     
   90.00000       74.9109463807337     
   101.2500       75.6523462822027     
   112.5000       76.4601112232339     
   123.7500       77.2580637375576     
   135.0000       77.9417085265983     
   146.2500       78.5060403710906     
   157.5000       78.8362834916119     
   168.7500       78.9684502741241     
   180.0000       78.8964965347508     
   191.2500       78.6851992536608     
   202.5000       78.3584903693884     
   213.7500       78.0023247470083     
   225.0000       77.6414918165560     
   236.2500       77.4075267605285     
   247.5000       77.2124248588345     
   258.7500       77.1890039535803     
   270.0000       77.1816425890260     
   281.2500       77.2798537757644     
   292.5000       77.3218859030251     
   303.7500       77.3248967606744     
   315.0000       77.2045543674771     
   326.2500       76.8793565545213     
   337.5000       76.4458734366869     
   348.7500       75.8466820495136     
   360.0000       75.2597013695417     
