  0.0000000E+00   81.6459137438528     
   11.25000       80.8924330728223     
   22.50000       80.4841155795192     
   33.75000       80.1627798470635     
   45.00000       80.3295198592016     
   56.25000       80.6826879203080     
   67.50000       81.5383866306367     
   78.75000       82.5971141598676     
   90.00000       83.9549643741520     
   101.2500       85.4252043054900     
   112.5000       86.9039723512306     
   123.7500       88.2506388737840     
   135.0000       89.3095481919069     
   146.2500       90.0268709574553     
   157.5000       90.2794204115082     
   168.7500       90.1424604783084     
   180.0000       89.5307820115490     
   191.2500       88.7578174172171     
   202.5000       87.7337147715983     
   213.7500       86.6919729234231     
   225.0000       85.7085448682563     
   236.2500       84.8160581772057     
   247.5000       84.3115389124204     
   258.7500       83.9899592897770     
   270.0000       83.9996356004358     
   281.2500       84.0175835064173     
   292.5000       84.2399708598957     
   303.7500       84.2000434887572     
   315.0000       84.0370564229726     
   326.2500       83.6612638143277     
   337.5000       83.0328119708805     
   348.7500       82.3527856404179     
   360.0000       81.6459137438528     
