  0.0000000E+00   43.5674694352419     
   11.25000       43.3999522047861     
   22.50000       43.3263632777127     
   33.75000       43.3204250887510     
   45.00000       43.4151622346273     
   56.25000       43.5863360302196     
   67.50000       43.8391572940610     
   78.75000       44.1619713488667     
   90.00000       44.5239665235806     
   101.2500       44.9296182497539     
   112.5000       45.3394715516364     
   123.7500       45.7238404280627     
   135.0000       46.0628825337308     
   146.2500       46.3575059935394     
   157.5000       46.5805339254868     
   168.7500       46.7288849053900     
   180.0000       46.7895111766123     
   191.2500       46.7805932515588     
   202.5000       46.7171416133031     
   213.7500       46.5883561975501     
   225.0000       46.4374125537813     
   236.2500       46.2363620773881     
   247.5000       46.0300592240805     
   258.7500       45.8280113843161     
   270.0000       45.6195437741253     
   281.2500       45.3913210527793     
   292.5000       45.1600836850096     
   303.7500       44.9102118076942     
   315.0000       44.6280897432493     
   326.2500       44.3316986191637     
   337.5000       44.0363894311549     
   348.7500       43.7748610137646     
   360.0000       43.5674694352419     
