  0.0000000E+00   74.7325165069389     
   11.25000       74.4020894294630     
   22.50000       74.1324290428556     
   33.75000       74.0044793826174     
   45.00000       73.9818664475021     
   56.25000       74.1572492257260     
   67.50000       74.4252426278630     
   78.75000       74.8153719810952     
   90.00000       75.3086960335100     
   101.2500       75.8221143717000     
   112.5000       76.3433824695808     
   123.7500       76.7831154983600     
   135.0000       77.1157175622196     
   146.2500       77.3294351621001     
   157.5000       77.3789605409722     
   168.7500       77.3158290315160     
   180.0000       77.1431749566934     
   191.2500       76.8739159929992     
   202.5000       76.5779730870116     
   213.7500       76.2571922686241     
   225.0000       75.9944758237138     
   236.2500       75.7728314583548     
   247.5000       75.6612429462716     
   258.7500       75.6396304048156     
   270.0000       75.6960861023093     
   281.2500       75.8043421095817     
   292.5000       75.8439302960251     
   303.7500       75.8482173471165     
   315.0000       75.7892952389821     
   326.2500       75.6076408491938     
   337.5000       75.4067600416117     
   348.7500       75.0780764550534     
   360.0000       74.7325165069389     
