  0.0000000E+00   76.6751816523709     
   11.25000       76.1375081124058     
   22.50000       75.8030810546632     
   33.75000       75.5630401215391     
   45.00000       75.5530972234410     
   56.25000       75.7322537574973     
   67.50000       76.1756742628391     
   78.75000       76.8027183514753     
   90.00000       77.5781260243038     
   101.2500       78.4558833269628     
   112.5000       79.2940620953802     
   123.7500       80.0913655470056     
   135.0000       80.6613722377648     
   146.2500       81.0902093246747     
   157.5000       81.2132790049924     
   168.7500       81.2032050859360     
   180.0000       80.9719877507605     
   191.2500       80.6402922274159     
   202.5000       80.1988374492963     
   213.7500       79.7854443301861     
   225.0000       79.3555670486271     
   236.2500       79.0524297474251     
   247.5000       78.8080160419819     
   258.7500       78.7477662464385     
   270.0000       78.7454583875495     
   281.2500       78.8256257904369     
   292.5000       78.8682610002623     
   303.7500       78.8103302522432     
   315.0000       78.6428766907895     
   326.2500       78.2729951402591     
   337.5000       77.8089691181906     
   348.7500       77.2148376687237     
   360.0000       76.6751816523709     
