  0.0000000E+00   38.9094197722546     
   11.25000       38.8082722802482     
   22.50000       38.7488185690084     
   33.75000       38.7645509284417     
   45.00000       38.8408462568826     
   56.25000       38.9774528620751     
   67.50000       39.1948703156842     
   78.75000       39.4525038979779     
   90.00000       39.7469136542603     
   101.2500       40.0702241915897     
   112.5000       40.3826751724367     
   123.7500       40.6985194119268     
   135.0000       40.9686715169496     
   146.2500       41.2152576240719     
   157.5000       41.4012993389398     
   168.7500       41.5312610518166     
   180.0000       41.6091843665967     
   191.2500       41.6240962550079     
   202.5000       41.5733174052948     
   213.7500       41.4711421899124     
   225.0000       41.3391339324169     
   236.2500       41.1771798455326     
   247.5000       41.0110644687436     
   258.7500       40.8297997864439     
   270.0000       40.6259788125420     
   281.2500       40.4104478711934     
   292.5000       40.1770822691612     
   303.7500       39.9452268755159     
   315.0000       39.7068015387311     
   326.2500       39.4662759451210     
   337.5000       39.2559145899816     
   348.7500       39.0635186499565     
   360.0000       38.9094197722546     
