  0.0000000E+00   102.555447211416     
   11.25000       102.908506087763     
   22.50000       103.804404187701     
   33.75000       105.162437462512     
   45.00000       106.876290584478     
   56.25000       109.192845140184     
   67.50000       112.061316362721     
   78.75000       115.368681921052     
   90.00000       118.900280640815     
   101.2500       122.530641100949     
   112.5000       125.859580559513     
   123.7500       128.781144608059     
   135.0000       131.073751662446     
   146.2500       132.232291491066     
   157.5000       132.580976751365     
   168.7500       132.132502251277     
   180.0000       129.839127774649     
   191.2500       127.479760775415     
   202.5000       124.523173911691     
   213.7500       121.144809961805     
   225.0000       118.048444010674     
   236.2500       114.578315849865     
   247.5000       111.714477911630     
   258.7500       109.443830209970     
   270.0000       107.713203360260     
   281.2500       106.450521179700     
   292.5000       105.421929150035     
   303.7500       104.625306810007     
   315.0000       103.814767591908     
   326.2500       103.235231146248     
   337.5000       102.729794537649     
   348.7500       102.541520265043     
   360.0000       102.555447211416     
