  0.0000000E+00   73.6721912601022     
   11.25000       73.1748865825713     
   22.50000       72.7101281850636     
   33.75000       72.3527140809900     
   45.00000       72.1172121192677     
   56.25000       72.0436136717797     
   67.50000       72.1282113508893     
   78.75000       72.3942203517817     
   90.00000       72.7946947564208     
   101.2500       73.3187197034152     
   112.5000       73.9238562788333     
   123.7500       74.5106285178475     
   135.0000       75.0572604388172     
   146.2500       75.4708932873376     
   157.5000       75.7442647238008     
   168.7500       75.8518389066824     
   180.0000       75.8443028351352     
   191.2500       75.7155284361121     
   202.5000       75.5032765063266     
   213.7500       75.2814762924703     
   225.0000       75.0308328245757     
   236.2500       74.8756467917912     
   247.5000       74.7884418894425     
   258.7500       74.8007586431662     
   270.0000       74.8558752703705     
   281.2500       74.9864322986119     
   292.5000       75.0771491060993     
   303.7500       75.1456427420400     
   315.0000       75.0686248066423     
   326.2500       74.8965107712198     
   337.5000       74.5642269961766     
   348.7500       74.1798856813793     
   360.0000       73.6721912601022     
