  0.0000000E+00   83.4981196349478     
   11.25000       82.8163616519893     
   22.50000       82.2811805518010     
   33.75000       81.9582258473668     
   45.00000       82.0362574224022     
   56.25000       82.2343457752637     
   67.50000       82.8813038923824     
   78.75000       83.7248870901562     
   90.00000       84.9852442432040     
   101.2500       86.2039092035176     
   112.5000       87.5945448625941     
   123.7500       88.7084546992954     
   135.0000       89.6075980996706     
   146.2500       90.0929982870293     
   157.5000       90.2130536383807     
   168.7500       89.9698527816792     
   180.0000       89.3958094874022     
   191.2500       88.5768659624019     
   202.5000       87.7138473207869     
   213.7500       86.8088635776034     
   225.0000       85.9673431037545     
   236.2500       85.4033866837737     
   247.5000       85.0237143118945     
   258.7500       85.0127824239878     
   270.0000       85.2923208367256     
   281.2500       85.5987251153553     
   292.5000       85.9343704229050     
   303.7500       86.0063367206729     
   315.0000       86.0199778839171     
   326.2500       85.5378889518615     
   337.5000       85.0946919078809     
   348.7500       84.3419423163246     
   360.0000       83.4981196349478     
