  0.0000000E+00   71.0323695342052     
   11.25000       70.8977636092215     
   22.50000       70.8122656042200     
   33.75000       70.7558649334479     
   45.00000       70.7868735305692     
   56.25000       70.9122691171321     
   67.50000       71.1493631433946     
   78.75000       71.5071130559633     
   90.00000       71.9514532429365     
   101.2500       72.4737740199306     
   112.5000       73.0133914169239     
   123.7500       73.5353130545524     
   135.0000       73.9809345387177     
   146.2500       74.3172712690771     
   157.5000       74.4940253861040     
   168.7500       74.5285890218240     
   180.0000       74.4039788290165     
   191.2500       74.1793765969616     
   202.5000       73.8192185085433     
   213.7500       73.4195788140029     
   225.0000       72.9755932302410     
   236.2500       72.5755365330559     
   247.5000       72.1985637578328     
   258.7500       71.9168668452053     
   270.0000       71.7014725323969     
   281.2500       71.5642462881283     
   292.5000       71.4949183687462     
   303.7500       71.4333996672160     
   315.0000       71.4140710571534     
   326.2500       71.3419480141043     
   337.5000       71.2675347395398     
   348.7500       71.1535516114189     
   360.0000       71.0323695342052     
