  0.0000000E+00   72.2648982367803     
   11.25000       72.0758255760749     
   22.50000       71.9053983135988     
   33.75000       71.8155486268059     
   45.00000       71.8241878475444     
   56.25000       71.9889239084381     
   67.50000       72.2810396949689     
   78.75000       72.7293462438593     
   90.00000       73.2628557798157     
   101.2500       73.8915180352841     
   112.5000       74.4917536030599     
   123.7500       75.0689233344744     
   135.0000       75.5081647434873     
   146.2500       75.8004345871513     
   157.5000       75.9061236982816     
   168.7500       75.8294889514619     
   180.0000       75.5753326229085     
   191.2500       75.2019765955133     
   202.5000       74.7341690555936     
   213.7500       74.2509042049301     
   225.0000       73.7534861940005     
   236.2500       73.3412442864818     
   247.5000       73.0055913632608     
   258.7500       72.7845334838027     
   270.0000       72.6837519727917     
   281.2500       72.6618188981335     
   292.5000       72.7270338897567     
   303.7500       72.7593817312029     
   315.0000       72.7966412151171     
   326.2500       72.7481718745454     
   337.5000       72.6412414619254     
   348.7500       72.4756273294663     
   360.0000       72.2648982367803     
