  0.0000000E+00   43.3728007375781     
   11.25000       43.0987164286344     
   22.50000       42.9088545380280     
   33.75000       42.8160939329403     
   45.00000       42.8326229713695     
   56.25000       42.9669378326431     
   67.50000       43.1897890632472     
   78.75000       43.5027381060954     
   90.00000       43.8717996182251     
   101.2500       44.2696039970363     
   112.5000       44.6652589108895     
   123.7500       45.0482195316659     
   135.0000       45.3747196040730     
   146.2500       45.6312385629796     
   157.5000       45.8087130765948     
   168.7500       45.9106423691784     
   180.0000       45.9561636571869     
   191.2500       45.9235870504127     
   202.5000       45.8600514913303     
   213.7500       45.7616240715541     
   225.0000       45.6457379332962     
   236.2500       45.5558764718390     
   247.5000       45.4626756140869     
   258.7500       45.3574155535622     
   270.0000       45.2561538474451     
   281.2500       45.1409410880259     
   292.5000       44.9902863485651     
   303.7500       44.8023840945439     
   315.0000       44.5731354927527     
   326.2500       44.3028602857737     
   337.5000       44.0041716071127     
   348.7500       43.6627514749759     
   360.0000       43.3728007375781     
