  0.0000000E+00   78.3928690850666     
   11.25000       76.7665498213428     
   22.50000       75.4240148570375     
   33.75000       74.3889332471939     
   45.00000       73.7912461427528     
   56.25000       73.7935119269655     
   67.50000       74.1576191827434     
   78.75000       75.1328763819158     
   90.00000       76.4039203428847     
   101.2500       78.0802958267693     
   112.5000       79.8190851776662     
   123.7500       81.6672568744101     
   135.0000       83.4620972942809     
   146.2500       84.9032655860499     
   157.5000       86.2694278835012     
   168.7500       87.0707803188377     
   180.0000       87.7405892502584     
   191.2500       87.9224553022311     
   202.5000       88.1288383205314     
   213.7500       87.9352813846687     
   225.0000       87.9291032553067     
   236.2500       87.6385323280422     
   247.5000       87.5998861797855     
   258.7500       87.5041558168333     
   270.0000       87.4912302429997     
   281.2500       87.2534244001012     
   292.5000       86.8383319249698     
   303.7500       86.0860462781768     
   315.0000       84.9301665484228     
   326.2500       83.4725602587189     
   337.5000       81.8321292276772     
   348.7500       80.0470794839162     
   360.0000       78.3928690850666     
