  0.0000000E+00   56.5156614851637     
   11.25000       56.1203419841578     
   22.50000       55.8666004858921     
   33.75000       55.7583265626581     
   45.00000       55.7985471216990     
   56.25000       56.0692479078173     
   67.50000       56.4263392541486     
   78.75000       56.9845728562477     
   90.00000       57.6282164068262     
   101.2500       58.3474000599305     
   112.5000       59.1079766126752     
   123.7500       59.7577736748893     
   135.0000       60.3401236183939     
   146.2500       60.7659588125798     
   157.5000       61.0295591367509     
   168.7500       61.1942324928373     
   180.0000       61.1714600233143     
   191.2500       61.0775021051876     
   202.5000       60.8926956293976     
   213.7500       60.6279433755917     
   225.0000       60.3548153793284     
   236.2500       60.0484182363644     
   247.5000       59.8009140350624     
   258.7500       59.5795685312301     
   270.0000       59.3904220442502     
   281.2500       59.2119373100236     
   292.5000       58.9698648070323     
   303.7500       58.6942301346362     
   315.0000       58.3162821175357     
   326.2500       57.9014018477458     
   337.5000       57.4328237495275     
   348.7500       56.9428522756663     
   360.0000       56.5156614851637     
