  0.0000000E+00   65.1222836616951     
   11.25000       64.6092368435731     
   22.50000       64.2106964495335     
   33.75000       64.0206032800668     
   45.00000       63.9977466687391     
   56.25000       64.2489649135243     
   67.50000       64.7167162939617     
   78.75000       65.3598514363780     
   90.00000       66.2224957133874     
   101.2500       67.1748978691522     
   112.5000       68.1515174610516     
   123.7500       69.0968589737738     
   135.0000       69.8506378199020     
   146.2500       70.4808995701918     
   157.5000       70.8471514381339     
   168.7500       70.9569748398167     
   180.0000       70.9516960867937     
   191.2500       70.6931104014330     
   202.5000       70.3417913608526     
   213.7500       69.8572223627433     
   225.0000       69.4267538009575     
   236.2500       68.9467426451661     
   247.5000       68.5720791739265     
   258.7500       68.3403230292101     
   270.0000       68.0743575804944     
   281.2500       67.9800993576417     
   292.5000       67.8214596550961     
   303.7500       67.5689535684719     
   315.0000       67.3027442835407     
   326.2500       66.7917181224162     
   337.5000       66.3210097641563     
   348.7500       65.7093440587236     
   360.0000       65.1222836616951     
