  0.0000000E+00   71.8892671863878     
   11.25000       71.7889272608575     
   22.50000       71.7748881166000     
   33.75000       71.7768647157870     
   45.00000       71.8788457367255     
   56.25000       72.0508443785477     
   67.50000       72.2963098214073     
   78.75000       72.6041412247717     
   90.00000       72.9222096648873     
   101.2500       73.2459775913176     
   112.5000       73.5215468695945     
   123.7500       73.7285204740878     
   135.0000       73.8220000560553     
   146.2500       73.8076064688409     
   157.5000       73.6543858318816     
   168.7500       73.4425752841322     
   180.0000       73.1415993693164     
   191.2500       72.8300413401507     
   202.5000       72.4897630669121     
   213.7500       72.2045467218208     
   225.0000       71.9750703021022     
   236.2500       71.8152028052816     
   247.5000       71.7380177180751     
   258.7500       71.7455966767555     
   270.0000       71.8033844505623     
   281.2500       71.9210268428671     
   292.5000       72.0192624801172     
   303.7500       72.1317552802535     
   315.0000       72.1599697220191     
   326.2500       72.1675073272302     
   337.5000       72.0886978035101     
   348.7500       72.0027961126387     
   360.0000       71.8892671863878     
