  0.0000000E+00   71.2041293977527     
   11.25000       70.8114841880948     
   22.50000       70.5056119400269     
   33.75000       70.2709445444300     
   45.00000       70.1658780765906     
   56.25000       70.1867261152250     
   67.50000       70.3367847173062     
   78.75000       70.6023402511345     
   90.00000       70.9451659561937     
   101.2500       71.3556130603933     
   112.5000       71.7644571024725     
   123.7500       72.1796216478211     
   135.0000       72.5175080749434     
   146.2500       72.8151741519982     
   157.5000       73.0089616467826     
   168.7500       73.1509620495960     
   180.0000       73.1953809459476     
   191.2500       73.1972224598460     
   202.5000       73.1823858765515     
   213.7500       73.1301085883043     
   225.0000       73.0944595089646     
   236.2500       73.0449550488382     
   247.5000       73.0349777311386     
   258.7500       73.0317421039672     
   270.0000       73.0491923501169     
   281.2500       73.0380523925624     
   292.5000       73.0027971024851     
   303.7500       72.8698807395385     
   315.0000       72.6797889560850     
   326.2500       72.3806918608743     
   337.5000       72.0269472715234     
   348.7500       71.6126009913305     
   360.0000       71.2041293977527     
