  0.0000000E+00   72.3704884677612     
   11.25000       72.1770300874112     
   22.50000       72.0040317911760     
   33.75000       71.9130570680068     
   45.00000       71.9360455319878     
   56.25000       72.1164899694157     
   67.50000       72.4237792535502     
   78.75000       72.8843042845130     
   90.00000       73.4249048666214     
   101.2500       74.0446005866359     
   112.5000       74.6233622824098     
   123.7500       75.1698441076247     
   135.0000       75.5557766173350     
   146.2500       75.8014612093454     
   157.5000       75.8506524312021     
   168.7500       75.7243491401389     
   180.0000       75.4353923999530     
   191.2500       75.0426505594323     
   202.5000       74.5700900428305     
   213.7500       74.0865502128223     
   225.0000       73.6002976638806     
   236.2500       73.2150978400262     
   247.5000       72.9175446525853     
   258.7500       72.7511207668240     
   270.0000       72.7008096504309     
   281.2500       72.7318259967033     
   292.5000       72.8250314518194     
   303.7500       72.8783277567713     
   315.0000       72.9292574509154     
   326.2500       72.8723110264057     
   337.5000       72.7651132075952     
   348.7500       72.5843669659931     
   360.0000       72.3704884677612     
