  0.0000000E+00   75.2177330066965     
   11.25000       74.8488562230525     
   22.50000       74.4974879860733     
   33.75000       74.3610636385663     
   45.00000       74.3675697585129     
   56.25000       74.5764823826200     
   67.50000       74.9690449056787     
   78.75000       75.5306350897363     
   90.00000       76.2547623054722     
   101.2500       77.0623338294276     
   112.5000       77.9230088477268     
   123.7500       78.7436668872504     
   135.0000       79.4798747422465     
   146.2500       80.0378562182655     
   157.5000       80.4240497954105     
   168.7500       80.5545471863689     
   180.0000       80.5172769486511     
   191.2500       80.2327102429971     
   202.5000       79.8674930302523     
   213.7500       79.3947296103070     
   225.0000       78.9419379424933     
   236.2500       78.4900991736847     
   247.5000       78.1274686380452     
   258.7500       77.8282183258860     
   270.0000       77.6277876761758     
   281.2500       77.4730509429003     
   292.5000       77.3273230193722     
   303.7500       77.1789688646970     
   315.0000       76.9057120551903     
   326.2500       76.5991137973932     
   337.5000       76.1446868681270     
   348.7500       75.7170350002836     
   360.0000       75.2177330066965     
