  0.0000000E+00   192.810831300058     
   11.25000       192.196490003208     
   22.50000       191.535582524897     
   33.75000       190.906906145487     
   45.00000       190.273638307198     
   56.25000       189.717877258223     
   67.50000       189.207380671765     
   78.75000       188.803390566389     
   90.00000       188.501856684318     
   101.2500       188.316947431862     
   112.5000       188.283414424557     
   123.7500       188.299412051392     
   135.0000       188.381007036512     
   146.2500       188.457565957694     
   157.5000       188.450031691435     
   168.7500       188.457512094974     
   180.0000       188.505502143304     
   191.2500       188.621171155204     
   202.5000       188.771950747650     
   213.7500       189.036218567107     
   225.0000       189.403022177691     
   236.2500       189.935083229726     
   247.5000       190.492634356632     
   258.7500       191.186169767310     
   270.0000       191.815292694910     
   281.2500       192.415610347537     
   292.5000       193.012281597495     
   303.7500       193.416570962265     
   315.0000       193.697350623651     
   326.2500       193.733958715396     
   337.5000       193.639535537589     
   348.7500       193.283858673017     
   360.0000       192.810831300058     
