  0.0000000E+00   155.242303933137     
   11.25000       154.701723013136     
   22.50000       154.029433077263     
   33.75000       153.311969739565     
   45.00000       152.639513513503     
   56.25000       151.941868548389     
   67.50000       151.392401030364     
   78.75000       150.932402282553     
   90.00000       150.564623017678     
   101.2500       150.214534021586     
   112.5000       149.938535210360     
   123.7500       149.733955675943     
   135.0000       149.575148641080     
   146.2500       149.503326916795     
   157.5000       149.490945242722     
   168.7500       149.385525082442     
   180.0000       149.401334923754     
   191.2500       149.463667563908     
   202.5000       149.614849246960     
   213.7500       149.979117835183     
   225.0000       150.451441411644     
   236.2500       151.116453756985     
   247.5000       151.896397742996     
   258.7500       152.691887918411     
   270.0000       153.502323170505     
   281.2500       154.256983997358     
   292.5000       154.932179953725     
   303.7500       155.454033990533     
   315.0000       155.772255386472     
   326.2500       155.965201905853     
   337.5000       155.917319471728     
   348.7500       155.665884597443     
   360.0000       155.242303933137     
