  0.0000000E+00   69.4934879960954     
   11.25000       69.2022862568896     
   22.50000       68.7148190618232     
   33.75000       68.0478821644546     
   45.00000       67.3967055319454     
   56.25000       66.6837943424207     
   67.50000       65.9508632751656     
   78.75000       65.2288610549469     
   90.00000       64.5950113540277     
   101.2500       64.0226391332152     
   112.5000       63.6062510769306     
   123.7500       63.2533643477308     
   135.0000       63.0837943585787     
   146.2500       62.9649474049818     
   157.5000       63.0189753019833     
   168.7500       63.1491463453467     
   180.0000       63.3839895233519     
   191.2500       63.6952322931454     
   202.5000       64.0427778932070     
   213.7500       64.3821163784246     
   225.0000       64.8313123786610     
   236.2500       65.2887239198892     
   247.5000       65.8393948066625     
   258.7500       66.4117014849110     
   270.0000       67.0084305488006     
   281.2500       67.6219432833498     
   292.5000       68.1653865884882     
   303.7500       68.7106953996125     
   315.0000       69.1207216678590     
   326.2500       69.4644939432788     
   337.5000       69.6124785021232     
   348.7500       69.6673267093184     
   360.0000       69.4934879960954     
