  0.0000000E+00   99.9932491887909     
   11.25000       99.6371917083384     
   22.50000       99.1244490236080     
   33.75000       98.4702695376088     
   45.00000       97.7041161078213     
   56.25000       96.8753606937155     
   67.50000       96.0250444364377     
   78.75000       95.1894461419499     
   90.00000       94.4415792064433     
   101.2500       93.7587335338685     
   112.5000       93.2331379948658     
   123.7500       92.8352698353804     
   135.0000       92.6052513129578     
   146.2500       92.4536901564491     
   157.5000       92.5053745235633     
   168.7500       92.6109170265083     
   180.0000       92.9188411841116     
   191.2500       93.2857794164499     
   202.5000       93.8099431929711     
   213.7500       94.3721649917707     
   225.0000       95.0137113947068     
   236.2500       95.6108763389228     
   247.5000       96.3086989048298     
   258.7500       96.9701452008399     
   270.0000       97.6787106752821     
   281.2500       98.3332344986235     
   292.5000       98.9419161483698     
   303.7500       99.4808414073752     
   315.0000       99.8776517795050     
   326.2500       100.191933948934     
   337.5000       100.268346503551     
   348.7500       100.262219000651     
   360.0000       99.9932491887909     
