  0.0000000E+00   86.8555331293666     
   11.25000       86.5132334572510     
   22.50000       86.0702769896816     
   33.75000       85.4575951566558     
   45.00000       84.7274433748763     
   56.25000       83.9965353978838     
   67.50000       83.1249518852179     
   78.75000       82.3914717856553     
   90.00000       81.6790720500389     
   101.2500       81.0030653134259     
   112.5000       80.4238150416860     
   123.7500       79.9518056687730     
   135.0000       79.6099589970348     
   146.2500       79.4207809040792     
   157.5000       79.3853940154947     
   168.7500       79.4699974830901     
   180.0000       79.6682820355272     
   191.2500       80.0093742555605     
   202.5000       80.4880752223375     
   213.7500       81.0249480231452     
   225.0000       81.7237679075495     
   236.2500       82.4179954569276     
   247.5000       83.1849299110437     
   258.7500       83.9366498861854     
   270.0000       84.6074877646273     
   281.2500       85.3178857625407     
   292.5000       85.8688918341843     
   303.7500       86.3833565150630     
   315.0000       86.6973900207276     
   326.2500       86.9376234516596     
   337.5000       87.0107864901386     
   348.7500       86.9564069114950     
   360.0000       86.8555331293666     
