  0.0000000E+00   48.0820748281852     
   11.25000       47.8949970470228     
   22.50000       47.4303357052203     
   33.75000       46.9388741101012     
   45.00000       46.2140501195064     
   56.25000       45.6112064837485     
   67.50000       44.9577037680140     
   78.75000       44.3782530889770     
   90.00000       43.8380658309151     
   101.2500       43.4109119650342     
   112.5000       43.0693235228412     
   123.7500       42.7903071397981     
   135.0000       42.6242302178816     
   146.2500       42.4638377110594     
   157.5000       42.4066804898773     
   168.7500       42.3069673698761     
   180.0000       42.3321786801048     
   191.2500       42.2434636095127     
   202.5000       42.2648539497432     
   213.7500       42.3074456933865     
   225.0000       42.4833062226842     
   236.2500       42.7707437854348     
   247.5000       43.1291442490002     
   258.7500       43.6537489021075     
   270.0000       44.2759867257216     
   281.2500       45.0272054269720     
   292.5000       45.7704007798314     
   303.7500       46.5572987976022     
   315.0000       47.1750764194749     
   326.2500       47.7136992078625     
   337.5000       48.0137096871280     
   348.7500       48.1379139519618     
   360.0000       48.0820748281852     
