  0.0000000E+00   87.9050205616574     
   11.25000       87.3254046495236     
   22.50000       86.8074434713108     
   33.75000       86.2247810914100     
   45.00000       85.5108324238376     
   56.25000       84.8250092125257     
   67.50000       84.1353126524614     
   78.75000       83.4557078054017     
   90.00000       82.8913566998438     
   101.2500       82.4304421536837     
   112.5000       82.0701837527631     
   123.7500       81.7730762392161     
   135.0000       81.6377978726056     
   146.2500       81.6181435970512     
   157.5000       81.6346698842899     
   168.7500       81.7971455183279     
   180.0000       82.0144774401058     
   191.2500       82.3183378160906     
   202.5000       82.6614151048808     
   213.7500       83.1565360415946     
   225.0000       83.6279631014467     
   236.2500       84.0821406175986     
   247.5000       84.7237156595316     
   258.7500       85.3121459923401     
   270.0000       85.9717334148571     
   281.2500       86.6032409389526     
   292.5000       87.1571648995814     
   303.7500       87.7226378285747     
   315.0000       88.0553830883072     
   326.2500       88.3263039898032     
   337.5000       88.3583018407698     
   348.7500       88.1869190071788     
   360.0000       87.9050205616574     
