  0.0000000E+00   71.6422029230958     
   11.25000       71.2569941573313     
   22.50000       70.8534837827139     
   33.75000       70.2263059029371     
   45.00000       69.6489689852751     
   56.25000       68.9587257509515     
   67.50000       68.2566552903891     
   78.75000       67.5071541822518     
   90.00000       66.8372087033617     
   101.2500       66.1802347850538     
   112.5000       65.6547114331481     
   123.7500       65.2092286848959     
   135.0000       64.8874180821396     
   146.2500       64.6953311950675     
   157.5000       64.6057698403620     
   168.7500       64.6573795633182     
   180.0000       64.7951215298348     
   191.2500       65.1078016721344     
   202.5000       65.4632180833792     
   213.7500       65.9063692039683     
   225.0000       66.4439051822373     
   236.2500       67.0575888065648     
   247.5000       67.6885884672527     
   258.7500       68.3933511495262     
   270.0000       69.0599334722252     
   281.2500       69.7655539913619     
   292.5000       70.3894680529663     
   303.7500       70.9695533756118     
   315.0000       71.3927109246493     
   326.2500       71.7076072345240     
   337.5000       71.8406467802926     
   348.7500       71.8039969834492     
   360.0000       71.6422029230958     
