  0.0000000E+00   191.266820930586     
   11.25000       190.744469052976     
   22.50000       190.240446604847     
   33.75000       189.747446763767     
   45.00000       189.275559247045     
   56.25000       188.873378826126     
   67.50000       188.505169876763     
   78.75000       188.241972207244     
   90.00000       188.047604263654     
   101.2500       187.951068617184     
   112.5000       187.923949813730     
   123.7500       187.873621505809     
   135.0000       187.828560001742     
   146.2500       187.697344095309     
   157.5000       187.507063464556     
   168.7500       187.376150941185     
   180.0000       187.299208469487     
   191.2500       187.301401601640     
   202.5000       187.403133511024     
   213.7500       187.636275943834     
   225.0000       188.012108765742     
   236.2500       188.543353771905     
   247.5000       189.117732297377     
   258.7500       189.808571415215     
   270.0000       190.409153509025     
   281.2500       191.038023889078     
   292.5000       191.591307286802     
   303.7500       191.936768589690     
   315.0000       192.165527637387     
   326.2500       192.163227661848     
   337.5000       192.038557516626     
   348.7500       191.677892808073     
   360.0000       191.266820930586     
