  0.0000000E+00   69.8999762784468     
   11.25000       69.8997065614643     
   22.50000       69.8996048206083     
   33.75000       69.8996787045718     
   45.00000       69.8999154804580     
   56.25000       69.9002817110506     
   67.50000       69.9007240220403     
   78.75000       69.9011729602319     
   90.00000       69.9015520907358     
   101.2500       69.9017921876565     
   112.5000       69.9018471880503     
   123.7500       69.9017063061050     
   135.0000       69.9013969985772     
   146.2500       69.9009774845434     
   157.5000       69.9005221966575     
   168.7500       69.9001059411803     
   180.0000       69.8997918042106     
   191.2500       69.8996245233416     
   202.5000       69.8996283342368     
   213.7500       69.8998068974762     
   225.0000       69.9001434598909     
   236.2500       69.9006007908393     
   247.5000       69.9011220494298     
   258.7500       69.9016347072210     
   270.0000       69.9020598529470     
   281.2500       69.9023263804573     
   292.5000       69.9023871811067     
   303.7500       69.9022312484964     
   315.0000       69.9018866269934     
   326.2500       69.9014129657586     
   337.5000       69.9008868483992     
   348.7500       69.9003858304036     
   360.0000       69.8999762784468     
