  0.0000000E+00   92.2087208250702     
   11.25000       91.7693728880533     
   22.50000       91.0548965730571     
   33.75000       90.3279298078188     
   45.00000       89.4855026891635     
   56.25000       88.5478337244541     
   67.50000       87.6064319482097     
   78.75000       86.7108518748479     
   90.00000       85.9188979046403     
   101.2500       85.2037893570113     
   112.5000       84.6392847458655     
   123.7500       84.2987968905481     
   135.0000       84.0828528940825     
   146.2500       84.0667452876835     
   157.5000       84.2132060002840     
   168.7500       84.5271004721983     
   180.0000       84.9581437394038     
   191.2500       85.4731873577370     
   202.5000       86.1922789333486     
   213.7500       86.7384066517144     
   225.0000       87.4292943849339     
   236.2500       88.1374457492974     
   247.5000       88.8100173520660     
   258.7500       89.5211987834794     
   270.0000       90.1232496178609     
   281.2500       90.7715862479812     
   292.5000       91.3193995741461     
   303.7500       91.7834128207888     
   315.0000       92.2043592009778     
   326.2500       92.4016443207697     
   337.5000       92.5636038159452     
   348.7500       92.4535473148687     
   360.0000       92.2087208250702     
