  0.0000000E+00   123.506019125922     
   11.25000       122.938252102009     
   22.50000       122.275271347616     
   33.75000       121.410438901853     
   45.00000       120.407465896372     
   56.25000       119.425948284157     
   67.50000       118.374617336789     
   78.75000       117.423964112552     
   90.00000       116.587764975695     
   101.2500       115.864964238359     
   112.5000       115.351744472974     
   123.7500       115.022387306344     
   135.0000       114.915941742650     
   146.2500       114.947648298776     
   157.5000       115.141269483807     
   168.7500       115.481879768581     
   180.0000       115.899860997367     
   191.2500       116.453945975525     
   202.5000       117.027865335190     
   213.7500       117.743630022490     
   225.0000       118.510417265666     
   236.2500       119.160724408624     
   247.5000       119.923013980663     
   258.7500       120.594504719255     
   270.0000       121.341789885312     
   281.2500       122.046644558459     
   292.5000       122.662492574313     
   303.7500       123.279675090742     
   315.0000       123.760483735419     
   326.2500       124.006088817252     
   337.5000       124.082457657651     
   348.7500       123.888203946407     
   360.0000       123.506019125922     
