  0.0000000E+00   52.1085482654152     
   11.25000       51.6812895598515     
   22.50000       51.1309305793662     
   33.75000       50.2777797368336     
   45.00000       49.4481951655232     
   56.25000       48.3877801056067     
   67.50000       47.5221526824069     
   78.75000       46.6585642623803     
   90.00000       45.8506874999752     
   101.2500       45.2213990693577     
   112.5000       44.6678931256992     
   123.7500       44.2932000476106     
   135.0000       44.0615727542490     
   146.2500       43.9158301029704     
   157.5000       43.9388055028926     
   168.7500       44.0066234253505     
   180.0000       44.2959862222478     
   191.2500       44.5122559824884     
   202.5000       44.8576210406007     
   213.7500       45.3516457123147     
   225.0000       45.9226329304991     
   236.2500       46.6602745756180     
   247.5000       47.3607751669846     
   258.7500       48.1063974156656     
   270.0000       48.8986038852493     
   281.2500       49.7264710311376     
   292.5000       50.4725800937066     
   303.7500       51.2409837690675     
   315.0000       51.7995620749777     
   326.2500       52.2832023112540     
   337.5000       52.4224598859569     
   348.7500       52.4615610363411     
   360.0000       52.1085482654152     
