  0.0000000E+00   116.928367789229     
   11.25000       116.706962977875     
   22.50000       116.239367414162     
   33.75000       115.741433002720     
   45.00000       115.147806916803     
   56.25000       114.475390191818     
   67.50000       113.779221899179     
   78.75000       113.049794476207     
   90.00000       112.331868304161     
   101.2500       111.607351161356     
   112.5000       110.931828847643     
   123.7500       110.269098016950     
   135.0000       109.709892381768     
   146.2500       109.182692082752     
   157.5000       108.814987067441     
   168.7500       108.514404786515     
   180.0000       108.442757626842     
   191.2500       108.473505588593     
   202.5000       108.749602480426     
   213.7500       109.078796386134     
   225.0000       109.606804699070     
   236.2500       110.264022379051     
   247.5000       111.041272829155     
   258.7500       111.937643770924     
   270.0000       112.833113256564     
   281.2500       113.800582533148     
   292.5000       114.643852577310     
   303.7500       115.475299360911     
   315.0000       116.115745817545     
   326.2500       116.634738532118     
   337.5000       116.910600496091     
   348.7500       117.058886472876     
   360.0000       116.928367789229     
