  0.0000000E+00   54.7057724130573     
   11.25000       54.4723626025665     
   22.50000       54.0701409742272     
   33.75000       53.5379234908985     
   45.00000       52.7454848152111     
   56.25000       51.9810824520681     
   67.50000       51.0387892018218     
   78.75000       50.2752871583642     
   90.00000       49.5739671790854     
   101.2500       49.0199349529344     
   112.5000       48.4882416416592     
   123.7500       48.1048878561626     
   135.0000       47.8280577283315     
   146.2500       47.6010278831100     
   157.5000       47.4889271715477     
   168.7500       47.4036131599358     
   180.0000       47.3047868704651     
   191.2500       47.3043076910484     
   202.5000       47.3928198884608     
   213.7500       47.5398716347526     
   225.0000       47.8826370418112     
   236.2500       48.2215584031835     
   247.5000       48.6954065016166     
   258.7500       49.3126106258536     
   270.0000       50.0640516669175     
   281.2500       50.9222748404158     
   292.5000       51.7876621619198     
   303.7500       52.6743560881866     
   315.0000       53.4248022759180     
   326.2500       54.0855539026913     
   337.5000       54.4819435800703     
   348.7500       54.7431758245871     
   360.0000       54.7057724130573     
