  0.0000000E+00   55.9975513097703     
   11.25000       55.2361593133724     
   22.50000       54.4301289716193     
   33.75000       53.6027982182455     
   45.00000       52.8876353976377     
   56.25000       52.2240443822397     
   67.50000       51.8262528912067     
   78.75000       51.5589078986731     
   90.00000       51.4011081322085     
   101.2500       51.3442778825425     
   112.5000       51.3694256452269     
   123.7500       51.4707175702621     
   135.0000       51.6022305624446     
   146.2500       51.7395749879244     
   157.5000       52.0324809240485     
   168.7500       52.0698911309170     
   180.0000       52.1936693204813     
   191.2500       52.4370680068919     
   202.5000       52.8256747544293     
   213.7500       53.2596219897925     
   225.0000       53.9095285162486     
   236.2500       54.4460033988131     
   247.5000       55.0617531665318     
   258.7500       55.7358413132176     
   270.0000       56.4257882596184     
   281.2500       57.0651560007520     
   292.5000       57.5763922242589     
   303.7500       57.8883429909032     
   315.0000       57.9757326810437     
   326.2500       57.7603433511521     
   337.5000       57.3963334792368     
   348.7500       56.6616157600750     
   360.0000       55.9975513097703     
