  0.0000000E+00   113.531048263377     
   11.25000       113.255970108506     
   22.50000       112.680752355287     
   33.75000       112.067241664713     
   45.00000       111.325251720499     
   56.25000       110.499995952436     
   67.50000       109.630554627256     
   78.75000       108.745425716827     
   90.00000       107.911084937536     
   101.2500       107.143480494820     
   112.5000       106.509875958231     
   123.7500       105.973307338922     
   135.0000       105.626096067854     
   146.2500       105.372278405866     
   157.5000       105.371498605124     
   168.7500       105.466051929779     
   180.0000       105.807923752182     
   191.2500       106.187351304416     
   202.5000       106.795658586947     
   213.7500       107.381407041863     
   225.0000       108.068122251985     
   236.2500       108.773432152423     
   247.5000       109.546675489950     
   258.7500       110.270617049454     
   270.0000       111.031853897946     
   281.2500       111.687721011489     
   292.5000       112.354006877096     
   303.7500       112.854509124422     
   315.0000       113.310596411273     
   326.2500       113.578616364619     
   337.5000       113.739870762844     
   348.7500       113.749264007994     
   360.0000       113.531048263377     
