  0.0000000E+00   54.0510250940866     
   11.25000       53.8060461264232     
   22.50000       53.3449910532283     
   33.75000       52.7294342318961     
   45.00000       51.8940892923479     
   56.25000       51.0801122549023     
   67.50000       50.1064161629854     
   78.75000       49.3656456129135     
   90.00000       48.6668250963522     
   101.2500       48.0833853824518     
   112.5000       47.5403355485028     
   123.7500       47.2061526310102     
   135.0000       46.8948199481524     
   146.2500       46.7176848501700     
   157.5000       46.6468861098267     
   168.7500       46.5128645108950     
   180.0000       46.3993651403780     
   191.2500       46.4614159408399     
   202.5000       46.5397652413842     
   213.7500       46.7472028927755     
   225.0000       47.0698886185365     
   236.2500       47.4409674403683     
   247.5000       47.9388118411558     
   258.7500       48.6074066914173     
   270.0000       49.3986436330797     
   281.2500       50.2695772472436     
   292.5000       51.1713676357152     
   303.7500       52.0690140053420     
   315.0000       52.8339662792003     
   326.2500       53.4973950458670     
   337.5000       53.9044715753609     
   348.7500       54.1543552988544     
   360.0000       54.0510250940866     
