  0.0000000E+00   103.279114361699     
   11.25000       102.753417329520     
   22.50000       102.145273467239     
   33.75000       101.336750438457     
   45.00000       100.363120671003     
   56.25000       99.4690243248408     
   67.50000       98.5187005931371     
   78.75000       97.5364139267791     
   90.00000       96.6238076020062     
   101.2500       95.7221569127679     
   112.5000       94.9091248081804     
   123.7500       94.0869074791384     
   135.0000       93.4438337537980     
   146.2500       92.9020065674064     
   157.5000       92.5149607161202     
   168.7500       92.3993743160538     
   180.0000       92.3867384937115     
   191.2500       92.6962186369866     
   202.5000       93.1033917230219     
   213.7500       93.6682768295262     
   225.0000       94.4847895407797     
   236.2500       95.4045095922592     
   247.5000       96.5029977981078     
   258.7500       97.6928855347816     
   270.0000       98.8582360373042     
   281.2500       100.047751758443     
   292.5000       101.063873697676     
   303.7500       101.998817098881     
   315.0000       102.711829135131     
   326.2500       103.210183516552     
   337.5000       103.492139126118     
   348.7500       103.458411193138     
   360.0000       103.279114361699     
