  0.0000000E+00   67.8294218940810     
   11.25000       67.4188189936344     
   22.50000       66.9527787884828     
   33.75000       66.2593639562010     
   45.00000       65.4853303952446     
   56.25000       64.7016639736244     
   67.50000       63.8501430880959     
   78.75000       62.9952519429310     
   90.00000       62.2046556320637     
   101.2500       61.4904290470247     
   112.5000       60.9437879046176     
   123.7500       60.5153213996296     
   135.0000       60.2721862147622     
   146.2500       60.1860693840488     
   157.5000       60.2171235971838     
   168.7500       60.4236607228947     
   180.0000       60.6476075328238     
   191.2500       61.0708801140515     
   202.5000       61.4579156794471     
   213.7500       61.8936730196872     
   225.0000       62.4387194315114     
   236.2500       63.0030061670044     
   247.5000       63.6503578734008     
   258.7500       64.3034804087197     
   270.0000       64.9305402088435     
   281.2500       65.6273200709203     
   292.5000       66.2045713870526     
   303.7500       66.7978669302710     
   315.0000       67.2129648555948     
   326.2500       67.6684459669078     
   337.5000       67.9129229343228     
   348.7500       67.9110598946929     
   360.0000       67.8294218940810     
