  0.0000000E+00   61.3266213793265     
   11.25000       61.0659052668201     
   22.50000       60.8185760050191     
   33.75000       60.3254500759776     
   45.00000       59.7816732916773     
   56.25000       59.0755120188077     
   67.50000       58.3790859517245     
   78.75000       57.6998557889625     
   90.00000       57.0113695223269     
   101.2500       56.4866462055949     
   112.5000       56.1014939050253     
   123.7500       55.7521755815293     
   135.0000       55.5407569230464     
   146.2500       55.3140884145447     
   157.5000       55.1769980507523     
   168.7500       55.1342842133298     
   180.0000       55.1210459939480     
   191.2500       55.2507824590352     
   202.5000       55.3289623430979     
   213.7500       55.5928330799808     
   225.0000       55.8033206873969     
   236.2500       56.0942399339269     
   247.5000       56.4728758917855     
   258.7500       56.9844922492244     
   270.0000       57.5805710447285     
   281.2500       58.2653890404165     
   292.5000       58.9702360530118     
   303.7500       59.6555419924628     
   315.0000       60.2731698271085     
   326.2500       60.7646061960673     
   337.5000       61.1344004397353     
   348.7500       61.2766589866963     
   360.0000       61.3266213793265     
