  0.0000000E+00   47.6468133776729     
   11.25000       46.9542751272813     
   22.50000       46.0708372558484     
   33.75000       44.9870081536806     
   45.00000       44.0391399742757     
   56.25000       43.1002138454387     
   67.50000       42.2365044665932     
   78.75000       41.5140558843478     
   90.00000       40.9896421258712     
   101.2500       40.6452821872106     
   112.5000       40.4923105351062     
   123.7500       40.5001410685230     
   135.0000       40.5777713255023     
   146.2500       40.7883819784207     
   157.5000       41.0851184895688     
   168.7500       41.2361906107271     
   180.0000       41.6762808373300     
   191.2500       41.9811695748673     
   202.5000       42.1980182330777     
   213.7500       42.5444662322366     
   225.0000       42.8335589695522     
   236.2500       43.3653724462368     
   247.5000       43.9673341393056     
   258.7500       44.5949144227119     
   270.0000       45.3416799513707     
   281.2500       46.1158652828078     
   292.5000       46.8843466485866     
   303.7500       47.5347134596330     
   315.0000       48.0473620864191     
   326.2500       48.3195098955594     
   337.5000       48.3528392191258     
   348.7500       48.0896670579345     
   360.0000       47.6468133776729     
