  0.0000000E+00   67.8495777109599     
   11.25000       67.5154681568457     
   22.50000       66.9339066011369     
   33.75000       66.3608753377399     
   45.00000       65.7078981151233     
   56.25000       65.0412207471872     
   67.50000       64.3490570918807     
   78.75000       63.7203703191734     
   90.00000       63.1578933156504     
   101.2500       62.6890996313469     
   112.5000       62.3465868412873     
   123.7500       62.0852715859108     
   135.0000       61.9769652616848     
   146.2500       61.9069278323480     
   157.5000       61.9907073504810     
   168.7500       62.0408744012338     
   180.0000       62.2335240849811     
   191.2500       62.4119680723407     
   202.5000       62.7013404621660     
   213.7500       62.9635676086637     
   225.0000       63.3346160374022     
   236.2500       63.7191778820929     
   247.5000       64.2259663598949     
   258.7500       64.7204107899477     
   270.0000       65.3171158635405     
   281.2500       65.8964836840181     
   292.5000       66.4954121320039     
   303.7500       67.0585743629867     
   315.0000       67.5058224075615     
   326.2500       67.8853615719135     
   337.5000       68.0481041597159     
   348.7500       68.0803678168266     
   360.0000       67.8495777109599     
