  0.0000000E+00   50.1660910140033     
   11.25000       49.3247679532101     
   22.50000       48.3600771092214     
   33.75000       47.4164548188122     
   45.00000       46.4906215931615     
   56.25000       45.7451747209839     
   67.50000       45.1282323580738     
   78.75000       44.6683168919371     
   90.00000       44.3790256839339     
   101.2500       44.2503658748075     
   112.5000       44.2655707118943     
   123.7500       44.3626321896476     
   135.0000       44.5625462172065     
   146.2500       44.7784960769471     
   157.5000       44.9566927240993     
   168.7500       45.2984743159966     
   180.0000       45.5497077519848     
   191.2500       45.5968669007012     
   202.5000       45.8577667731825     
   213.7500       46.1481877687196     
   225.0000       46.6134488360329     
   236.2500       47.2738301416809     
   247.5000       47.8440791108669     
   258.7500       48.5183130050473     
   270.0000       49.2538255212516     
   281.2500       49.9952127894823     
   292.5000       50.6779024651077     
   303.7500       51.2065653109196     
   315.0000       51.5371015640419     
   326.2500       51.5726433641041     
   337.5000       51.3523936602192     
   348.7500       50.8286977493637     
   360.0000       50.1660910140033     
