  0.0000000E+00   53.6377205504045     
   11.25000       53.3153567440551     
   22.50000       52.8942534356585     
   33.75000       52.2137357716442     
   45.00000       51.5409244550374     
   56.25000       50.7036228487262     
   67.50000       49.9852406556833     
   78.75000       49.3475551873060     
   90.00000       48.7670424445709     
   101.2500       48.3279921320501     
   112.5000       47.9736345469260     
   123.7500       47.8267251825032     
   135.0000       47.6756664508919     
   146.2500       47.7352809119998     
   157.5000       47.7181666150512     
   168.7500       47.8622586051797     
   180.0000       47.9071363522954     
   191.2500       48.0695936055876     
   202.5000       48.2225229242495     
   213.7500       48.4425619919404     
   225.0000       48.7447213213667     
   236.2500       49.0481321626619     
   247.5000       49.4539626455080     
   258.7500       49.9436619625701     
   270.0000       50.5233281409547     
   281.2500       51.1797236497069     
   292.5000       51.8482733761495     
   303.7500       52.5206126120489     
   315.0000       53.0392522579439     
   326.2500       53.5157589144348     
   337.5000       53.7112241145031     
   348.7500       53.8064549333314     
   360.0000       53.6377205504045     
