  0.0000000E+00   67.0510469468661     
   11.25000       66.6309254629704     
   22.50000       66.1876028373040     
   33.75000       65.4572883004507     
   45.00000       64.6954842009994     
   56.25000       63.9016838236328     
   67.50000       63.0475786359375     
   78.75000       62.2100336604503     
   90.00000       61.4414967272354     
   101.2500       60.7700485153524     
   112.5000       60.2684381416796     
   123.7500       59.8827278255370     
   135.0000       59.6965058049523     
   146.2500       59.6317953122661     
   157.5000       59.6912359471878     
   168.7500       59.8890849500404     
   180.0000       60.1098455908105     
   191.2500       60.5244172436895     
   202.5000       60.8886746216189     
   213.7500       61.2989714293336     
   225.0000       61.8136056065161     
   236.2500       62.3417521573703     
   247.5000       62.9532053442756     
   258.7500       63.5425553107468     
   270.0000       64.1654918770689     
   281.2500       64.8595408871523     
   292.5000       65.4366834199001     
   303.7500       66.0222091661191     
   315.0000       66.4576557599356     
   326.2500       66.9200985417531     
   337.5000       67.1206169272943     
   348.7500       67.1524310745552     
   360.0000       67.0510469468661     
