  0.0000000E+00   80.6613793209290     
   11.25000       80.3636642291270     
   22.50000       79.9323542749034     
   33.75000       79.4709787752336     
   45.00000       78.9252677484465     
   56.25000       78.3863208519498     
   67.50000       77.9108549700794     
   78.75000       77.4370839303258     
   90.00000       77.0193161907093     
   101.2500       76.5998600846208     
   112.5000       76.2588590232258     
   123.7500       75.9537313793329     
   135.0000       75.6940216656320     
   146.2500       75.5409560516135     
   157.5000       75.3936130138028     
   168.7500       75.4040998576587     
   180.0000       75.4168672427614     
   191.2500       75.4793163641486     
   202.5000       75.7100754474940     
   213.7500       75.9960900368268     
   225.0000       76.4125031819429     
   236.2500       76.9368942113419     
   247.5000       77.5122840639720     
   258.7500       78.1731727481347     
   270.0000       78.7444748985622     
   281.2500       79.3582690676609     
   292.5000       79.7985648772625     
   303.7500       80.2684517762738     
   315.0000       80.6010912763021     
   326.2500       80.7718411203151     
   337.5000       80.8792741056181     
   348.7500       80.8708256546535     
   360.0000       80.6613793209290     
