  0.0000000E+00   65.4842460476534     
   11.25000       65.1138114822731     
   22.50000       64.6472090971715     
   33.75000       63.8429126042984     
   45.00000       63.1189105297244     
   56.25000       62.3596374523239     
   67.50000       61.5198485446817     
   78.75000       60.7494914302674     
   90.00000       60.0493719299639     
   101.2500       59.4800718687013     
   112.5000       59.0563487344406     
   123.7500       58.7598252789534     
   135.0000       58.6373312748227     
   146.2500       58.5752293790909     
   157.5000       58.6604012397402     
   168.7500       58.8078109442452     
   180.0000       59.0385472916092     
   191.2500       59.3971136312669     
   202.5000       59.7045694718245     
   213.7500       60.0667266053099     
   225.0000       60.5075491570299     
   236.2500       60.9538114096754     
   247.5000       61.4794353937177     
   258.7500       62.0094321929373     
   270.0000       62.6565641736008     
   281.2500       63.2787514364325     
   292.5000       63.8882948287416     
   303.7500       64.4824349244876     
   315.0000       64.9513313386768     
   326.2500       65.4008198630819     
   337.5000       65.5618573765379     
   348.7500       65.6661791607046     
   360.0000       65.4842460476534     
