  0.0000000E+00   153.799139355299     
   11.25000       153.326040604536     
   22.50000       152.751844863377     
   33.75000       152.190831301645     
   45.00000       151.654668931684     
   56.25000       151.103456838282     
   67.50000       150.680756766803     
   78.75000       150.320572906759     
   90.00000       149.982422665214     
   101.2500       149.627764323773     
   112.5000       149.333082347354     
   123.7500       149.061636887572     
   135.0000       148.819534332121     
   146.2500       148.631529732949     
   157.5000       148.430477088609     
   168.7500       148.193797751305     
   180.0000       148.098857646438     
   191.2500       148.055887976941     
   202.5000       148.200931960542     
   213.7500       148.572989658596     
   225.0000       149.070860768057     
   236.2500       149.781860847110     
   247.5000       150.552563764248     
   258.7500       151.341645175537     
   270.0000       152.147988585008     
   281.2500       152.881543132402     
   292.5000       153.524301854268     
   303.7500       153.998732883654     
   315.0000       154.307300421062     
   326.2500       154.480217556905     
   337.5000       154.397909488876     
   348.7500       154.171610832212     
   360.0000       153.799139355299     
