  0.0000000E+00   132.529066592255     
   11.25000       132.012626041127     
   22.50000       131.479940393306     
   33.75000       130.751460881655     
   45.00000       129.871084572560     
   56.25000       128.811681702886     
   67.50000       127.659725344630     
   78.75000       126.433151166577     
   90.00000       125.176916821697     
   101.2500       123.970463828079     
   112.5000       122.815387389177     
   123.7500       121.830432792810     
   135.0000       121.015410513803     
   146.2500       120.450885314822     
   157.5000       120.178379631773     
   168.7500       120.176373031577     
   180.0000       120.539147020748     
   191.2500       121.179188805433     
   202.5000       122.036929931120     
   213.7500       123.229631876792     
   225.0000       124.461070200060     
   236.2500       125.784084591985     
   247.5000       127.102872994079     
   258.7500       128.396544443826     
   270.0000       129.642080602358     
   281.2500       130.727976314323     
   292.5000       131.620057761369     
   303.7500       132.303215167282     
   315.0000       132.759292401912     
   326.2500       132.992742306948     
   337.5000       132.958745037765     
   348.7500       132.811432965649     
   360.0000       132.529066592255     
