  0.0000000E+00   161.340527611591     
   11.25000       160.738727092603     
   22.50000       159.977280748169     
   33.75000       158.991803265465     
   45.00000       157.927550963092     
   56.25000       156.766642600715     
   67.50000       155.561387387013     
   78.75000       154.555479425537     
   90.00000       153.642147298752     
   101.2500       152.931187781943     
   112.5000       152.418280811793     
   123.7500       152.099886583199     
   135.0000       152.003222903860     
   146.2500       152.101826953641     
   157.5000       152.294440380029     
   168.7500       152.718411492810     
   180.0000       153.231977752362     
   191.2500       153.893739447314     
   202.5000       154.590457629096     
   213.7500       155.285359564289     
   225.0000       156.006177347549     
   236.2500       156.703186369741     
   247.5000       157.420986126446     
   258.7500       158.166460796281     
   270.0000       158.932807977358     
   281.2500       159.683486932208     
   292.5000       160.333966306196     
   303.7500       160.890664752948     
   315.0000       161.352977258122     
   326.2500       161.687927701922     
   337.5000       161.783767370458     
   348.7500       161.681180258635     
   360.0000       161.340527611591     
