  0.0000000E+00   112.222781223099     
   11.25000       111.768190440032     
   22.50000       111.134855099975     
   33.75000       110.497218614755     
   45.00000       109.730360052993     
   56.25000       108.940414519491     
   67.50000       108.127974768687     
   78.75000       107.361731768153     
   90.00000       106.673140682222     
   101.2500       106.055554168053     
   112.5000       105.576338998341     
   123.7500       105.195883286021     
   135.0000       104.997401745393     
   146.2500       104.893762427572     
   157.5000       104.979468501942     
   168.7500       105.084965481938     
   180.0000       105.394995505379     
   191.2500       105.695904153400     
   202.5000       106.202374262519     
   213.7500       106.657892785778     
   225.0000       107.213025294609     
   236.2500       107.803944220455     
   247.5000       108.466722105332     
   258.7500       109.134795361618     
   270.0000       109.852393686736     
   281.2500       110.505227834206     
   292.5000       111.156428957552     
   303.7500       111.661344280857     
   315.0000       112.138476261531     
   326.2500       112.388847709987     
   337.5000       112.554894316267     
   348.7500       112.446898461972     
   360.0000       112.222781223099     
