  0.0000000E+00   92.2054145165276     
   11.25000       92.0646854597241     
   22.50000       91.7656626784128     
   33.75000       91.2572774306745     
   45.00000       90.6727425212071     
   56.25000       89.9053880507914     
   67.50000       89.1663975387818     
   78.75000       88.3433655236540     
   90.00000       87.6169230359403     
   101.2500       87.0049166295842     
   112.5000       86.4697680395994     
   123.7500       86.0025452385634     
   135.0000       85.6302465723928     
   146.2500       85.3108630673092     
   157.5000       85.0731887106687     
   168.7500       84.9762103592143     
   180.0000       84.9331782194906     
   191.2500       85.0361728055502     
   202.5000       85.2308265245562     
   213.7500       85.5599183482631     
   225.0000       85.9570205478346     
   236.2500       86.5038760714471     
   247.5000       87.0776713755045     
   258.7500       87.7003714438382     
   270.0000       88.4306424708907     
   281.2500       89.1625929504095     
   292.5000       89.9070936832278     
   303.7500       90.5825258967459     
   315.0000       91.2022844414968     
   326.2500       91.6738396829921     
   337.5000       92.0417776208853     
   348.7500       92.1578584070419     
   360.0000       92.2054145165276     
