  0.0000000E+00   56.5927792240683     
   11.25000       56.3761869058789     
   22.50000       56.0574204504247     
   33.75000       55.6174555644409     
   45.00000       55.0063317026917     
   56.25000       54.2943089907986     
   67.50000       53.5882601372943     
   78.75000       52.7494181585153     
   90.00000       52.1454233361624     
   101.2500       51.5993087219916     
   112.5000       51.1188960518033     
   123.7500       50.7845982426010     
   135.0000       50.4486089251807     
   146.2500       50.2843240115852     
   157.5000       50.1026903687952     
   168.7500       49.9456135461919     
   180.0000       49.9047348695743     
   191.2500       49.9337499993040     
   202.5000       50.0140012681596     
   213.7500       50.2685492419994     
   225.0000       50.4107205203080     
   236.2500       50.6897165282859     
   247.5000       51.0854658199748     
   258.7500       51.6562435905133     
   270.0000       52.3024564869595     
   281.2500       53.0685859195308     
   292.5000       53.8285704973194     
   303.7500       54.6275497784467     
   315.0000       55.3209657895368     
   326.2500       55.9062210013477     
   337.5000       56.3386271759050     
   348.7500       56.5549082236914     
   360.0000       56.5927792240683     
