  0.0000000E+00   60.9329165465108     
   11.25000       60.6653785726694     
   22.50000       60.3733427762413     
   33.75000       59.8531253182262     
   45.00000       59.2852224633121     
   56.25000       58.5443293048909     
   67.50000       57.8621603942470     
   78.75000       57.1487806575503     
   90.00000       56.4736952495975     
   101.2500       55.9708161469789     
   112.5000       55.5745299533602     
   123.7500       55.2373694926445     
   135.0000       55.0427221031719     
   146.2500       54.8095391021832     
   157.5000       54.6819120796205     
   168.7500       54.6264879058473     
   180.0000       54.6189556682769     
   191.2500       54.7197328882281     
   202.5000       54.7861964725581     
   213.7500       55.0446366263295     
   225.0000       55.2398924847074     
   236.2500       55.5282135647041     
   247.5000       55.9339275819182     
   258.7500       56.4771458119867     
   270.0000       57.1015712412680     
   281.2500       57.8149817020862     
   292.5000       58.5383939471205     
   303.7500       59.2465662852137     
   315.0000       59.8781369304370     
   326.2500       60.3863570306172     
   337.5000       60.7523175874009     
   348.7500       60.9043367227559     
   360.0000       60.9329165465108     
