  0.0000000E+00   69.3859835692280     
   11.25000       69.0325892931031     
   22.50000       68.5169647471091     
   33.75000       67.8791724511072     
   45.00000       67.0483463947218     
   56.25000       66.3040146484854     
   67.50000       65.4896198946626     
   78.75000       64.6328211117375     
   90.00000       63.8277727516220     
   101.2500       63.0676667661301     
   112.5000       62.4380621786849     
   123.7500       61.9417218183877     
   135.0000       61.5793535432876     
   146.2500       61.4182312383964     
   157.5000       61.3597281758313     
   168.7500       61.5256310853394     
   180.0000       61.7558627173797     
   191.2500       62.1449253758662     
   202.5000       62.5679155339684     
   213.7500       63.0478226409891     
   225.0000       63.6376042058745     
   236.2500       64.2814937652517     
   247.5000       64.9690977740280     
   258.7500       65.7416738205889     
   270.0000       66.4611045658966     
   281.2500       67.1542624984227     
   292.5000       67.7433834307559     
   303.7500       68.3760917972992     
   315.0000       68.7952885111521     
   326.2500       69.1408180817870     
   337.5000       69.4765618622117     
   348.7500       69.4822825517152     
   360.0000       69.3859835692280     
