  0.0000000E+00   214.978303481101     
   11.25000       214.841267759077     
   22.50000       214.507699782302     
   33.75000       213.911280540266     
   45.00000       213.222522207021     
   56.25000       212.361905991067     
   67.50000       211.365195989043     
   78.75000       210.381244902799     
   90.00000       209.317867876300     
   101.2500       208.259448197009     
   112.5000       207.206978534855     
   123.7500       206.087522034105     
   135.0000       205.045522082963     
   146.2500       203.963240236626     
   157.5000       203.038323288343     
   168.7500       202.212055793555     
   180.0000       201.556491823995     
   191.2500       201.199311564726     
   202.5000       201.164132732494     
   213.7500       201.421547931685     
   225.0000       201.962910320714     
   236.2500       202.809945312924     
   247.5000       203.872731339863     
   258.7500       205.217638944315     
   270.0000       206.754897227338     
   281.2500       208.357871327554     
   292.5000       209.960593949971     
   303.7500       211.406325947299     
   315.0000       212.705581405902     
   326.2500       213.730436317626     
   337.5000       214.418159360733     
   348.7500       214.861410291139     
   360.0000       214.978303481101     
