  0.0000000E+00   180.958120998227     
   11.25000       181.117381088326     
   22.50000       180.882437290846     
   33.75000       180.388013475623     
   45.00000       179.618311034985     
   56.25000       178.698525007610     
   67.50000       177.648106663351     
   78.75000       176.504804495693     
   90.00000       175.372780854994     
   101.2500       174.214235251506     
   112.5000       173.095598977302     
   123.7500       172.042327323107     
   135.0000       171.121467866255     
   146.2500       170.263762273061     
   157.5000       169.520584611387     
   168.7500       168.892119613998     
   180.0000       168.444375125549     
   191.2500       168.196225490663     
   202.5000       168.099686409555     
   213.7500       168.276426140326     
   225.0000       168.620815178371     
   236.2500       169.238202134549     
   247.5000       170.091104541463     
   258.7500       171.121258845739     
   270.0000       172.280005890653     
   281.2500       173.597764464745     
   292.5000       174.955297778065     
   303.7500       176.286606033058     
   315.0000       177.574025070804     
   326.2500       178.764034476731     
   337.5000       179.792810824838     
   348.7500       180.557528903716     
   360.0000       180.958120998227     
