  0.0000000E+00   52.6594965321278     
   11.25000       52.3416450106215     
   22.50000       51.9002614520063     
   33.75000       51.2128425769638     
   45.00000       50.5472658254034     
   56.25000       49.7001496771272     
   67.50000       49.0334229366626     
   78.75000       48.4011839505634     
   90.00000       47.8894130448668     
   101.2500       47.5000197072004     
   112.5000       47.2218358175821     
   123.7500       47.0906679941770     
   135.0000       46.9724076082888     
   146.2500       47.0332719982460     
   157.5000       46.9864194188797     
   168.7500       47.1611568912057     
   180.0000       47.1608201603825     
   191.2500       47.2798039999517     
   202.5000       47.3484387527312     
   213.7500       47.5519095598526     
   225.0000       47.7645197412697     
   236.2500       48.0794654630789     
   247.5000       48.4557108281078     
   258.7500       48.9196895029384     
   270.0000       49.5134159254249     
   281.2500       50.1742101620209     
   292.5000       50.8650693985990     
   303.7500       51.5279428615786     
   315.0000       52.0904309418778     
   326.2500       52.5578026191918     
   337.5000       52.7669733306971     
   348.7500       52.8900183404572     
   360.0000       52.6594965321278     
