  0.0000000E+00   94.6736459584833     
   11.25000       94.4627857610440     
   22.50000       94.1674889920599     
   33.75000       93.7949416088446     
   45.00000       93.3504806271860     
   56.25000       92.8681232649580     
   67.50000       92.3703548870544     
   78.75000       91.8414247929627     
   90.00000       91.3364330536661     
   101.2500       90.8429570631560     
   112.5000       90.3703673652951     
   123.7500       89.9631379952149     
   135.0000       89.5704928710396     
   146.2500       89.2632462254097     
   157.5000       89.0415953706691     
   168.7500       88.9563019827303     
   180.0000       88.9980750106541     
   191.2500       89.1335280185456     
   202.5000       89.4519969637655     
   213.7500       89.8033796794800     
   225.0000       90.3606260769207     
   236.2500       90.8763873403090     
   247.5000       91.4739495589319     
   258.7500       92.0650476424031     
   270.0000       92.7052293508565     
   281.2500       93.2649469943088     
   292.5000       93.8258553256090     
   303.7500       94.2176546730989     
   315.0000       94.5791077752781     
   326.2500       94.7300671742812     
   337.5000       94.8749945317136     
   348.7500       94.7741609604476     
   360.0000       94.6736459584833     
