  0.0000000E+00   146.227944666680     
   11.25000       146.488078566104     
   22.50000       146.581672694796     
   33.75000       146.508717474539     
   45.00000       146.118485500436     
   56.25000       145.623412205386     
   67.50000       144.945291946256     
   78.75000       144.044177197222     
   90.00000       142.974338008788     
   101.2500       141.820851213179     
   112.5000       140.672098912327     
   123.7500       139.630548572626     
   135.0000       138.743961268444     
   146.2500       138.049622899055     
   157.5000       137.554512662980     
   168.7500       137.264432974795     
   180.0000       137.152441696144     
   191.2500       137.167403517157     
   202.5000       137.358427433559     
   213.7500       137.704495836277     
   225.0000       138.146766128168     
   236.2500       138.700218421472     
   247.5000       139.344603218938     
   258.7500       139.971666319006     
   270.0000       140.711262084674     
   281.2500       141.457175535154     
   292.5000       142.160553573704     
   303.7500       142.956328173560     
   315.0000       143.705517376001     
   326.2500       144.452099095049     
   337.5000       145.139424592844     
   348.7500       145.720707495306     
   360.0000       146.227944666680     
