  0.0000000E+00   81.6300792379463     
   11.25000       81.6270432136364     
   22.50000       81.4042699280651     
   33.75000       81.1158371134913     
   45.00000       80.7199790405204     
   56.25000       80.1703208670919     
   67.50000       79.6555221046263     
   78.75000       78.9421538733113     
   90.00000       78.2670066101178     
   101.2500       77.7152952928133     
   112.5000       77.1564879535672     
   123.7500       76.6551555672374     
   135.0000       76.2418933791162     
   146.2500       75.9315891959144     
   157.5000       75.6578260596017     
   168.7500       75.5169122174578     
   180.0000       75.5960617930181     
   191.2500       75.7090277544927     
   202.5000       75.9739634103053     
   213.7500       76.4011624213257     
   225.0000       76.8266228713510     
   236.2500       77.3622906826077     
   247.5000       77.8689457078107     
   258.7500       78.4537676015099     
   270.0000       78.9871908471962     
   281.2500       79.5052777431075     
   292.5000       80.0585001659196     
   303.7500       80.4612825484417     
   315.0000       80.9491678679882     
   326.2500       81.2126331575222     
   337.5000       81.5248412610532     
   348.7500       81.6376854410598     
   360.0000       81.6300792379463     
