  0.0000000E+00   70.9463136688311     
   11.25000       70.6485983154362     
   22.50000       70.1076614507801     
   33.75000       69.5117610446939     
   45.00000       68.6657687231416     
   56.25000       67.8973001913937     
   67.50000       67.1054231529284     
   78.75000       66.2781102356833     
   90.00000       65.4854359492310     
   101.2500       64.7406917508399     
   112.5000       64.0684991384895     
   123.7500       63.5370309402613     
   135.0000       63.0933954807275     
   146.2500       62.8444622966002     
   157.5000       62.7027031522615     
   168.7500       62.7464011645545     
   180.0000       62.9716876362458     
   191.2500       63.2352745811077     
   202.5000       63.6552258147116     
   213.7500       64.1686152687246     
   225.0000       64.7670317024325     
   236.2500       65.4810165943724     
   247.5000       66.2001725173195     
   258.7500       67.0350701726560     
   270.0000       67.8215416649002     
   281.2500       68.6207582695524     
   292.5000       69.2752329921777     
   303.7500       69.8934432534636     
   315.0000       70.4505654667675     
   326.2500       70.6880005147786     
   337.5000       71.0044162152780     
   348.7500       71.0725286649175     
   360.0000       70.9463136688311     
