  0.0000000E+00   89.0022476431777     
   11.25000       88.4097672192963     
   22.50000       87.8097139954898     
   33.75000       87.1729450321043     
   45.00000       86.4151637878846     
   56.25000       85.6488920535847     
   67.50000       84.9143765913995     
   78.75000       84.1873727190278     
   90.00000       83.5527530770729     
   101.2500       83.0405881037294     
   112.5000       82.6796256881892     
   123.7500       82.3924379137998     
   135.0000       82.2412226698904     
   146.2500       82.2633436626748     
   157.5000       82.3357624951714     
   168.7500       82.5415101442222     
   180.0000       82.8227164022225     
   191.2500       83.2039607833342     
   202.5000       83.5957027922042     
   213.7500       84.1038314343824     
   225.0000       84.6438784764430     
   236.2500       85.1136764918611     
   247.5000       85.7341986898592     
   258.7500       86.3390970635097     
   270.0000       86.9740563236403     
   281.2500       87.6297829990679     
   292.5000       88.1634017130982     
   303.7500       88.7286063399727     
   315.0000       89.0909688081105     
   326.2500       89.3538641273110     
   337.5000       89.4438360065298     
   348.7500       89.2615287297397     
   360.0000       89.0022476431777     
