  0.0000000E+00   61.1154555111692     
   11.25000       60.8504777075874     
   22.50000       60.2842965032839     
   33.75000       59.8261173080476     
   45.00000       59.1919755063702     
   56.25000       58.6018565207584     
   67.50000       57.9843919829980     
   78.75000       57.3410412023544     
   90.00000       56.8235876818644     
   101.2500       56.3531929691330     
   112.5000       55.9323334234177     
   123.7500       55.6904398915867     
   135.0000       55.4830810042591     
   146.2500       55.4191768769368     
   157.5000       55.3735533959512     
   168.7500       55.4036819397576     
   180.0000       55.5017908757495     
   191.2500       55.5750083774035     
   202.5000       55.8148640631427     
   213.7500       55.9984507564436     
   225.0000       56.2486888478416     
   236.2500       56.5843399623319     
   247.5000       57.0082210216829     
   258.7500       57.5088472097121     
   270.0000       58.1276561119497     
   281.2500       58.7786232690929     
   292.5000       59.4591932533307     
   303.7500       60.0501147646492     
   315.0000       60.6246062728358     
   326.2500       60.9791287261980     
   337.5000       61.2494077087975     
   348.7500       61.2750803536250     
   360.0000       61.1154555111692     
