  0.0000000E+00   77.4694737269052     
   11.25000       77.3772491980356     
   22.50000       77.0209427825440     
   33.75000       76.6435980139026     
   45.00000       76.0209774449767     
   56.25000       75.4446753157172     
   67.50000       74.8009802981507     
   78.75000       74.1387031181724     
   90.00000       73.4750178299943     
   101.2500       72.8629653960939     
   112.5000       72.2999118112188     
   123.7500       71.8495515432975     
   135.0000       71.4868614625199     
   146.2500       71.2320377332939     
   157.5000       71.1282002559103     
   168.7500       71.0458455888253     
   180.0000       71.1669212862459     
   191.2500       71.2663105188943     
   202.5000       71.4342126094149     
   213.7500       71.6775072971720     
   225.0000       72.0128248860132     
   236.2500       72.4272865245823     
   247.5000       72.9610005836571     
   258.7500       73.5049124952335     
   270.0000       74.1605992252605     
   281.2500       74.7424411333256     
   292.5000       75.3836962112936     
   303.7500       75.9245229735544     
   315.0000       76.4953085918040     
   326.2500       76.9510231013383     
   337.5000       77.3042428395471     
   348.7500       77.4919315586688     
   360.0000       77.4694737269052     
