  0.0000000E+00   54.2968745352127     
   11.25000       53.5411014740940     
   22.50000       52.5748009303698     
   33.75000       51.4978207661377     
   45.00000       50.3142680720612     
   56.25000       49.2751777950635     
   67.50000       48.4154262037840     
   78.75000       47.6727296905268     
   90.00000       47.1113283298220     
   101.2500       46.7488620296669     
   112.5000       46.6291740005088     
   123.7500       46.6027544429902     
   135.0000       46.8123059057486     
   146.2500       47.0590445096061     
   157.5000       47.3254032220386     
   168.7500       47.7917611054310     
   180.0000       48.0972253782833     
   191.2500       48.3321670280906     
   202.5000       48.6988636514022     
   213.7500       49.0032362056144     
   225.0000       49.5380860310142     
   236.2500       49.9989218369389     
   247.5000       50.6141200429165     
   258.7500       51.3393683172599     
   270.0000       52.1483799223732     
   281.2500       52.9502626199526     
   292.5000       53.7717645213174     
   303.7500       54.4179449812161     
   315.0000       54.9890685368689     
   326.2500       55.2347078937771     
   337.5000       55.2435031835330     
   348.7500       54.9597510135324     
   360.0000       54.2968745352127     
