  0.0000000E+00   60.5192436165075     
   11.25000       60.2368485212820     
   22.50000       59.8952153768791     
   33.75000       59.3606209714601     
   45.00000       58.7669025006147     
   56.25000       58.0089998778775     
   67.50000       57.3399857642886     
   78.75000       56.5896932072209     
   90.00000       55.9443158741521     
   101.2500       55.4455357827109     
   112.5000       55.0511304763060     
   123.7500       54.7317751637473     
   135.0000       54.5338470516684     
   146.2500       54.3092097563804     
   157.5000       54.1871075962438     
   168.7500       54.1149613108112     
   180.0000       54.1054148803877     
   191.2500       54.1724422890514     
   202.5000       54.2410259507823     
   213.7500       54.4908051940487     
   225.0000       54.6804050285003     
   236.2500       54.9877459237993     
   247.5000       55.4311261501190     
   258.7500       56.0001043246284     
   270.0000       56.6493374848817     
   281.2500       57.3867262417625     
   292.5000       58.1258554854691     
   303.7500       58.8537479663881     
   315.0000       59.4936502714413     
   326.2500       60.0103658293503     
   337.5000       60.3680682188982     
   348.7500       60.5210515433009     
   360.0000       60.5192436165075     
