  0.0000000E+00   144.983548092162     
   11.25000       143.465143655017     
   22.50000       142.324650073273     
   33.75000       140.891775147238     
   45.00000       139.709260546477     
   56.25000       138.483577409028     
   67.50000       137.438675653332     
   78.75000       136.705057628267     
   90.00000       135.913891338553     
   101.2500       135.314830045701     
   112.5000       134.946310084734     
   123.7500       134.274496933021     
   135.0000       133.508566323783     
   146.2500       132.416257772706     
   157.5000       131.162277316476     
   168.7500       130.043383040105     
   180.0000       128.853747085390     
   191.2500       128.220152324559     
   202.5000       127.681557907161     
   213.7500       127.955551862542     
   225.0000       128.588805266275     
   236.2500       129.903245327262     
   247.5000       131.810835383409     
   258.7500       134.291896247484     
   270.0000       137.069756668789     
   281.2500       139.895629734718     
   292.5000       142.444590984612     
   303.7500       144.476752038967     
   315.0000       145.846173635886     
   326.2500       146.470147208195     
   337.5000       146.516175016746     
   348.7500       145.827017191701     
   360.0000       144.983548092162     
