  0.0000000E+00   130.967025954454     
   11.25000       129.387765581624     
   22.50000       127.866900517032     
   33.75000       126.125069965741     
   45.00000       124.593798663258     
   56.25000       123.351275572328     
   67.50000       121.965417998052     
   78.75000       121.473484778676     
   90.00000       120.849344957008     
   101.2500       120.495643554899     
   112.5000       119.652575035171     
   123.7500       118.977012589689     
   135.0000       117.805945157910     
   146.2500       116.701323316914     
   157.5000       115.473034802856     
   168.7500       114.199865331425     
   180.0000       113.045095181714     
   191.2500       112.181723204261     
   202.5000       111.974635924395     
   213.7500       112.165888564113     
   225.0000       113.391955231416     
   236.2500       114.993815775310     
   247.5000       117.300619346332     
   258.7500       120.230023277729     
   270.0000       123.406319280945     
   281.2500       126.651311516680     
   292.5000       129.334193800831     
   303.7500       131.610102939983     
   315.0000       132.915202733429     
   326.2500       133.525952173988     
   337.5000       133.274824958785     
   348.7500       132.408011635919     
   360.0000       130.967025954454     
