  0.0000000E+00   336.463886546167     
   11.25000       336.218697879227     
   22.50000       335.850437079975     
   33.75000       335.454443694522     
   45.00000       334.922798556728     
   56.25000       334.241891607103     
   67.50000       333.521058873296     
   78.75000       332.683723732672     
   90.00000       331.716017553931     
   101.2500       330.756812115788     
   112.5000       329.768722755650     
   123.7500       328.985766675587     
   135.0000       328.252148286455     
   146.2500       327.703802517798     
   157.5000       327.470261655315     
   168.7500       327.510723925181     
   180.0000       327.837931991079     
   191.2500       328.405070555168     
   202.5000       329.179341550268     
   213.7500       330.132057172365     
   225.0000       331.231416506518     
   236.2500       332.401486812515     
   247.5000       333.579929642258     
   258.7500       334.613339854021     
   270.0000       335.493452563463     
   281.2500       336.141746020329     
   292.5000       336.525362541219     
   303.7500       336.733602753784     
   315.0000       336.878131087110     
   326.2500       336.871431264938     
   337.5000       336.776488458431     
   348.7500       336.644433284205     
   360.0000       336.463886546167     
