  0.0000000E+00   99.4179796225608     
   11.25000       97.4466160557925     
   22.50000       95.5787111170949     
   33.75000       93.4227605089018     
   45.00000       91.7959062441433     
   56.25000       90.4815913070060     
   67.50000       89.4945811092801     
   78.75000       88.4641961015845     
   90.00000       87.6997199846332     
   101.2500       86.7726050082481     
   112.5000       85.5033505305548     
   123.7500       84.3735920675609     
   135.0000       82.5382465252943     
   146.2500       80.9261551176357     
   157.5000       79.0285546062603     
   168.7500       77.3139179280996     
   180.0000       75.8743461592713     
   191.2500       74.9439769766728     
   202.5000       74.6942518456986     
   213.7500       75.0587616445257     
   225.0000       76.3556736055654     
   236.2500       78.7293461450533     
   247.5000       81.7658470465422     
   258.7500       85.9048131590248     
   270.0000       89.9139184075693     
   281.2500       93.8167694621869     
   292.5000       97.2124623060625     
   303.7500       99.7902559925779     
   315.0000       101.364942115433     
   326.2500       102.015519243468     
   337.5000       101.595882354038     
   348.7500       100.725101552175     
   360.0000       99.4179796225608     
