  0.0000000E+00   211.741653814741     
   11.25000       211.238969042989     
   22.50000       210.699416160032     
   33.75000       210.203147543431     
   45.00000       209.750136953699     
   56.25000       209.389575535111     
   67.50000       209.149677657073     
   78.75000       208.970869459038     
   90.00000       208.821496322554     
   101.2500       208.719663676315     
   112.5000       208.512664363566     
   123.7500       208.221377100084     
   135.0000       207.707343577038     
   146.2500       207.069273631955     
   157.5000       206.289836904824     
   168.7500       205.496663433356     
   180.0000       204.824882132591     
   191.2500       204.181781732114     
   202.5000       203.886733631829     
   213.7500       203.702911577625     
   225.0000       204.044115687271     
   236.2500       204.518450698541     
   247.5000       205.388652004614     
   258.7500       206.443471059390     
   270.0000       207.759268424034     
   281.2500       209.019402079240     
   292.5000       210.322415338587     
   303.7500       211.262215363325     
   315.0000       212.048090353773     
   326.2500       212.293183559236     
   337.5000       212.440026375804     
   348.7500       212.110155035394     
   360.0000       211.741653814741     
