  0.0000000E+00   234.587365270818     
   11.25000       234.538170936762     
   22.50000       234.459184184317     
   33.75000       234.190189617344     
   45.00000       233.762833830224     
   56.25000       233.252149089191     
   67.50000       232.729478994002     
   78.75000       232.172826470261     
   90.00000       231.659098195782     
   101.2500       231.092543266297     
   112.5000       230.575476883891     
   123.7500       229.982833072966     
   135.0000       229.436047000246     
   146.2500       228.794357684794     
   157.5000       228.115206181644     
   168.7500       227.469931627852     
   180.0000       226.725824799198     
   191.2500       226.190897974139     
   202.5000       225.581277530333     
   213.7500       225.323289443819     
   225.0000       225.184483340168     
   236.2500       225.289231309830     
   247.5000       225.748594099987     
   258.7500       226.484160174078     
   270.0000       227.531268507238     
   281.2500       228.693855818922     
   292.5000       230.000687499014     
   303.7500       231.159681771835     
   315.0000       232.299972175584     
   326.2500       233.123605436635     
   337.5000       233.876186102179     
   348.7500       234.271519427372     
   360.0000       234.587365270818     
