  0.0000000E+00   251.077072089461     
   11.25000       250.731076628542     
   22.50000       250.195820571228     
   33.75000       249.638182480768     
   45.00000       249.026328459148     
   56.25000       248.301409331649     
   67.50000       247.575125401080     
   78.75000       246.784787143004     
   90.00000       246.045335484434     
   101.2500       245.229018978331     
   112.5000       244.527146534155     
   123.7500       243.758689007949     
   135.0000       243.160290906227     
   146.2500       242.534368833407     
   157.5000       242.088208877239     
   168.7500       241.651137203601     
   180.0000       241.512223024382     
   191.2500       241.482395528806     
   202.5000       241.826151227213     
   213.7500       242.242221995149     
   225.0000       242.938614011804     
   236.2500       243.756391083894     
   247.5000       244.827661993125     
   258.7500       245.911533941080     
   270.0000       247.131744927826     
   281.2500       248.224573676112     
   292.5000       249.273769067763     
   303.7500       250.127502743240     
   315.0000       250.756324600276     
   326.2500       251.231606263296     
   337.5000       251.319991484917     
   348.7500       251.369723817489     
   360.0000       251.077072089461     
