  0.0000000E+00   241.783605585706     
   11.25000       241.845302671199     
   22.50000       242.008706387304     
   33.75000       242.009921230141     
   45.00000       241.933831612316     
   56.25000       242.010475511981     
   67.50000       241.697188504479     
   78.75000       241.508503005080     
   90.00000       241.223434625926     
   101.2500       240.651599670656     
   112.5000       240.035618070262     
   123.7500       239.177412247544     
   135.0000       238.160950100466     
   146.2500       237.098976422812     
   157.5000       235.912544564922     
   168.7500       234.753162840535     
   180.0000       233.744111461191     
   191.2500       233.050314120865     
   202.5000       232.606718425998     
   213.7500       232.411049299649     
   225.0000       232.591246607599     
   236.2500       232.981716701352     
   247.5000       233.709699151823     
   258.7500       234.625378372053     
   270.0000       235.686824026419     
   281.2500       236.870435368002     
   292.5000       237.999995697371     
   303.7500       239.109878017075     
   315.0000       239.821843684754     
   326.2500       240.516423734863     
   337.5000       241.148889711456     
   348.7500       241.445086030096     
   360.0000       241.783605585706     
