  0.0000000E+00   359.959909979440     
   11.25000       360.939996800996     
   22.50000       362.008251723610     
   33.75000       363.020008890820     
   45.00000       363.962823657340     
   56.25000       364.693861519241     
   67.50000       365.163715873543     
   78.75000       365.302432093205     
   90.00000       365.231631763177     
   101.2500       364.908509347379     
   112.5000       364.432240612984     
   123.7500       363.881993062927     
   135.0000       363.278738991081     
   146.2500       362.694625709227     
   157.5000       362.063088762628     
   168.7500       361.516658860578     
   180.0000       361.023689255271     
   191.2500       360.522857635823     
   202.5000       360.070470317231     
   213.7500       359.607851550567     
   225.0000       359.098186909946     
   236.2500       358.636058106396     
   247.5000       358.166670299110     
   258.7500       357.698504864543     
   270.0000       357.282643843996     
   281.2500       356.985491591888     
   292.5000       356.858515165599     
   303.7500       356.913316708908     
   315.0000       357.137466210249     
   326.2500       357.658990853779     
   337.5000       358.273416168193     
   348.7500       359.056731011318     
   360.0000       359.959909979440     
