  0.0000000E+00   230.986984765645     
   11.25000       230.680294334945     
   22.50000       229.906290720254     
   33.75000       229.114488262825     
   45.00000       228.083370633186     
   56.25000       227.040152780715     
   67.50000       226.164611952027     
   78.75000       225.198241251253     
   90.00000       224.414978278392     
   101.2500       223.482255346007     
   112.5000       222.700981507432     
   123.7500       221.899264537512     
   135.0000       220.851822555722     
   146.2500       219.848519347599     
   157.5000       218.583450571467     
   168.7500       217.345033845634     
   180.0000       216.277757174167     
   191.2500       215.152192445551     
   202.5000       214.516535111040     
   213.7500       214.239197615462     
   225.0000       214.461907981616     
   236.2500       215.257463234377     
   247.5000       216.455632929092     
   258.7500       218.221303224410     
   270.0000       220.248005061092     
   281.2500       222.513977430009     
   292.5000       224.765722437037     
   303.7500       226.768836136778     
   315.0000       228.523801212672     
   326.2500       229.742849966793     
   337.5000       230.656316581970     
   348.7500       231.005064460265     
   360.0000       230.986984765645     
