  0.0000000E+00   146.651856873274     
   11.25000       145.045485059158     
   22.50000       142.765338105857     
   33.75000       141.141127174569     
   45.00000       139.442781473730     
   56.25000       138.088461426125     
   67.50000       137.159985046415     
   78.75000       136.253505482197     
   90.00000       135.615434231699     
   101.2500       135.107105888298     
   112.5000       134.271484870101     
   123.7500       133.525658313587     
   135.0000       132.440058291404     
   146.2500       131.375541044790     
   157.5000       130.157376160589     
   168.7500       128.899481731849     
   180.0000       127.958030035511     
   191.2500       127.028887378916     
   202.5000       126.891412895588     
   213.7500       127.065020547007     
   225.0000       128.031015869402     
   236.2500       129.776978730588     
   247.5000       132.313166842730     
   258.7500       135.363738185919     
   270.0000       138.785667043544     
   281.2500       142.140573130017     
   292.5000       145.192424300772     
   303.7500       147.425359844067     
   315.0000       148.968128329742     
   326.2500       149.488157402734     
   337.5000       149.246455926982     
   348.7500       148.318264262735     
   360.0000       146.651856873274     
