  0.0000000E+00   135.986504084085     
   11.25000       134.415276124741     
   22.50000       132.682393429641     
   33.75000       131.315492576897     
   45.00000       129.615667150604     
   56.25000       128.576246927229     
   67.50000       127.409702776303     
   78.75000       126.765755295750     
   90.00000       126.368457505893     
   101.2500       126.007339905336     
   112.5000       125.538921154375     
   123.7500       124.750554636224     
   135.0000       123.924184279839     
   146.2500       122.596098276864     
   157.5000       121.293405162731     
   168.7500       119.698617234267     
   180.0000       118.466785991035     
   191.2500       117.394127794854     
   202.5000       117.079531491409     
   213.7500       117.222687041870     
   225.0000       118.373613495521     
   236.2500       120.029995500666     
   247.5000       122.280775213299     
   258.7500       125.239325438657     
   270.0000       128.362414884133     
   281.2500       131.501033796668     
   292.5000       134.266953183815     
   303.7500       136.433584928482     
   315.0000       137.789386236234     
   326.2500       138.402604113674     
   337.5000       138.147628866751     
   348.7500       137.349071068740     
   360.0000       135.986504084085     
