  0.0000000E+00   141.795039597055     
   11.25000       139.891520567810     
   22.50000       137.841608230432     
   33.75000       136.250555296698     
   45.00000       134.734842311059     
   56.25000       133.705360972188     
   67.50000       132.543147811222     
   78.75000       131.849945293688     
   90.00000       131.295741898994     
   101.2500       130.529957829552     
   112.5000       129.993890417421     
   123.7500       129.364075578219     
   135.0000       128.324786300577     
   146.2500       127.299883442304     
   157.5000       125.859985091859     
   168.7500       124.647435705816     
   180.0000       123.406826533395     
   191.2500       122.607042327056     
   202.5000       122.482959411537     
   213.7500       122.742588803708     
   225.0000       123.757895142022     
   236.2500       125.630162437154     
   247.5000       128.278861231950     
   258.7500       131.501060347331     
   270.0000       135.034658554792     
   281.2500       138.374239137111     
   292.5000       141.281221557330     
   303.7500       143.390697081347     
   315.0000       144.696664740088     
   326.2500       144.956403350737     
   337.5000       144.571635779390     
   348.7500       143.313103654495     
   360.0000       141.795039597055     
