  0.0000000E+00   118.843034145055     
   11.25000       117.628796298010     
   22.50000       116.264826672756     
   33.75000       114.999855198782     
   45.00000       113.790165744239     
   56.25000       112.850025941012     
   67.50000       111.937885695801     
   78.75000       111.515098124183     
   90.00000       111.193101312128     
   101.2500       110.634091214833     
   112.5000       109.888627607715     
   123.7500       108.833422792494     
   135.0000       107.149509716919     
   146.2500       105.515112957907     
   157.5000       103.241099787415     
   168.7500       101.394687003709     
   180.0000       99.3395061429440     
   191.2500       98.0340180639014     
   202.5000       97.0437494647684     
   213.7500       97.2183365500308     
   225.0000       97.9390543981048     
   236.2500       99.8508846738002     
   247.5000       102.265463215585     
   258.7500       105.436969060346     
   270.0000       108.824573212320     
   281.2500       112.300422527225     
   292.5000       115.379143271088     
   303.7500       117.825147051127     
   315.0000       119.513378130069     
   326.2500       120.445375269470     
   337.5000       120.493719977848     
   348.7500       120.026307867796     
   360.0000       118.843034145055     
