  0.0000000E+00   104.487368427895     
   11.25000       102.100052994212     
   22.50000       99.5141082387107     
   33.75000       97.0657431906752     
   45.00000       94.6256975331296     
   56.25000       92.5782203451315     
   67.50000       91.1525635942227     
   78.75000       89.9902944307003     
   90.00000       89.1017182628181     
   101.2500       88.3355834035740     
   112.5000       87.9101821301017     
   123.7500       87.3224344156367     
   135.0000       86.9057518574483     
   146.2500       86.5538088094775     
   157.5000       85.9927192923884     
   168.7500       85.8570317438566     
   180.0000       85.8036391453815     
   191.2500       85.8125183872254     
   202.5000       86.4392212070133     
   213.7500       87.3427905420900     
   225.0000       89.2123672843933     
   236.2500       91.3975615893970     
   247.5000       94.2585735966494     
   258.7500       97.5854777116042     
   270.0000       101.107396293826     
   281.2500       104.255555032034     
   292.5000       106.990117066569     
   303.7500       108.652967234825     
   315.0000       109.599645487036     
   326.2500       109.465367071908     
   337.5000       108.433941456404     
   348.7500       106.869188715683     
   360.0000       104.487368427895     
