  0.0000000E+00   413.333127544041     
   11.25000       414.613012102607     
   22.50000       415.762679792596     
   33.75000       416.791819861319     
   45.00000       417.612266483853     
   56.25000       418.141544201054     
   67.50000       418.483336261638     
   78.75000       418.538934450383     
   90.00000       418.465535309352     
   101.2500       418.224804503146     
   112.5000       417.892109242408     
   123.7500       417.510386156436     
   135.0000       417.096656252708     
   146.2500       416.692783832841     
   157.5000       416.316143667929     
   168.7500       415.961912965616     
   180.0000       415.547168469729     
   191.2500       415.115330959901     
   202.5000       414.586718863408     
   213.7500       413.911874783219     
   225.0000       413.134762444449     
   236.2500       412.252858880917     
   247.5000       411.391501845280     
   258.7500       410.599271353578     
   270.0000       409.955210088424     
   281.2500       409.521670999097     
   292.5000       409.256850415606     
   303.7500       409.259059615165     
   315.0000       409.567906593262     
   326.2500       410.151793930150     
   337.5000       411.054524143435     
   348.7500       412.125988072311     
   360.0000       413.333127544041     
