  0.0000000E+00   241.599136923399     
   11.25000       240.847211073294     
   22.50000       240.203202502445     
   33.75000       239.545067373810     
   45.00000       238.967544853061     
   56.25000       238.547186624440     
   67.50000       238.187051294579     
   78.75000       238.071000534208     
   90.00000       237.977687499111     
   101.2500       238.067795669549     
   112.5000       238.182012032760     
   123.7500       238.238710499206     
   135.0000       238.264878442968     
   146.2500       238.063330203640     
   157.5000       237.870688561364     
   168.7500       237.485410277822     
   180.0000       237.163099438029     
   191.2500       236.712416450232     
   202.5000       236.529930080406     
   213.7500       236.319752215545     
   225.0000       236.404080553159     
   236.2500       236.678943480341     
   247.5000       237.280525566478     
   258.7500       238.035945078072     
   270.0000       238.997469635902     
   281.2500       239.975688818607     
   292.5000       240.947839044905     
   303.7500       241.704148156531     
   315.0000       242.280489451733     
   326.2500       242.482261771383     
   337.5000       242.488035258756     
   348.7500       242.068509788123     
   360.0000       241.599136923399     
