  0.0000000E+00   236.764820625649     
   11.25000       236.883773376723     
   22.50000       236.855096919531     
   33.75000       236.444850728599     
   45.00000       236.103985597044     
   56.25000       235.304609536980     
   67.50000       234.654101165176     
   78.75000       233.910056113804     
   90.00000       233.040646885663     
   101.2500       232.248444997090     
   112.5000       231.213350333243     
   123.7500       230.178159878026     
   135.0000       229.172560389433     
   146.2500       228.065251183022     
   157.5000       227.153163811147     
   168.7500       226.243787497127     
   180.0000       225.250210567996     
   191.2500       224.456468861845     
   202.5000       223.757269150412     
   213.7500       223.406008661980     
   225.0000       223.307933215121     
   236.2500       223.682663604830     
   247.5000       224.497174325410     
   258.7500       225.653978810930     
   270.0000       227.158715166012     
   281.2500       228.724243623590     
   292.5000       230.404004712367     
   303.7500       231.969999585842     
   315.0000       233.454333877826     
   326.2500       234.738321056214     
   337.5000       235.640511452005     
   348.7500       236.410185865077     
   360.0000       236.764820625649     
