  0.0000000E+00   128.227930515895     
   11.25000       126.521197847804     
   22.50000       124.893029619093     
   33.75000       122.907017859343     
   45.00000       121.405688749392     
   56.25000       119.725989972495     
   67.50000       118.675564364765     
   78.75000       117.958467076782     
   90.00000       117.315402780869     
   101.2500       116.824164354104     
   112.5000       116.098145048457     
   123.7500       115.584453132918     
   135.0000       114.479359620436     
   146.2500       113.676481113490     
   157.5000       112.277060251812     
   168.7500       111.267325903308     
   180.0000       109.977885215409     
   191.2500       109.211549081867     
   202.5000       108.784710186293     
   213.7500       109.010849012750     
   225.0000       110.080877522313     
   236.2500       111.729969957508     
   247.5000       114.126748324026     
   258.7500       117.114365211626     
   270.0000       120.403083162255     
   281.2500       123.699295444192     
   292.5000       126.593883190793     
   303.7500       128.912476708052     
   315.0000       130.228043787050     
   326.2500       130.932034507723     
   337.5000       130.527274351437     
   348.7500       129.718404152453     
   360.0000       128.227930515895     
