  0.0000000E+00   163.235458463258     
   11.25000       162.084034824691     
   22.50000       160.617920014519     
   33.75000       159.282804524230     
   45.00000       157.710965093031     
   56.25000       156.616283815173     
   67.50000       155.736200899775     
   78.75000       154.799466775082     
   90.00000       153.994295038928     
   101.2500       153.028190565222     
   112.5000       151.975905726106     
   123.7500       150.806729570832     
   135.0000       149.364338763206     
   146.2500       147.998943844545     
   157.5000       146.453972607445     
   168.7500       145.245651285620     
   180.0000       144.205648955353     
   191.2500       143.536056688872     
   202.5000       143.323664369976     
   213.7500       143.655918035529     
   225.0000       144.661855919542     
   236.2500       146.387855617124     
   247.5000       148.659453629077     
   258.7500       151.549882320668     
   270.0000       154.592893711707     
   281.2500       157.521101872249     
   292.5000       159.964410517470     
   303.7500       162.120364532951     
   315.0000       163.504084362749     
   326.2500       164.049100642880     
   337.5000       164.458515568376     
   348.7500       164.040454941727     
   360.0000       163.235458463258     
