  0.0000000E+00   158.246217811542     
   11.25000       156.964230328048     
   22.50000       155.237011647014     
   33.75000       153.786928579163     
   45.00000       152.352658001510     
   56.25000       151.189398795145     
   67.50000       150.134414769270     
   78.75000       149.369485568592     
   90.00000       148.754688223723     
   101.2500       148.242745096430     
   112.5000       147.810933679380     
   123.7500       147.239756314389     
   135.0000       146.733673366009     
   146.2500       145.953453111366     
   157.5000       145.295542512223     
   168.7500       144.332900316683     
   180.0000       143.631447342422     
   191.2500       142.935632377047     
   202.5000       142.672351247378     
   213.7500       142.657304351162     
   225.0000       143.274697476319     
   236.2500       144.381285235159     
   247.5000       146.188484132766     
   258.7500       148.313597386151     
   270.0000       150.857788608000     
   281.2500       153.355723008290     
   292.5000       155.721670991373     
   303.7500       157.678570765827     
   315.0000       158.992655829390     
   326.2500       159.798166586165     
   337.5000       159.809859106816     
   348.7500       159.367850852874     
   360.0000       158.246217811542     
