  0.0000000E+00   209.757441067624     
   11.25000       209.093640121316     
   22.50000       208.052780641658     
   33.75000       206.985073580300     
   45.00000       205.884567798499     
   56.25000       204.730842233402     
   67.50000       203.621619580630     
   78.75000       202.516820754195     
   90.00000       201.529275350154     
   101.2500       200.731697784685     
   112.5000       199.805083701217     
   123.7500       198.996785515609     
   135.0000       198.248556580319     
   146.2500       197.538064820152     
   157.5000       196.897482303085     
   168.7500       196.377914993967     
   180.0000       196.197899216819     
   191.2500       195.934581988046     
   202.5000       196.349752161816     
   213.7500       196.775932362393     
   225.0000       197.467971839750     
   236.2500       198.645837976620     
   247.5000       200.060791154993     
   258.7500       201.871884066138     
   270.0000       203.703478105221     
   281.2500       205.524041376755     
   292.5000       207.281605927935     
   303.7500       208.606041410641     
   315.0000       209.731137274897     
   326.2500       210.283419349239     
   337.5000       210.482667150614     
   348.7500       210.346036085854     
   360.0000       209.757441067624     
