  0.0000000E+00   194.518437093044     
   11.25000       193.414515048400     
   22.50000       192.497920531763     
   33.75000       191.487999422161     
   45.00000       190.540576304129     
   56.25000       189.921018108436     
   67.50000       189.238916430492     
   78.75000       188.853952080658     
   90.00000       188.644371606325     
   101.2500       188.314108099919     
   112.5000       187.957506789820     
   123.7500       187.502893485210     
   135.0000       187.012503175365     
   146.2500       186.141113424261     
   157.5000       185.162753591890     
   168.7500       184.238207499465     
   180.0000       183.157194828687     
   191.2500       182.339284373044     
   202.5000       181.844652312859     
   213.7500       181.762063200327     
   225.0000       182.074775320251     
   236.2500       182.958184452702     
   247.5000       184.490359100202     
   258.7500       186.211459973810     
   270.0000       188.437102378022     
   281.2500       190.541467194569     
   292.5000       192.604847372638     
   303.7500       194.271749171301     
   315.0000       195.306504847499     
   326.2500       195.977499468529     
   337.5000       195.812424824330     
   348.7500       195.391112752203     
   360.0000       194.518437093044     
