  0.0000000E+00   209.449566677908     
   11.25000       209.182445949259     
   22.50000       208.893745417306     
   33.75000       208.511897848408     
   45.00000       208.125263255239     
   56.25000       207.811610526230     
   67.50000       207.458346396555     
   78.75000       207.164747783135     
   90.00000       206.840427829056     
   101.2500       206.395699434534     
   112.5000       205.907669783963     
   123.7500       205.373718194572     
   135.0000       204.654409222945     
   146.2500       203.889731903015     
   157.5000       203.079330113192     
   168.7500       202.318532129771     
   180.0000       201.558928335110     
   191.2500       200.981774552087     
   202.5000       200.631622553009     
   213.7500       200.477116502748     
   225.0000       200.776568918192     
   236.2500       201.214763237851     
   247.5000       202.004937379657     
   258.7500       203.048423793768     
   270.0000       204.332519311017     
   281.2500       205.592774342253     
   292.5000       206.868335553194     
   303.7500       207.850603759862     
   315.0000       208.744472444146     
   326.2500       209.210928226258     
   337.5000       209.579953551908     
   348.7500       209.468768340641     
   360.0000       209.449566677908     
