  0.0000000E+00   255.730486662060     
   11.25000       255.475191265775     
   22.50000       254.979359839981     
   33.75000       254.461722593971     
   45.00000       253.949433814053     
   56.25000       253.371849089673     
   67.50000       252.896328861799     
   78.75000       252.387703768065     
   90.00000       251.948334041603     
   101.2500       251.425298667157     
   112.5000       250.907823711219     
   123.7500       250.234289742540     
   135.0000       249.557867120766     
   146.2500       248.702401882015     
   157.5000       247.888912425878     
   168.7500       246.973632179823     
   180.0000       246.271535962494     
   191.2500       245.623504666954     
   202.5000       245.300400603310     
   213.7500       245.088756504001     
   225.0000       245.258282731132     
   236.2500       245.745684194414     
   247.5000       246.564075784082     
   258.7500       247.718905239536     
   270.0000       248.999379315606     
   281.2500       250.493513872309     
   292.5000       251.853770667774     
   303.7500       253.207663670232     
   315.0000       254.281827400065     
   326.2500       255.118897639707     
   337.5000       255.598765603692     
   348.7500       255.845945712861     
   360.0000       255.730486662060     
