  0.0000000E+00   265.533968869653     
   11.25000       264.977406519048     
   22.50000       264.196702516259     
   33.75000       263.440773053705     
   45.00000       262.446981006939     
   56.25000       261.500061726875     
   67.50000       260.587449866616     
   78.75000       259.695470273265     
   90.00000       258.977253634943     
   101.2500       258.349746101341     
   112.5000       257.921388055429     
   123.7500       257.578526506458     
   135.0000       257.421184452704     
   146.2500       257.420003685035     
   157.5000       257.470554356655     
   168.7500       257.678321949946     
   180.0000       257.877464643897     
   191.2500       258.200931551989     
   202.5000       258.523896433710     
   213.7500       258.841101319924     
   225.0000       259.442564437804     
   236.2500       259.960084096330     
   247.5000       260.671915317449     
   258.7500       261.409952166329     
   270.0000       262.169702262169     
   281.2500       263.063432043464     
   292.5000       263.861113439376     
   303.7500       264.573308216385     
   315.0000       265.238047999400     
   326.2500       265.705854537921     
   337.5000       265.966851711325     
   348.7500       265.865339413226     
   360.0000       265.533968869653     
