  0.0000000E+00   108.615739339026     
   11.25000       106.651868317919     
   22.50000       104.317276560163     
   33.75000       101.832897986350     
   45.00000       99.6334932859925     
   56.25000       97.1645486081012     
   67.50000       95.5363344065229     
   78.75000       93.9632023147314     
   90.00000       92.7666723258763     
   101.2500       91.5097547093350     
   112.5000       90.2965483217165     
   123.7500       89.2414306787690     
   135.0000       87.9412522960127     
   146.2500       86.8972549241250     
   157.5000       85.9569376273701     
   168.7500       85.1953344810101     
   180.0000       84.8505242756814     
   191.2500       84.6082774539869     
   202.5000       85.2240296191969     
   213.7500       86.3015872078678     
   225.0000       88.2141401804336     
   236.2500       90.8294742878872     
   247.5000       93.8859092242989     
   258.7500       97.3563732540456     
   270.0000       101.270443417934     
   281.2500       104.958196576601     
   292.5000       108.267030735513     
   303.7500       110.721205217063     
   315.0000       112.033347986540     
   326.2500       112.540333159172     
   337.5000       111.856930191159     
   348.7500       110.725762552900     
   360.0000       108.615739339026     
