  0.0000000E+00   140.183396078497     
   11.25000       138.211558588842     
   22.50000       136.330933986074     
   33.75000       134.712727200627     
   45.00000       133.297273295229     
   56.25000       132.209636107109     
   67.50000       131.015881962852     
   78.75000       130.452843570134     
   90.00000       129.766851257826     
   101.2500       129.084764116311     
   112.5000       128.687761375274     
   123.7500       128.027505997304     
   135.0000       127.048981284541     
   146.2500       125.950626691424     
   157.5000       124.454939380383     
   168.7500       123.238819791837     
   180.0000       121.946210979273     
   191.2500       121.255090940032     
   202.5000       121.054656290612     
   213.7500       121.374033516913     
   225.0000       122.396117539850     
   236.2500       124.316287027866     
   247.5000       126.996369692485     
   258.7500       130.244964598875     
   270.0000       133.740634959335     
   281.2500       137.014981796171     
   292.5000       139.867806152307     
   303.7500       141.929015130334     
   315.0000       143.162832540674     
   326.2500       143.389277832714     
   337.5000       142.954812870437     
   348.7500       141.670059704271     
   360.0000       140.183396078497     
