  0.0000000E+00   196.479873928402     
   11.25000       195.244952920252     
   22.50000       194.233665051512     
   33.75000       193.220161661207     
   45.00000       192.140051422629     
   56.25000       191.426596850845     
   67.50000       190.745240365300     
   78.75000       190.213269780754     
   90.00000       189.951880568934     
   101.2500       189.675303947095     
   112.5000       189.352520975081     
   123.7500       188.870204034351     
   135.0000       188.440472799613     
   146.2500       187.762550443806     
   157.5000       186.841145171200     
   168.7500       186.026225946651     
   180.0000       185.102674904983     
   191.2500       184.323809455726     
   202.5000       183.835588448143     
   213.7500       183.822555896524     
   225.0000       184.106920127404     
   236.2500       184.872838389530     
   247.5000       186.387354401942     
   258.7500       188.086259883828     
   270.0000       190.225939629607     
   281.2500       192.329669277036     
   292.5000       194.321965001052     
   303.7500       196.062464544387     
   315.0000       197.110585153269     
   326.2500       197.834315332667     
   337.5000       197.772346252823     
   348.7500       197.303068225347     
   360.0000       196.479873928402     
