  0.0000000E+00   238.664949025389     
   11.25000       238.164437819302     
   22.50000       237.823237802775     
   33.75000       237.466265566202     
   45.00000       237.223234255420     
   56.25000       237.023893499798     
   67.50000       236.972465275834     
   78.75000       237.019778493702     
   90.00000       237.053732263820     
   101.2500       237.152346745943     
   112.5000       237.027438077092     
   123.7500       236.895933932305     
   135.0000       236.562587279182     
   146.2500       236.135690429207     
   157.5000       235.644362471604     
   168.7500       234.996542130778     
   180.0000       234.500873059850     
   191.2500       233.964473111651     
   202.5000       233.717467261266     
   213.7500       233.524069571999     
   225.0000       233.646989916371     
   236.2500       233.942661252697     
   247.5000       234.556894302163     
   258.7500       235.280369215606     
   270.0000       236.210305154259     
   281.2500       237.080699045250     
   292.5000       237.943228742722     
   303.7500       238.568927965194     
   315.0000       239.030865236593     
   326.2500       239.189034526542     
   337.5000       239.186806670782     
   348.7500       238.938149058835     
   360.0000       238.664949025389     
