  0.0000000E+00   130.037963167937     
   11.25000       128.428841813783     
   22.50000       126.896224690314     
   33.75000       125.059774699341     
   45.00000       123.570054639143     
   56.25000       122.153396594472     
   67.50000       120.867037706532     
   78.75000       120.322925162988     
   90.00000       119.685378647037     
   101.2500       119.274614788611     
   112.5000       118.422191243585     
   123.7500       117.808359557610     
   135.0000       116.640136645663     
   146.2500       115.653746708997     
   157.5000       114.389060606025     
   168.7500       113.223304881501     
   180.0000       112.018635906575     
   191.2500       111.197647773309     
   202.5000       110.938117542463     
   213.7500       111.132637891564     
   225.0000       112.315985776013     
   236.2500       113.900622573387     
   247.5000       116.230795072437     
   258.7500       119.181491199821     
   270.0000       122.395913476174     
   281.2500       125.629201608011     
   292.5000       128.371675004819     
   303.7500       130.698340350935     
   315.0000       131.987290817388     
   326.2500       132.639036771225     
   337.5000       132.342638172821     
   348.7500       131.465521028057     
   360.0000       130.037963167937     
