  0.0000000E+00   70.7661640409226     
   11.25000       70.7456825348092     
   22.50000       70.7396682554955     
   33.75000       70.7485766058986     
   45.00000       70.7714700434059     
   56.25000       70.8058519269087     
   67.50000       70.8474232411051     
   78.75000       70.8900905738739     
   90.00000       70.9266016669004     
   101.2500       70.9499685988356     
   112.5000       70.9553491193239     
   123.7500       70.9415878367387     
   135.0000       70.9116095297059     
   146.2500       70.8714428375111     
   157.5000       70.8284119092598     
   168.7500       70.7893841326584     
   180.0000       70.7596891858186     
   191.2500       70.7428019321100     
   202.5000       70.7404943680781     
   213.7500       70.7530769985883     
   225.0000       70.7794690368224     
   236.2500       70.8170377642345     
   247.5000       70.8613615067299     
   258.7500       70.9062423077683     
   270.0000       70.9443452140695     
   281.2500       70.9686246247269     
   292.5000       70.9742052406108     
   303.7500       70.9599248986501     
   315.0000       70.9287266488064     
   326.2500       70.8866829670423     
   337.5000       70.8411876156025     
   348.7500       70.7992002975791     
   360.0000       70.7661640409226     
