  0.0000000E+00   235.621993578983     
   11.25000       235.603546167173     
   22.50000       235.602138470137     
   33.75000       235.537183834970     
   45.00000       235.444210658217     
   56.25000       235.238742855178     
   67.50000       234.998799045455     
   78.75000       234.641508501869     
   90.00000       234.298815477313     
   101.2500       233.847961354020     
   112.5000       233.394778761234     
   123.7500       232.849840255112     
   135.0000       232.214693674584     
   146.2500       231.642505882976     
   157.5000       230.928804948057     
   168.7500       230.380318538966     
   180.0000       229.736866403813     
   191.2500       229.278175750408     
   202.5000       228.947268605607     
   213.7500       228.689223512720     
   225.0000       228.661806477166     
   236.2500       228.835884304705     
   247.5000       229.273106080890     
   258.7500       229.848538141566     
   270.0000       230.665959516395     
   281.2500       231.498529894201     
   292.5000       232.476307156449     
   303.7500       233.306578437944     
   315.0000       234.147962575652     
   326.2500       234.717390061325     
   337.5000       235.216065411780     
   348.7500       235.431079446897     
   360.0000       235.621993578983     
