  0.0000000E+00   236.553771236647     
   11.25000       236.396635070511     
   22.50000       236.316891985576     
   33.75000       236.187505265079     
   45.00000       236.128947160473     
   56.25000       236.047074704917     
   67.50000       236.016410745908     
   78.75000       235.875587256609     
   90.00000       235.715698829949     
   101.2500       235.447002748660     
   112.5000       235.077864444788     
   123.7500       234.694150511165     
   135.0000       234.086684604803     
   146.2500       233.539293021910     
   157.5000       232.832247533116     
   168.7500       232.230953726899     
   180.0000       231.673037231142     
   191.2500       231.152845844753     
   202.5000       230.920019389645     
   213.7500       230.730836649792     
   225.0000       230.778671798960     
   236.2500       231.012598645345     
   247.5000       231.538945157560     
   258.7500       232.160796110697     
   270.0000       232.987628273424     
   281.2500       233.754978123535     
   292.5000       234.595288471922     
   303.7500       235.244921089598     
   315.0000       235.860367136473     
   326.2500       236.228737846136     
   337.5000       236.519121982540     
   348.7500       236.564209644561     
   360.0000       236.553771236647     
