  0.0000000E+00   296.803265791526     
   11.25000       297.388424004788     
   22.50000       297.812648140781     
   33.75000       297.930325883870     
   45.00000       297.843198943222     
   56.25000       297.551182900126     
   67.50000       297.034436380917     
   78.75000       296.285475579904     
   90.00000       295.436455810668     
   101.2500       294.602620387111     
   112.5000       293.730073821374     
   123.7500       292.957759469921     
   135.0000       292.167386777743     
   146.2500       291.361580911192     
   157.5000       290.564754421226     
   168.7500       289.727236775953     
   180.0000       288.909293384534     
   191.2500       288.181117598892     
   202.5000       287.480341307829     
   213.7500       286.938463477320     
   225.0000       286.573216735694     
   236.2500       286.460374339969     
   247.5000       286.586770038701     
   258.7500       287.023332220625     
   270.0000       287.784966316954     
   281.2500       288.666799034454     
   292.5000       289.834466700227     
   303.7500       291.153699599893     
   315.0000       292.432902165351     
   326.2500       293.757295116058     
   337.5000       294.931307763371     
   348.7500       295.981602741867     
   360.0000       296.803265791526     
