  0.0000000E+00   342.980676233789     
   11.25000       342.702375668106     
   22.50000       342.363783663092     
   33.75000       341.931619860862     
   45.00000       341.507966721750     
   56.25000       341.036434028968     
   67.50000       340.432935613630     
   78.75000       339.817843115069     
   90.00000       339.049705246974     
   101.2500       338.261016340450     
   112.5000       337.310383768093     
   123.7500       336.266722098709     
   135.0000       335.292811686768     
   146.2500       334.356373754946     
   157.5000       333.515450141186     
   168.7500       332.856615284472     
   180.0000       332.484212774148     
   191.2500       332.433939557481     
   202.5000       332.739808673372     
   213.7500       333.337827950511     
   225.0000       334.233292253568     
   236.2500       335.320711442146     
   247.5000       336.603665845531     
   258.7500       337.984539925197     
   270.0000       339.347451410722     
   281.2500       340.627304879104     
   292.5000       341.763448686290     
   303.7500       342.579132787907     
   315.0000       343.070818044110     
   326.2500       343.328815226746     
   337.5000       343.364786130187     
   348.7500       343.238207240885     
   360.0000       342.980676233789     
