  0.0000000E+00   130.848246017999     
   11.25000       129.076444600147     
   22.50000       127.418187790328     
   33.75000       126.008500632701     
   45.00000       124.617741295324     
   56.25000       123.532354289458     
   67.50000       122.807147620905     
   78.75000       121.955606203164     
   90.00000       121.700950511994     
   101.2500       121.489286944357     
   112.5000       121.005250881221     
   123.7500       120.503941546867     
   135.0000       119.441195357161     
   146.2500       118.416626569887     
   157.5000       117.010550526731     
   168.7500       115.451675980430     
   180.0000       114.216532068164     
   191.2500       113.326109164948     
   202.5000       112.928076215350     
   213.7500       113.511279363123     
   225.0000       114.331208929980     
   236.2500       116.052210650806     
   247.5000       118.496741955538     
   258.7500       121.604655298331     
   270.0000       124.839062611945     
   281.2500       127.990210446641     
   292.5000       130.567369770788     
   303.7500       132.500960571683     
   315.0000       133.576691733823     
   326.2500       133.782180010475     
   337.5000       133.353192348165     
   348.7500       132.252937668313     
   360.0000       130.848246017999     
