  0.0000000E+00   382.586938372342     
   11.25000       382.132630441013     
   22.50000       381.515859351600     
   33.75000       380.845559477062     
   45.00000       380.160445780867     
   56.25000       379.521785339548     
   67.50000       379.021798262822     
   78.75000       378.651147587648     
   90.00000       378.524856628901     
   101.2500       378.591894222577     
   112.5000       378.833712177718     
   123.7500       379.348751548033     
   135.0000       380.043325693304     
   146.2500       380.918409729067     
   157.5000       381.944621411251     
   168.7500       382.970905540932     
   180.0000       383.896322150047     
   191.2500       384.645703850361     
   202.5000       385.142056172195     
   213.7500       385.467433640438     
   225.0000       385.537240486294     
   236.2500       385.471613011948     
   247.5000       385.302649076968     
   258.7500       384.992514582690     
   270.0000       384.733575716590     
   281.2500       384.453770330647     
   292.5000       384.212617580071     
   303.7500       383.947264402819     
   315.0000       383.747106676108     
   326.2500       383.524775674385     
   337.5000       383.284272002868     
   348.7500       382.986436412340     
   360.0000       382.586938372342     
