  0.0000000E+00   375.547803048665     
   11.25000       374.960826226223     
   22.50000       374.423692588988     
   33.75000       374.035731663437     
   45.00000       373.760206992415     
   56.25000       373.707416640067     
   67.50000       373.820379075577     
   78.75000       374.132440430375     
   90.00000       374.621794872733     
   101.2500       375.258085404706     
   112.5000       376.104014895790     
   123.7500       377.012346775248     
   135.0000       377.925768899567     
   146.2500       378.799555158148     
   157.5000       379.450193237904     
   168.7500       379.881619148187     
   180.0000       380.106577392513     
   191.2500       380.129799436143     
   202.5000       380.000312771108     
   213.7500       379.764781948843     
   225.0000       379.440499838659     
   236.2500       379.136176014282     
   247.5000       378.786300042798     
   258.7500       378.533834651844     
   270.0000       378.298979383490     
   281.2500       378.027764562632     
   292.5000       377.832922494124     
   303.7500       377.593453386259     
   315.0000       377.345462673344     
   326.2500       376.986304962859     
   337.5000       376.596644883033     
   348.7500       376.092241444926     
   360.0000       375.547803048665     
