  0.0000000E+00   206.651622114897     
   11.25000       206.406270685321     
   22.50000       206.034483366667     
   33.75000       205.375953605296     
   45.00000       204.762617858962     
   56.25000       203.899041818415     
   67.50000       203.182011168893     
   78.75000       202.350826069532     
   90.00000       201.627114600840     
   101.2500       201.074595365144     
   112.5000       200.575513970669     
   123.7500       200.015198636096     
   135.0000       199.422957013183     
   146.2500       198.652018606004     
   157.5000       197.747958001086     
   168.7500       196.950431921778     
   180.0000       196.097298226950     
   191.2500       195.389274333431     
   202.5000       194.831950919606     
   213.7500       194.623168919098     
   225.0000       194.676614237099     
   236.2500       195.228758525600     
   247.5000       196.069693893828     
   258.7500       197.211540274569     
   270.0000       198.706436710278     
   281.2500       200.336809023802     
   292.5000       202.005763754322     
   303.7500       203.500797221724     
   315.0000       204.798065717454     
   326.2500       205.724083881874     
   337.5000       206.419534398960     
   348.7500       206.601413649395     
   360.0000       206.651622114897     
