  0.0000000E+00   164.401481587449     
   11.25000       163.188120801777     
   22.50000       162.068009974631     
   33.75000       160.621929312497     
   45.00000       159.481726362575     
   56.25000       158.333177414130     
   67.50000       157.387203424775     
   78.75000       156.435272868185     
   90.00000       155.716695254646     
   101.2500       154.874431085296     
   112.5000       154.178857843134     
   123.7500       153.300650395982     
   135.0000       152.431567788750     
   146.2500       151.478425392551     
   157.5000       150.484885198061     
   168.7500       149.602291972253     
   180.0000       148.851285730859     
   191.2500       148.504968463739     
   202.5000       148.402538623450     
   213.7500       148.677555199541     
   225.0000       149.516163671334     
   236.2500       150.851965033793     
   247.5000       152.654550396564     
   258.7500       154.920309245533     
   270.0000       157.320968400908     
   281.2500       159.858121506170     
   292.5000       162.053364146972     
   303.7500       163.901546562077     
   315.0000       165.069552614110     
   326.2500       165.736642235877     
   337.5000       165.706624455200     
   348.7500       165.246393910755     
   360.0000       164.401481587449     
