  0.0000000E+00   179.058048035215     
   11.25000       178.553173313605     
   22.50000       177.712595427769     
   33.75000       177.033211392705     
   45.00000       176.150709795255     
   56.25000       175.556559664584     
   67.50000       174.997713508148     
   78.75000       174.526170686477     
   90.00000       174.006446235215     
   101.2500       173.513928674105     
   112.5000       172.914423073668     
   123.7500       172.145378872477     
   135.0000       171.357783556669     
   146.2500       170.295927435814     
   157.5000       169.348567466770     
   168.7500       168.344106343443     
   180.0000       167.477390453556     
   191.2500       166.731449832429     
   202.5000       166.327113770132     
   213.7500       166.261711923563     
   225.0000       166.690081951488     
   236.2500       167.428780737764     
   247.5000       168.778437954639     
   258.7500       170.347692107471     
   270.0000       172.323269346288     
   281.2500       174.181324783247     
   292.5000       176.015744211162     
   303.7500       177.461363561788     
   315.0000       178.468914158073     
   326.2500       179.273463672953     
   337.5000       179.488443567680     
   348.7500       179.536425339757     
   360.0000       179.058048035215     
