  0.0000000E+00   203.775787205813     
   11.25000       203.237143451718     
   22.50000       202.395098135659     
   33.75000       201.424382987598     
   45.00000       200.440958860615     
   56.25000       199.451639189015     
   67.50000       198.712399524138     
   78.75000       197.903356670787     
   90.00000       197.422136625825     
   101.2500       196.869784045834     
   112.5000       196.379022370469     
   123.7500       195.706145281769     
   135.0000       195.011731029858     
   146.2500       194.200420662924     
   157.5000       193.211860179781     
   168.7500       192.155488434072     
   180.0000       191.175756310951     
   191.2500       190.445979658324     
   202.5000       189.868075088703     
   213.7500       189.755109252461     
   225.0000       190.034131362906     
   236.2500       190.867227603423     
   247.5000       192.114340984193     
   258.7500       193.711909432400     
   270.0000       195.614530189323     
   281.2500       197.544990162976     
   292.5000       199.511520482107     
   303.7500       201.178400327951     
   315.0000       202.566832863081     
   326.2500       203.472739575730     
   337.5000       203.984393167664     
   348.7500       204.045388031212     
   360.0000       203.775787205813     
