  0.0000000E+00   208.860136159868     
   11.25000       208.625627499335     
   22.50000       208.373184371986     
   33.75000       207.967825698221     
   45.00000       207.586448809370     
   56.25000       207.214499587341     
   67.50000       206.785144993653     
   78.75000       206.426396234865     
   90.00000       205.959641316952     
   101.2500       205.405370795663     
   112.5000       204.880577803890     
   123.7500       204.299555035106     
   135.0000       203.583100496268     
   146.2500       202.841165194346     
   157.5000       202.032274365907     
   168.7500       201.250371386388     
   180.0000       200.480862303697     
   191.2500       199.921982394803     
   202.5000       199.528442401434     
   213.7500       199.383037680547     
   225.0000       199.630293470341     
   236.2500       200.044997802062     
   247.5000       200.828353321269     
   258.7500       201.880058766001     
   270.0000       203.153725497205     
   281.2500       204.430820176570     
   292.5000       205.737284263435     
   303.7500       206.802582357068     
   315.0000       207.786826637128     
   326.2500       208.346603843902     
   337.5000       208.796158899661     
   348.7500       208.793415767878     
   360.0000       208.860136159868     
