  0.0000000E+00   282.836950952122     
   11.25000       282.231174695458     
   22.50000       281.531753505742     
   33.75000       280.896789853060     
   45.00000       280.292692264668     
   56.25000       279.675469383653     
   67.50000       278.971911129362     
   78.75000       278.272552367150     
   90.00000       277.428159388496     
   101.2500       276.554869774852     
   112.5000       275.577236324479     
   123.7500       274.512536431231     
   135.0000       273.433463120487     
   146.2500       272.270979677148     
   157.5000       271.226013556441     
   168.7500       270.303799103727     
   180.0000       269.533151617453     
   191.2500       269.212727217411     
   202.5000       269.162071237845     
   213.7500       269.601904949523     
   225.0000       270.402536291313     
   236.2500       271.611804967210     
   247.5000       273.174872023572     
   258.7500       274.897694207743     
   270.0000       276.673223418579     
   281.2500       278.405978151639     
   292.5000       280.004080650587     
   303.7500       281.382521967991     
   315.0000       282.338802906576     
   326.2500       283.011789603781     
   337.5000       283.340760424743     
   348.7500       283.163244368467     
   360.0000       282.836950952122     
