  0.0000000E+00   223.510695387095     
   11.25000       222.623681013415     
   22.50000       221.763225370246     
   33.75000       220.658644577565     
   45.00000       219.557893266810     
   56.25000       218.699752438980     
   67.50000       217.873403950873     
   78.75000       217.059272617890     
   90.00000       216.356411893564     
   101.2500       215.492391884214     
   112.5000       214.589835427557     
   123.7500       213.324779149807     
   135.0000       212.201846256230     
   146.2500       210.812726045755     
   157.5000       209.506161690584     
   168.7500       208.392248516017     
   180.0000       207.320289748857     
   191.2500       206.774861689879     
   202.5000       206.448345345323     
   213.7500       206.614215499821     
   225.0000       207.418496745102     
   236.2500       208.668474178833     
   247.5000       210.547100459164     
   258.7500       212.718770391242     
   270.0000       215.053836357070     
   281.2500       217.446308941959     
   292.5000       219.531480085624     
   303.7500       221.422741845788     
   315.0000       222.771252924293     
   326.2500       223.675906349928     
   337.5000       224.062207167750     
   348.7500       223.924221497974     
   360.0000       223.510695387095     
