  0.0000000E+00   307.187088796196     
   11.25000       307.146694616678     
   22.50000       307.217367329937     
   33.75000       307.488541005830     
   45.00000       307.835175494219     
   56.25000       308.317543510379     
   67.50000       308.896452102040     
   78.75000       309.448497941727     
   90.00000       309.919370852961     
   101.2500       310.303257753002     
   112.5000       310.550857263799     
   123.7500       310.579716679365     
   135.0000       310.386649501903     
   146.2500       309.902856867593     
   157.5000       309.204629046115     
   168.7500       308.457501336434     
   180.0000       307.635011242900     
   191.2500       306.902191119429     
   202.5000       306.427889585138     
   213.7500       306.075975966327     
   225.0000       305.920146032683     
   236.2500       305.979936013808     
   247.5000       306.080237291239     
   258.7500       306.363801639277     
   270.0000       306.710952692198     
   281.2500       307.037353433543     
   292.5000       307.319672579635     
   303.7500       307.506659532140     
   315.0000       307.625280981327     
   326.2500       307.591899813715     
   337.5000       307.447361248190     
   348.7500       307.339459539213     
   360.0000       307.187088796196     
