  0.0000000E+00   126.547617131356     
   11.25000       124.915703765953     
   22.50000       123.391526055091     
   33.75000       122.172488559524     
   45.00000       120.794698959129     
   56.25000       119.937560632780     
   67.50000       119.002516766435     
   78.75000       118.516722056592     
   90.00000       118.230553305255     
   101.2500       118.082661658026     
   112.5000       117.711000915852     
   123.7500       117.051581891250     
   135.0000       116.078583207927     
   146.2500       114.952417632385     
   157.5000       113.283114401362     
   168.7500       111.741799553735     
   180.0000       110.378044215024     
   191.2500       109.227177347714     
   202.5000       108.757149656854     
   213.7500       108.766385024737     
   225.0000       109.711096959275     
   236.2500       111.353658465937     
   247.5000       113.754080526935     
   258.7500       116.715774902243     
   270.0000       119.865651903022     
   281.2500       123.023637442432     
   292.5000       125.637401658859     
   303.7500       127.677247891925     
   315.0000       128.784241911506     
   326.2500       129.214250945231     
   337.5000       128.830629648901     
   348.7500       127.859078200020     
   360.0000       126.547617131356     
