  0.0000000E+00   247.776690733003     
   11.25000       247.360502422226     
   22.50000       246.532332156843     
   33.75000       245.769784119330     
   45.00000       244.899383782975     
   56.25000       244.019052006404     
   67.50000       243.203749755997     
   78.75000       242.414955208050     
   90.00000       241.801780226939     
   101.2500       241.246874895960     
   112.5000       240.868681950226     
   123.7500       240.504233001571     
   135.0000       240.306614126868     
   146.2500       240.084859899921     
   157.5000       240.106682139769     
   168.7500       240.071197801665     
   180.0000       240.229244355407     
   191.2500       240.314323896114     
   202.5000       240.634029656117     
   213.7500       240.902391054906     
   225.0000       241.315413351099     
   236.2500       241.828556668434     
   247.5000       242.528051527774     
   258.7500       243.287112519831     
   270.0000       244.223340212922     
   281.2500       245.109195746486     
   292.5000       246.081638579723     
   303.7500       246.826699380269     
   315.0000       247.525414474170     
   326.2500       247.916595447713     
   337.5000       248.156919043792     
   348.7500       248.109416076800     
   360.0000       247.776690733003     
