  0.0000000E+00   93.9011888278298     
   11.25000       92.0599408943594     
   22.50000       90.4263066221341     
   33.75000       89.1383005956297     
   45.00000       88.2760937900646     
   56.25000       87.9862668573874     
   67.50000       88.1340894029082     
   78.75000       88.5990734721954     
   90.00000       89.2201021742525     
   101.2500       89.8566857505922     
   112.5000       90.3670455923080     
   123.7500       90.6542603063562     
   135.0000       90.6573229803421     
   146.2500       90.3905846450149     
   157.5000       90.0583361918554     
   168.7500       89.4081146652700     
   180.0000       88.8275116929046     
   191.2500       88.6294351897953     
   202.5000       88.9094157080364     
   213.7500       89.5250354915239     
   225.0000       90.9136183363301     
   236.2500       92.3427198116086     
   247.5000       94.1124821696365     
   258.7500       96.1033662567152     
   270.0000       98.0631988130009     
   281.2500       99.7007496388144     
   292.5000       100.765718434709     
   303.7500       101.105157357990     
   315.0000       100.677742659637     
   326.2500       99.5329124103241     
   337.5000       97.8951671234867     
   348.7500       95.8253319792160     
   360.0000       93.9011888278298     
