  0.0000000E+00   204.321425838011     
   11.25000       203.349779988226     
   22.50000       202.071050092284     
   33.75000       200.872266543241     
   45.00000       199.689085094544     
   56.25000       198.485393908280     
   67.50000       197.503884332397     
   78.75000       196.671740494073     
   90.00000       196.003639466294     
   101.2500       195.334098792583     
   112.5000       194.812016644570     
   123.7500       194.418674557035     
   135.0000       193.829951725113     
   146.2500       193.334949402129     
   157.5000       192.827091587291     
   168.7500       192.339156652742     
   180.0000       191.870865046236     
   191.2500       191.605278947822     
   202.5000       191.587959596000     
   213.7500       191.573818874697     
   225.0000       192.168924947604     
   236.2500       193.034811115345     
   247.5000       194.288094661781     
   258.7500       195.930316909588     
   270.0000       197.690890217818     
   281.2500       199.708438845594     
   292.5000       201.449794095231     
   303.7500       203.018208263990     
   315.0000       204.217169384071     
   326.2500       204.849589998822     
   337.5000       205.204308301083     
   348.7500       204.887203484996     
   360.0000       204.321425838011     
