  0.0000000E+00   353.004134969244     
   11.25000       353.210488006406     
   22.50000       353.095512199979     
   33.75000       352.861596801741     
   45.00000       352.432982383804     
   56.25000       351.960494747850     
   67.50000       351.413889614083     
   78.75000       350.830526945109     
   90.00000       350.283782217072     
   101.2500       349.663399255671     
   112.5000       349.013674076065     
   123.7500       348.352009479055     
   135.0000       347.662275932257     
   146.2500       346.847020086117     
   157.5000       345.985624304854     
   168.7500       345.074931559403     
   180.0000       344.207607339563     
   191.2500       343.374286173876     
   202.5000       342.652806347265     
   213.7500       342.159598736613     
   225.0000       341.897343640360     
   236.2500       342.019623510142     
   247.5000       342.474381706167     
   258.7500       343.193502887358     
   270.0000       344.183033764831     
   281.2500       345.390999402866     
   292.5000       346.691099844815     
   303.7500       348.040898060737     
   315.0000       349.388613155524     
   326.2500       350.667935248840     
   337.5000       351.745255980548     
   348.7500       352.518478342450     
   360.0000       353.004134969244     
