  0.0000000E+00   258.136862863304     
   11.25000       258.359873400329     
   22.50000       258.364727499552     
   33.75000       258.298187564068     
   45.00000       258.125140582284     
   56.25000       257.811683516550     
   67.50000       257.479794836975     
   78.75000       257.042995634643     
   90.00000       256.660647557843     
   101.2500       256.187633396034     
   112.5000       255.800088435122     
   123.7500       255.305972166747     
   135.0000       254.893754140514     
   146.2500       254.343816785820     
   157.5000       253.852681484279     
   168.7500       253.220046124752     
   180.0000       252.678971226249     
   191.2500       252.124425173096     
   202.5000       251.536249285236     
   213.7500       251.150635111430     
   225.0000       250.859346776395     
   236.2500       250.878380456815     
   247.5000       251.067399046914     
   258.7500       251.545359149893     
   270.0000       252.186739678742     
   281.2500       253.017274702241     
   292.5000       253.890200359387     
   303.7500       254.866676879048     
   315.0000       255.734624957493     
   326.2500       256.569170971401     
   337.5000       257.232073520481     
   348.7500       257.787896406780     
   360.0000       258.136862863304     
