  0.0000000E+00   263.367375107934     
   11.25000       262.711468305711     
   22.50000       261.957719461943     
   33.75000       261.151606130048     
   45.00000       260.121918949789     
   56.25000       259.251014062009     
   67.50000       258.378740248399     
   78.75000       257.610149964252     
   90.00000       257.046125606667     
   101.2500       256.587333685160     
   112.5000       256.325474176210     
   123.7500       256.145813612129     
   135.0000       256.156813590783     
   146.2500       256.220800038785     
   157.5000       256.307045787057     
   168.7500       256.471568800849     
   180.0000       256.566609531242     
   191.2500       256.738895878457     
   202.5000       256.839810149475     
   213.7500       257.055350760672     
   225.0000       257.502751272562     
   236.2500       257.830574151341     
   247.5000       258.437834252705     
   258.7500       259.057763575026     
   270.0000       259.845580385411     
   281.2500       260.776138473110     
   292.5000       261.605365607171     
   303.7500       262.450502296315     
   315.0000       263.205336203256     
   326.2500       263.690905352800     
   337.5000       263.904521110250     
   348.7500       263.738557164054     
   360.0000       263.367375107934     
