  0.0000000E+00   10.5092525684906     
   11.25000       10.4842351180425     
   22.50000       10.4547372401688     
   33.75000       10.4117905011844     
   45.00000       10.3675334555571     
   56.25000       10.3011640436992     
   67.50000       10.2335557491416     
   78.75000       10.1455909984745     
   90.00000       10.0483484824222     
   101.2500       9.95089756472683     
   112.5000       9.83804497931537     
   123.7500       9.74900672833185     
   135.0000       9.65459610633771     
   146.2500       9.59384740370107     
   157.5000       9.54462316102870     
   168.7500       9.52822616736323     
   180.0000       9.53991307549126     
   191.2500       9.57939140649777     
   202.5000       9.64573952241114     
   213.7500       9.73384439270275     
   225.0000       9.83937061259042     
   236.2500       9.95590014663790     
   247.5000       10.0716023183944     
   258.7500       10.1752086351709     
   270.0000       10.2764479290197     
   281.2500       10.3547047183688     
   292.5000       10.4240966614356     
   303.7500       10.4737750180656     
   315.0000       10.5071084215301     
   326.2500       10.5232170019900     
   337.5000       10.5286957847971     
   348.7500       10.5205517341995     
   360.0000       10.5092525684906     
