  0.0000000E+00   30.8246896230100     
   11.25000       30.7210030442215     
   22.50000       30.4314065987356     
   33.75000       30.0734085415827     
   45.00000       29.5806674798698     
   56.25000       29.0665839557982     
   67.50000       28.5085514177642     
   78.75000       27.9253008506677     
   90.00000       27.3372667768095     
   101.2500       26.7844312349692     
   112.5000       26.2924291506748     
   123.7500       25.8780354711271     
   135.0000       25.5656076044877     
   146.2500       25.3338694365977     
   157.5000       25.2210931387119     
   168.7500       25.1668857033687     
   180.0000       25.2253221661254     
   191.2500       25.3593229877816     
   202.5000       25.5638136453683     
   213.7500       25.8794263801660     
   225.0000       26.2068751230396     
   236.2500       26.6557963561619     
   247.5000       27.0742014818825     
   258.7500       27.5775326153241     
   270.0000       28.0476989811797     
   281.2500       28.5672938211737     
   292.5000       29.1081306072320     
   303.7500       29.5931272718084     
   315.0000       30.0529894730938     
   326.2500       30.4303251268900     
   337.5000       30.6797787695771     
   348.7500       30.8335461099547     
   360.0000       30.8246896230100     
