  0.0000000E+00   5.58015063686425     
   11.25000       5.54039849547192     
   22.50000       5.49405057991442     
   33.75000       5.43747914550855     
   45.00000       5.38252925879494     
   56.25000       5.31923202521726     
   67.50000       5.25743001300002     
   78.75000       5.19172295334082     
   90.00000       5.12847094378747     
   101.2500       5.06553768591047     
   112.5000       5.00701411607765     
   123.7500       4.95198519543491     
   135.0000       4.90407051066469     
   146.2500       4.86804021788702     
   157.5000       4.83875864805972     
   168.7500       4.83237948350078     
   180.0000       4.83272953423507     
   191.2500       4.85793654054464     
   202.5000       4.89369388480507     
   213.7500       4.94418903726185     
   225.0000       5.01039725267247     
   236.2500       5.08486176836459     
   247.5000       5.17072989963822     
   258.7500       5.25441024964714     
   270.0000       5.33987366484485     
   281.2500       5.41524942942171     
   292.5000       5.48697166521281     
   303.7500       5.54114854644733     
   315.0000       5.58398181636836     
   326.2500       5.60641872105273     
   337.5000       5.61546506786144     
   348.7500       5.60344483487800     
   360.0000       5.58015063686425     
