  0.0000000E+00   23.9404677406349     
   11.25000       23.8508534185498     
   22.50000       23.6672162789495     
   33.75000       23.4100329941040     
   45.00000       23.1051800358888     
   56.25000       22.7659730082793     
   67.50000       22.4096498736943     
   78.75000       22.0800108961668     
   90.00000       21.7274620070282     
   101.2500       21.4361063383861     
   112.5000       21.1654394593958     
   123.7500       20.9239323041584     
   135.0000       20.7332090795264     
   146.2500       20.5807714938396     
   157.5000       20.5019182640074     
   168.7500       20.4359112755236     
   180.0000       20.4571269903473     
   191.2500       20.5269885327174     
   202.5000       20.6065163814440     
   213.7500       20.7968992917735     
   225.0000       20.9974470249595     
   236.2500       21.2501418116472     
   247.5000       21.5491905926046     
   258.7500       21.8814211765074     
   270.0000       22.2494086246544     
   281.2500       22.6035442641828     
   292.5000       22.9878173925000     
   303.7500       23.3037720738410     
   315.0000       23.5958017727040     
   326.2500       23.7946235931421     
   337.5000       23.9227612150582     
   348.7500       23.9838261936428     
   360.0000       23.9404677406349     
