  0.0000000E+00   14.8246982300961     
   11.25000       14.9056370667478     
   22.50000       14.9456782701480     
   33.75000       14.9564582415243     
   45.00000       14.9399452432651     
   56.25000       14.8849718441977     
   67.50000       14.8008763785994     
   78.75000       14.6971229484299     
   90.00000       14.5856216788141     
   101.2500       14.4611351922922     
   112.5000       14.3484165704848     
   123.7500       14.2364731553718     
   135.0000       14.1362857288693     
   146.2500       14.0599026917927     
   157.5000       13.9789326678262     
   168.7500       13.9497376928064     
   180.0000       13.9144269858589     
   191.2500       13.9127036169187     
   202.5000       13.9221270869056     
   213.7500       13.9271683837238     
   225.0000       13.9580466126918     
   236.2500       13.9817289384299     
   247.5000       14.0131006993407     
   258.7500       14.0626805410160     
   270.0000       14.1089728703632     
   281.2500       14.1788835469386     
   292.5000       14.2532733025869     
   303.7500       14.3307150931493     
   315.0000       14.4380185240354     
   326.2500       14.5354013566227     
   337.5000       14.6380319743729     
   348.7500       14.7398589001072     
   360.0000       14.8246982300961     
