  0.0000000E+00   9.04972009039881     
   11.25000       9.12299748525195     
   22.50000       9.18347156023990     
   33.75000       9.21811116422255     
   45.00000       9.22253738729020     
   56.25000       9.19311112283433     
   67.50000       9.13557107152367     
   78.75000       9.04034097714133     
   90.00000       8.92384059166689     
   101.2500       8.77289859957390     
   112.5000       8.61668999464036     
   123.7500       8.44545335420412     
   135.0000       8.28529593911806     
   146.2500       8.12812428872457     
   157.5000       7.99525319603785     
   168.7500       7.87795949401097     
   180.0000       7.79946783084350     
   191.2500       7.73771637468792     
   202.5000       7.71965171999454     
   213.7500       7.72227498092277     
   225.0000       7.76696595026824     
   236.2500       7.82166704718224     
   247.5000       7.91127580664957     
   258.7500       8.01117986356943     
   270.0000       8.12483175017299     
   281.2500       8.25128135695900     
   292.5000       8.36762865287425     
   303.7500       8.50596997246064     
   315.0000       8.61970567085855     
   326.2500       8.74903883029340     
   337.5000       8.85880683357724     
   348.7500       8.96249468789371     
   360.0000       9.04972009039881     
