  0.0000000E+00   5.58164179167339     
   11.25000       5.55900809719612     
   22.50000       5.53674683318274     
   33.75000       5.50619192394513     
   45.00000       5.47852191520526     
   56.25000       5.43688065755043     
   67.50000       5.39714995437730     
   78.75000       5.34545563053461     
   90.00000       5.29426502260226     
   101.2500       5.23596987337210     
   112.5000       5.18074633724746     
   123.7500       5.12767929185404     
   135.0000       5.08447054301309     
   146.2500       5.05090622301581     
   157.5000       5.03318265667574     
   168.7500       5.03114763797450     
   180.0000       5.04208539128609     
   191.2500       5.07609683193787     
   202.5000       5.11524771630696     
   213.7500       5.17161987895457     
   225.0000       5.23265955898234     
   236.2500       5.29856248410890     
   247.5000       5.36451890279761     
   258.7500       5.42521034596747     
   270.0000       5.48390401644324     
   281.2500       5.52970453597747     
   292.5000       5.56851212773085     
   303.7500       5.59150366604774     
   315.0000       5.60894716738903     
   326.2500       5.61102901894277     
   337.5000       5.60883617163945     
   348.7500       5.59584454749882     
   360.0000       5.58164179167339     
