  0.0000000E+00   12.2520938929490     
   11.25000       12.2574449481639     
   22.50000       12.2604665270707     
   33.75000       12.2455034886116     
   45.00000       12.2242183479194     
   56.25000       12.1785784205496     
   67.50000       12.1131672191648     
   78.75000       12.0320432455947     
   90.00000       11.9329886037343     
   101.2500       11.8407530845021     
   112.5000       11.7422236985186     
   123.7500       11.6525055087944     
   135.0000       11.5650181128458     
   146.2500       11.5018436387773     
   157.5000       11.4572144341333     
   168.7500       11.4338728094881     
   180.0000       11.4316614879353     
   191.2500       11.4487199881664     
   202.5000       11.4974014815367     
   213.7500       11.5587844797568     
   225.0000       11.6386896009373     
   236.2500       11.7261603192770     
   247.5000       11.8005867649548     
   258.7500       11.8881695527339     
   270.0000       11.9665373705793     
   281.2500       12.0279038912721     
   292.5000       12.0905432118224     
   303.7500       12.1353917747090     
   315.0000       12.1751424909002     
   326.2500       12.2080075511038     
   337.5000       12.2180346769455     
   348.7500       12.2470953246054     
   360.0000       12.2520938929490     
