  0.0000000E+00   20.3608323912501     
   11.25000       20.4443721653211     
   22.50000       20.4227633236047     
   33.75000       20.3127132851459     
   45.00000       20.1161291124190     
   56.25000       19.8563234186054     
   67.50000       19.5070497198747     
   78.75000       19.1248082096256     
   90.00000       18.7033935972399     
   101.2500       18.2747257685795     
   112.5000       17.8652089623263     
   123.7500       17.5003148380182     
   135.0000       17.1888095936830     
   146.2500       16.9434717210461     
   157.5000       16.7666630214616     
   168.7500       16.6563501691456     
   180.0000       16.6126672541116     
   191.2500       16.6498169263521     
   202.5000       16.7321347187268     
   213.7500       16.8892503185113     
   225.0000       17.0664153171347     
   236.2500       17.2872234796893     
   247.5000       17.5433151624974     
   258.7500       17.8020426510891     
   270.0000       18.1124483323559     
   281.2500       18.3992668189814     
   292.5000       18.7327187330665     
   303.7500       19.0469820824438     
   315.0000       19.3734944024007     
   326.2500       19.6969248293456     
   337.5000       19.9684005433094     
   348.7500       20.2132360410689     
   360.0000       20.3608323912501     
