  0.0000000E+00   10.8485691851061     
   11.25000       10.8999286794823     
   22.50000       10.9281538306336     
   33.75000       10.9386526488406     
   45.00000       10.9250332936802     
   56.25000       10.8837368421465     
   67.50000       10.8200070487547     
   78.75000       10.7280042205293     
   90.00000       10.6321575233641     
   101.2500       10.5241216894379     
   112.5000       10.4302030401567     
   123.7500       10.3331611216702     
   135.0000       10.2540760151952     
   146.2500       10.2019256428621     
   157.5000       10.1526700827073     
   168.7500       10.1495008924956     
   180.0000       10.1433268222557     
   191.2500       10.1751210792654     
   202.5000       10.2087919574209     
   213.7500       10.2560034511587     
   225.0000       10.3039528877256     
   236.2500       10.3522544972853     
   247.5000       10.4011775204494     
   258.7500       10.4381219626957     
   270.0000       10.4793549966105     
   281.2500       10.5143270954158     
   292.5000       10.5554204384026     
   303.7500       10.5914566226719     
   315.0000       10.6436149855187     
   326.2500       10.6919742933079     
   337.5000       10.7472802757536     
   348.7500       10.7981411022043     
   360.0000       10.8485691851061     
