  0.0000000E+00   7.41948333550650     
   11.25000       7.39342006862444     
   22.50000       7.34462158677875     
   33.75000       7.27209133041706     
   45.00000       7.17356571098298     
   56.25000       7.06550250531829     
   67.50000       6.93805544495925     
   78.75000       6.81685968500842     
   90.00000       6.69006158439430     
   101.2500       6.57922181056049     
   112.5000       6.47488736056823     
   123.7500       6.38558596322323     
   135.0000       6.31103766899796     
   146.2500       6.25188437964727     
   157.5000       6.21606159387175     
   168.7500       6.19133594635266     
   180.0000       6.19397484736447     
   191.2500       6.20129592938600     
   202.5000       6.24262298924740     
   213.7500       6.28429171834932     
   225.0000       6.35490903554857     
   236.2500       6.42943036385685     
   247.5000       6.53028447139775     
   258.7500       6.63292039387568     
   270.0000       6.75590530741717     
   281.2500       6.87508871599280     
   292.5000       7.00436131747886     
   303.7500       7.11595685123114     
   315.0000       7.22728709698591     
   326.2500       7.30890938024826     
   337.5000       7.37684792990349     
   348.7500       7.40911333593860     
   360.0000       7.41948333550650     
