  0.0000000E+00   18.5666898446953     
   11.25000       18.6380398608938     
   22.50000       18.6896792835177     
   33.75000       18.7015917380811     
   45.00000       18.6843596333517     
   56.25000       18.6270496388386     
   67.50000       18.5389256724585     
   78.75000       18.4043601826396     
   90.00000       18.2632650329523     
   101.2500       18.0818607506914     
   112.5000       17.8934345439601     
   123.7500       17.7427258915242     
   135.0000       17.5859183032381     
   146.2500       17.4872548245773     
   157.5000       17.4107638448823     
   168.7500       17.3745375993185     
   180.0000       17.3712730376978     
   191.2500       17.3791816529358     
   202.5000       17.4207893304621     
   213.7500       17.4790630818724     
   225.0000       17.5472912121695     
   236.2500       17.6363703594019     
   247.5000       17.7207255067783     
   258.7500       17.7986049058117     
   270.0000       17.8735929562554     
   281.2500       17.9476515768788     
   292.5000       18.0258226617131     
   303.7500       18.1092578995231     
   315.0000       18.1946790477629     
   326.2500       18.2888249224498     
   337.5000       18.3865218805589     
   348.7500       18.4805338458075     
   360.0000       18.5666898446953     
