  0.0000000E+00   20.4115662807632     
   11.25000       20.5348581685203     
   22.50000       20.6017513578056     
   33.75000       20.6215315665179     
   45.00000       20.6003048390157     
   56.25000       20.5554343226673     
   67.50000       20.4507031976954     
   78.75000       20.3332812909048     
   90.00000       20.1684199542715     
   101.2500       19.9437605688289     
   112.5000       19.7157472980308     
   123.7500       19.4524956137566     
   135.0000       19.1851645613082     
   146.2500       18.9110781163534     
   157.5000       18.6821787398699     
   168.7500       18.4353979794820     
   180.0000       18.2420550145240     
   191.2500       18.0839678209200     
   202.5000       17.9470068600431     
   213.7500       17.8840548428733     
   225.0000       17.8634289142063     
   236.2500       17.9182558739383     
   247.5000       18.0166528204001     
   258.7500       18.1687700364439     
   270.0000       18.3798093779462     
   281.2500       18.6261704951041     
   292.5000       18.8990599412650     
   303.7500       19.1927157536797     
   315.0000       19.4824319917852     
   326.2500       19.7661104594278     
   337.5000       20.0213094743505     
   348.7500       20.2375695249481     
   360.0000       20.4115662807632     
