  0.0000000E+00   43.2547111184031     
   11.25000       43.3764599601817     
   22.50000       43.2761192462513     
   33.75000       42.8910307358775     
   45.00000       42.2790080052894     
   56.25000       41.4185388732851     
   67.50000       40.3632647325137     
   78.75000       39.1767611595070     
   90.00000       37.9182874655770     
   101.2500       36.6412723207585     
   112.5000       35.4554711903494     
   123.7500       34.3083534838537     
   135.0000       33.3649276337174     
   146.2500       32.5928129542807     
   157.5000       31.9567586757979     
   168.7500       31.6311377244618     
   180.0000       31.4473947065058     
   191.2500       31.5143174198869     
   202.5000       31.7765137319839     
   213.7500       32.1856811789120     
   225.0000       32.8373918781177     
   236.2500       33.5910201423440     
   247.5000       34.5088480863216     
   258.7500       35.4849230214175     
   270.0000       36.5049844757491     
   281.2500       37.5517984715775     
   292.5000       38.6192685403769     
   303.7500       39.6693608723403     
   315.0000       40.6655804362738     
   326.2500       41.5539769439095     
   337.5000       42.2979240856759     
   348.7500       42.8580837450701     
   360.0000       43.2547111184031     
