  0.0000000E+00   16.6043549042059     
   11.25000       16.7243761067263     
   22.50000       16.8066745662389     
   33.75000       16.8254715457399     
   45.00000       16.8092129557019     
   56.25000       16.7543018069128     
   67.50000       16.6532462314206     
   78.75000       16.5311037334157     
   90.00000       16.3855746616925     
   101.2500       16.2283200840127     
   112.5000       16.0774946459234     
   123.7500       15.9106296994719     
   135.0000       15.7650924449698     
   146.2500       15.6091432284439     
   157.5000       15.4767715148171     
   168.7500       15.3591424282835     
   180.0000       15.2532705287228     
   191.2500       15.1905597913535     
   202.5000       15.1143436103905     
   213.7500       15.0806662022393     
   225.0000       15.0419407747623     
   236.2500       15.0460178352077     
   247.5000       15.0684471193601     
   258.7500       15.1310405442470     
   270.0000       15.2172018605985     
   281.2500       15.3474270001009     
   292.5000       15.4848863930941     
   303.7500       15.6658669340018     
   315.0000       15.8585000775727     
   326.2500       16.0566602137909     
   337.5000       16.2708027717604     
   348.7500       16.4445263281498     
   360.0000       16.6043549042059     
