  0.0000000E+00   27.6947952421171     
   11.25000       27.9323626699848     
   22.50000       28.0572096141209     
   33.75000       28.1197677822782     
   45.00000       28.0825843337274     
   56.25000       27.9930536703931     
   67.50000       27.8586294106222     
   78.75000       27.6420328283523     
   90.00000       27.3923315937551     
   101.2500       27.0756838601419     
   112.5000       26.7328499586394     
   123.7500       26.3610352935683     
   135.0000       25.9632713812593     
   146.2500       25.5737821529292     
   157.5000       25.1784914523994     
   168.7500       24.8354314585868     
   180.0000       24.5300405453181     
   191.2500       24.2864747021917     
   202.5000       24.1084275922702     
   213.7500       24.0008160671224     
   225.0000       23.9483910342045     
   236.2500       23.9986176669517     
   247.5000       24.0941181202287     
   258.7500       24.3171873837223     
   270.0000       24.5886634362145     
   281.2500       24.9545593567492     
   292.5000       25.3331117023273     
   303.7500       25.7615277750877     
   315.0000       26.2064272562767     
   326.2500       26.6010278165852     
   337.5000       27.0324277639192     
   348.7500       27.3981779494005     
   360.0000       27.6947952421171     
