  0.0000000E+00   32.9621838333878     
   11.25000       32.8698701157458     
   22.50000       32.5822218344686     
   33.75000       32.2175950225378     
   45.00000       31.7002207064209     
   56.25000       31.1409642211970     
   67.50000       30.5156493776539     
   78.75000       29.8612908584796     
   90.00000       29.2279875375489     
   101.2500       28.5977078829626     
   112.5000       28.0387724015597     
   123.7500       27.5730777434471     
   135.0000       27.1906453949690     
   146.2500       26.9509943095650     
   157.5000       26.7842713619839     
   168.7500       26.7474714400458     
   180.0000       26.7827009102332     
   191.2500       26.9067439403760     
   202.5000       27.1369273829764     
   213.7500       27.4244258004682     
   225.0000       27.7909311999246     
   236.2500       28.2074217583727     
   247.5000       28.6887460641650     
   258.7500       29.1888935839403     
   270.0000       29.7365596433610     
   281.2500       30.3040302495076     
   292.5000       30.8731342673732     
   303.7500       31.4234888156426     
   315.0000       31.9422515326620     
   326.2500       32.3823712591981     
   337.5000       32.7147984192211     
   348.7500       32.9172467853357     
   360.0000       32.9621838333878     
