  0.0000000E+00   31.1502347750066     
   11.25000       30.9890161146194     
   22.50000       30.7514979402950     
   33.75000       30.5099688478428     
   45.00000       30.1756743904158     
   56.25000       29.8695096265495     
   67.50000       29.5220843240923     
   78.75000       29.2209106969646     
   90.00000       28.8801918970642     
   101.2500       28.5735298601423     
   112.5000       28.2630078202419     
   123.7500       27.9908429411895     
   135.0000       27.7555844083865     
   146.2500       27.5945878097893     
   157.5000       27.5095393615253     
   168.7500       27.5115677873428     
   180.0000       27.5930809569728     
   191.2500       27.7440822171774     
   202.5000       27.9781783482003     
   213.7500       28.2504452299726     
   225.0000       28.6082847901162     
   236.2500       28.9856435058546     
   247.5000       29.3976602432547     
   258.7500       29.8219487448449     
   270.0000       30.2022490921261     
   281.2500       30.5635859193985     
   292.5000       30.8308764805029     
   303.7500       31.1063607212476     
   315.0000       31.2371199625880     
   326.2500       31.3366567504063     
   337.5000       31.3509655869445     
   348.7500       31.2604980653130     
   360.0000       31.1502347750066     
