  0.0000000E+00   14.5498219967720     
   11.25000       14.5314489292000     
   22.50000       14.4313158382868     
   33.75000       14.3040979102775     
   45.00000       14.1105952902072     
   56.25000       13.9004194268592     
   67.50000       13.6619697268810     
   78.75000       13.4153120846596     
   90.00000       13.1750303680041     
   101.2500       12.9392382188175     
   112.5000       12.7280044786670     
   123.7500       12.5462222226521     
   135.0000       12.3920276300089     
   146.2500       12.2809404844211     
   157.5000       12.2075397435619     
   168.7500       12.1668223908961     
   180.0000       12.1741443271332     
   191.2500       12.1976206430670     
   202.5000       12.2687663612669     
   213.7500       12.3597839060421     
   225.0000       12.4803861191097     
   236.2500       12.6297659653047     
   247.5000       12.8047933387360     
   258.7500       13.0103069459918     
   270.0000       13.2219345244574     
   281.2500       13.4584780732589     
   292.5000       13.6742277513910     
   303.7500       13.9013389630683     
   315.0000       14.1084131251934     
   326.2500       14.2749741456282     
   337.5000       14.4182581999075     
   348.7500       14.5206885602719     
   360.0000       14.5498219967720     
