  0.0000000E+00   14.4113681090098     
   11.25000       14.3475541194967     
   22.50000       14.2477336085293     
   33.75000       14.1383096533196     
   45.00000       13.9921617654252     
   56.25000       13.8574883850705     
   67.50000       13.6981684350337     
   78.75000       13.5565721954817     
   90.00000       13.4127811243931     
   101.2500       13.2763876841637     
   112.5000       13.1610847882016     
   123.7500       13.0414840221522     
   135.0000       12.9406695424289     
   146.2500       12.8549644575348     
   157.5000       12.7808423985890     
   168.7500       12.7373657561515     
   180.0000       12.7176099775610     
   191.2500       12.7280170303059     
   202.5000       12.7792996668319     
   213.7500       12.8526730836150     
   225.0000       12.9687971754624     
   236.2500       13.1037272604635     
   247.5000       13.2594710426565     
   258.7500       13.4449143077766     
   270.0000       13.6264509015422     
   281.2500       13.8168135783732     
   292.5000       13.9990346646237     
   303.7500       14.1554943173163     
   315.0000       14.2896930495104     
   326.2500       14.3738832601937     
   337.5000       14.4310550011610     
   348.7500       14.4423343346910     
   360.0000       14.4113681090098     
