  0.0000000E+00   15.3130620247116     
   11.25000       15.3530919693416     
   22.50000       15.3649894336306     
   33.75000       15.3628922325116     
   45.00000       15.3314215369651     
   56.25000       15.2710487634473     
   67.50000       15.1934125438925     
   78.75000       15.0730278030560     
   90.00000       14.9372547819825     
   101.2500       14.7840984884236     
   112.5000       14.6190043237647     
   123.7500       14.4768781578429     
   135.0000       14.3304781599486     
   146.2500       14.2443286929954     
   157.5000       14.1699186620078     
   168.7500       14.1566577285003     
   180.0000       14.1750748620530     
   191.2500       14.2213464079742     
   202.5000       14.2871424172905     
   213.7500       14.3802774792649     
   225.0000       14.4733107682702     
   236.2500       14.5873711004639     
   247.5000       14.6895014502882     
   258.7500       14.7831902060143     
   270.0000       14.8771608710843     
   281.2500       14.9350809569737     
   292.5000       15.0059811515975     
   303.7500       15.0551814146690     
   315.0000       15.1139148732272     
   326.2500       15.1697693666731     
   337.5000       15.2291846547722     
   348.7500       15.2713606517356     
   360.0000       15.3130620247116     
