  0.0000000E+00   17.4482045965480     
   11.25000       17.5151509594250     
   22.50000       17.5328994779964     
   33.75000       17.4608542798986     
   45.00000       17.3357013391559     
   56.25000       17.1414757204387     
   67.50000       16.8894935545006     
   78.75000       16.6062619297066     
   90.00000       16.2896761572250     
   101.2500       15.9794810990618     
   112.5000       15.6859365830465     
   123.7500       15.4127006765925     
   135.0000       15.1771133002843     
   146.2500       14.9883982279281     
   157.5000       14.8454317657404     
   168.7500       14.7547107328049     
   180.0000       14.7163336137014     
   191.2500       14.7260443624718     
   202.5000       14.7867129650509     
   213.7500       14.8844402035735     
   225.0000       15.0156780497961     
   236.2500       15.1802016543723     
   247.5000       15.3556886590831     
   258.7500       15.5491232410433     
   270.0000       15.7696191643109     
   281.2500       15.9836180292536     
   292.5000       16.2405060235764     
   303.7500       16.4904430770601     
   315.0000       16.7277904276256     
   326.2500       16.9723149705404     
   337.5000       17.1618734696460     
   348.7500       17.3376345068354     
   360.0000       17.4482045965480     
