  0.0000000E+00   10.4038011576770     
   11.25000       10.3469995585558     
   22.50000       10.2802147242498     
   33.75000       10.1877279133958     
   45.00000       10.0921285344060     
   56.25000       9.98782653319988     
   67.50000       9.87380917974770     
   78.75000       9.77127474755836     
   90.00000       9.64918216356961     
   101.2500       9.54804179362316     
   112.5000       9.44013944716328     
   123.7500       9.34853152421249     
   135.0000       9.26227632912588     
   146.2500       9.19063125326218     
   157.5000       9.14120043087180     
   168.7500       9.11498304325344     
   180.0000       9.11626403183488     
   191.2500       9.14565839370039     
   202.5000       9.20410313846857     
   213.7500       9.28733563910058     
   225.0000       9.40051222831968     
   236.2500       9.52072660060525     
   247.5000       9.66500107684762     
   258.7500       9.80959231291626     
   270.0000       9.95662312972283     
   281.2500       10.0928199361016     
   292.5000       10.2125687999882     
   303.7500       10.3092278255518     
   315.0000       10.3855673407009     
   326.2500       10.4283760318675     
   337.5000       10.4515106153043     
   348.7500       10.4322635003717     
   360.0000       10.4038011576770     
