  0.0000000E+00   21.0118597304291     
   11.25000       20.9888418149502     
   22.50000       20.8526917283791     
   33.75000       20.6661918676165     
   45.00000       20.4028558205518     
   56.25000       20.0698743452588     
   67.50000       19.7017318550929     
   78.75000       19.3209348883319     
   90.00000       18.9226168341074     
   101.2500       18.5701842418932     
   112.5000       18.2371848981505     
   123.7500       17.9518439371998     
   135.0000       17.7139550977074     
   146.2500       17.5340226894507     
   157.5000       17.4121863064666     
   168.7500       17.3593138725887     
   180.0000       17.3687288437014     
   191.2500       17.4306215018852     
   202.5000       17.5437073296603     
   213.7500       17.7075441519527     
   225.0000       17.8802104951239     
   236.2500       18.1264632220276     
   247.5000       18.3713456532287     
   258.7500       18.6677878866671     
   270.0000       18.9799083481856     
   281.2500       19.3057192355294     
   292.5000       19.6687437437520     
   303.7500       19.9968571115521     
   315.0000       20.3412460439284     
   326.2500       20.6028400164317     
   337.5000       20.8262566620940     
   348.7500       20.9666655498032     
   360.0000       21.0118597304291     
