  0.0000000E+00   14.8710224502449     
   11.25000       14.7989521404928     
   22.50000       14.7017196239715     
   33.75000       14.5870476678011     
   45.00000       14.4519924339435     
   56.25000       14.3202882277761     
   67.50000       14.1665746588193     
   78.75000       14.0251389226432     
   90.00000       13.8588809660914     
   101.2500       13.7161680230791     
   112.5000       13.5611174893873     
   123.7500       13.4259132075768     
   135.0000       13.3081652917144     
   146.2500       13.2063082695362     
   157.5000       13.1386838997256     
   168.7500       13.1028384042427     
   180.0000       13.0971667492064     
   191.2500       13.1368822198885     
   202.5000       13.2170883868509     
   213.7500       13.3302671694648     
   225.0000       13.4949176808308     
   236.2500       13.6614288405693     
   247.5000       13.8629101408741     
   258.7500       14.0567671425356     
   270.0000       14.2562468412094     
   281.2500       14.4357007990174     
   292.5000       14.6028560114077     
   303.7500       14.7321300736837     
   315.0000       14.8289735200742     
   326.2500       14.9009786503327     
   337.5000       14.9188073922214     
   348.7500       14.9104870491961     
   360.0000       14.8710224502449     
