  0.0000000E+00   11.7532621915758     
   11.25000       11.8100815759410     
   22.50000       11.8563856742672     
   33.75000       11.8779120588515     
   45.00000       11.8702809022703     
   56.25000       11.8470506928668     
   67.50000       11.7893446831306     
   78.75000       11.7044809084127     
   90.00000       11.5955149690975     
   101.2500       11.4596677180053     
   112.5000       11.3127288487380     
   123.7500       11.1555482704940     
   135.0000       10.9871970566706     
   146.2500       10.8438764716923     
   157.5000       10.7018880410314     
   168.7500       10.5824973893157     
   180.0000       10.4936981974894     
   191.2500       10.4318573186325     
   202.5000       10.4102337003802     
   213.7500       10.4158568189228     
   225.0000       10.4596659995562     
   236.2500       10.5273589693176     
   247.5000       10.6121005173804     
   258.7500       10.7200042070456     
   270.0000       10.8373366271480     
   281.2500       10.9603676266964     
   292.5000       11.0866897590041     
   303.7500       11.2183696633429     
   315.0000       11.3439663431471     
   326.2500       11.4643548358349     
   337.5000       11.5723408162175     
   348.7500       11.6693602775325     
   360.0000       11.7532621915758     
