  0.0000000E+00   26.0915365326782     
   11.25000       26.2957463223408     
   22.50000       26.4486050866753     
   33.75000       26.4972610500624     
   45.00000       26.4863159886060     
   56.25000       26.4013120100042     
   67.50000       26.2139739884382     
   78.75000       25.9903349318027     
   90.00000       25.6499759814710     
   101.2500       25.3085312568224     
   112.5000       24.8512371321228     
   123.7500       24.4190001377815     
   135.0000       23.9233396488751     
   146.2500       23.4842997858163     
   157.5000       23.0672398325349     
   168.7500       22.7092361597733     
   180.0000       22.4327011711020     
   191.2500       22.2078880799957     
   202.5000       22.0773072754212     
   213.7500       22.0289244990650     
   225.0000       22.0456742465345     
   236.2500       22.1744836846643     
   247.5000       22.3598179503804     
   258.7500       22.6398911484987     
   270.0000       22.9621168690725     
   281.2500       23.3709955732398     
   292.5000       23.7676563297343     
   303.7500       24.2160990079061     
   315.0000       24.6437514130862     
   326.2500       25.0681191855115     
   337.5000       25.4660085049277     
   348.7500       25.8132911197169     
   360.0000       26.0915365326782     
