  0.0000000E+00   7.89601451321046     
   11.25000       7.92920786947499     
   22.50000       7.95895253512006     
   33.75000       7.96520951090455     
   45.00000       7.95978476013034     
   56.25000       7.93062934621248     
   67.50000       7.89006947014474     
   78.75000       7.82728376270376     
   90.00000       7.76569961810333     
   101.2500       7.69312184744930     
   112.5000       7.63193073275993     
   123.7500       7.56846936957180     
   135.0000       7.51980979990201     
   146.2500       7.47736124393473     
   157.5000       7.45039183821950     
   168.7500       7.43415700305179     
   180.0000       7.42147531229866     
   191.2500       7.42696864923290     
   202.5000       7.42522825542299     
   213.7500       7.44289710642427     
   225.0000       7.44846597541092     
   236.2500       7.46446450833690     
   247.5000       7.47992406451594     
   258.7500       7.49599185856055     
   270.0000       7.51872660564303     
   281.2500       7.54444506962671     
   292.5000       7.57848596100484     
   303.7500       7.61605041036811     
   315.0000       7.66843089473558     
   326.2500       7.71884125861654     
   337.5000       7.78432117460479     
   348.7500       7.83571930484439     
   360.0000       7.89601451321046     
