  0.0000000E+00   13.3134804282951     
   11.25000       13.4142738421249     
   22.50000       13.4820730149531     
   33.75000       13.4919395016657     
   45.00000       13.4624241436468     
   56.25000       13.3687556627970     
   67.50000       13.2233088319854     
   78.75000       13.0324214552036     
   90.00000       12.8037531563352     
   101.2500       12.5442199902627     
   112.5000       12.2819691704691     
   123.7500       12.0164207210362     
   135.0000       11.7724721632130     
   146.2500       11.5592256207125     
   157.5000       11.3816449176034     
   168.7500       11.2538156456161     
   180.0000       11.1639010449158     
   191.2500       11.1299744948139     
   202.5000       11.1339623603921     
   213.7500       11.1933940283959     
   225.0000       11.2787256224024     
   236.2500       11.4021639611897     
   247.5000       11.5611679614574     
   258.7500       11.7181548529645     
   270.0000       11.9006557958447     
   281.2500       12.0842722283248     
   292.5000       12.2604728066341     
   303.7500       12.4613429517083     
   315.0000       12.6373027954955     
   326.2500       12.8388116051016     
   337.5000       13.0007167599062     
   348.7500       13.1713307253909     
   360.0000       13.3134804282951     
