  0.0000000E+00   14.3819803244508     
   11.25000       14.3627416870578     
   22.50000       14.2735398181437     
   33.75000       14.1645983672980     
   45.00000       14.0027747209618     
   56.25000       13.8287307851247     
   67.50000       13.6445688841068     
   78.75000       13.4442046352342     
   90.00000       13.2567627052641     
   101.2500       13.0694407405805     
   112.5000       12.9024816598665     
   123.7500       12.7651910983431     
   135.0000       12.6455446226921     
   146.2500       12.5573017932806     
   157.5000       12.4910576706026     
   168.7500       12.4485531973387     
   180.0000       12.4339677091935     
   191.2500       12.4339602198453     
   202.5000       12.4708868775346     
   213.7500       12.5373812344782     
   225.0000       12.6266553467886     
   236.2500       12.7582480127860     
   247.5000       12.9038728478701     
   258.7500       13.0717061665753     
   270.0000       13.2613959968034     
   281.2500       13.4519957954890     
   292.5000       13.6561311656378     
   303.7500       13.8452184834468     
   315.0000       14.0284311609101     
   326.2500       14.1838290350436     
   337.5000       14.2944708882755     
   348.7500       14.3674370730877     
   360.0000       14.3819803244508     
