  0.0000000E+00   19.1378307923340     
   11.25000       19.3039468697288     
   22.50000       19.3814085515367     
   33.75000       19.4171535888693     
   45.00000       19.3661668261870     
   56.25000       19.2296998660973     
   67.50000       19.0155299500466     
   78.75000       18.7317113184239     
   90.00000       18.3918236083261     
   101.2500       18.0191324358785     
   112.5000       17.6275975640577     
   123.7500       17.2346105418386     
   135.0000       16.8610143482448     
   146.2500       16.5349892530532     
   157.5000       16.2543822349977     
   168.7500       16.0598628417461     
   180.0000       15.9254983538070     
   191.2500       15.8662471010208     
   202.5000       15.8807347268363     
   213.7500       15.9348591315943     
   225.0000       16.0782313768916     
   236.2500       16.2401043675120     
   247.5000       16.4796026374854     
   258.7500       16.7241438067595     
   270.0000       17.0020333142098     
   281.2500       17.2966547664664     
   292.5000       17.5810627697403     
   303.7500       17.8942153210241     
   315.0000       18.1720931375681     
   326.2500       18.4559854481436     
   337.5000       18.7066425376388     
   348.7500       18.9431849842891     
   360.0000       19.1378307923340     
