  0.0000000E+00   12.2806159553181     
   11.25000       12.3062140978915     
   22.50000       12.3207516295687     
   33.75000       12.3161525032300     
   45.00000       12.2993945194133     
   56.25000       12.2509926842772     
   67.50000       12.1854324109661     
   78.75000       12.1023154146936     
   90.00000       12.0082080629867     
   101.2500       11.9192411592577     
   112.5000       11.8197032151458     
   123.7500       11.7301369379480     
   135.0000       11.6460403420451     
   146.2500       11.5882052839132     
   157.5000       11.5428048265430     
   168.7500       11.5182385391952     
   180.0000       11.5131464499943     
   191.2500       11.5310186773510     
   202.5000       11.5751598791531     
   213.7500       11.6270383766691     
   225.0000       11.6960056526421     
   236.2500       11.7644198870071     
   247.5000       11.8254380060343     
   258.7500       11.9019231412385     
   270.0000       11.9600235843803     
   281.2500       12.0136563352398     
   292.5000       12.0704351485573     
   303.7500       12.1118363184390     
   315.0000       12.1564012588061     
   326.2500       12.1911889443740     
   337.5000       12.2198116449481     
   348.7500       12.2646759352480     
   360.0000       12.2806159553181     
