  0.0000000E+00   12.2521927761805     
   11.25000       12.2104675393450     
   22.50000       12.1659674448678     
   33.75000       12.1105495876103     
   45.00000       12.0465078613387     
   56.25000       11.9830374593661     
   67.50000       11.9058148173438     
   78.75000       11.8288477634717     
   90.00000       11.7347697296929     
   101.2500       11.6358840810603     
   112.5000       11.5304161733919     
   123.7500       11.4366039212455     
   135.0000       11.3523850276362     
   146.2500       11.2785475617232     
   157.5000       11.2250217357301     
   168.7500       11.1908726497973     
   180.0000       11.1905897998541     
   191.2500       11.2107362937749     
   202.5000       11.2525216220445     
   213.7500       11.3289416703778     
   225.0000       11.4108474435228     
   236.2500       11.5232028112317     
   247.5000       11.6504691884875     
   258.7500       11.7686730969772     
   270.0000       11.8941034818362     
   281.2500       12.0065438609223     
   292.5000       12.1012600427031     
   303.7500       12.1864700123935     
   315.0000       12.2316151498289     
   326.2500       12.2765914619850     
   337.5000       12.2864540866116     
   348.7500       12.2746772468284     
   360.0000       12.2521927761805     
