  0.0000000E+00   11.1101943509508     
   11.25000       11.1423369062256     
   22.50000       11.1501379756241     
   33.75000       11.1534557379174     
   45.00000       11.1283994213508     
   56.25000       11.0872444205196     
   67.50000       11.0401184826258     
   78.75000       10.9652769708985     
   90.00000       10.8968935988861     
   101.2500       10.8190834913046     
   112.5000       10.7422968039863     
   123.7500       10.6691312504591     
   135.0000       10.6049173238520     
   146.2500       10.5612487113520     
   157.5000       10.5245984077891     
   168.7500       10.5048356056794     
   180.0000       10.5031817934177     
   191.2500       10.5150598084854     
   202.5000       10.5339714274916     
   213.7500       10.5637894290869     
   225.0000       10.6002120294443     
   236.2500       10.6368315725701     
   247.5000       10.6805142993549     
   258.7500       10.7211202971475     
   270.0000       10.7608995733836     
   281.2500       10.7998597072318     
   292.5000       10.8341088442792     
   303.7500       10.8812237144471     
   315.0000       10.9243331718900     
   326.2500       10.9709271802010     
   337.5000       11.0246717681361     
   348.7500       11.0688593766574     
   360.0000       11.1101943509508     
