  0.0000000E+00   29.2817760995083     
   11.25000       29.4568655857828     
   22.50000       29.4883736197141     
   33.75000       29.3662578972643     
   45.00000       29.1105331742516     
   56.25000       28.7013466338753     
   67.50000       28.1854887361623     
   78.75000       27.5680025227043     
   90.00000       26.9169136446642     
   101.2500       26.2379008573607     
   112.5000       25.5975603480651     
   123.7500       24.9823056707109     
   135.0000       24.4428129214070     
   146.2500       24.0124917411719     
   157.5000       23.6525444584279     
   168.7500       23.4797181057727     
   180.0000       23.3586228184131     
   191.2500       23.4205872988953     
   202.5000       23.5185663730237     
   213.7500       23.7682253009617     
   225.0000       24.0435513099119     
   236.2500       24.4094130068323     
   247.5000       24.8291666353554     
   258.7500       25.2572225691497     
   270.0000       25.7406950382003     
   281.2500       26.2605541628808     
   292.5000       26.7524329722845     
   303.7500       27.2733022645090     
   315.0000       27.7541329347384     
   326.2500       28.2348666362524     
   337.5000       28.6491525469580     
   348.7500       29.0354658619503     
   360.0000       29.2817760995083     
