  0.0000000E+00   14.1122159954044     
   11.25000       14.1771941385039     
   22.50000       14.1613548193350     
   33.75000       14.0885167470693     
   45.00000       13.9506993085094     
   56.25000       13.7549772373161     
   67.50000       13.5299358253304     
   78.75000       13.2691781898887     
   90.00000       12.9927661197925     
   101.2500       12.7199790769793     
   112.5000       12.4556440956669     
   123.7500       12.2196745010819     
   135.0000       12.0222786962387     
   146.2500       11.8581676048730     
   157.5000       11.7498899350237     
   168.7500       11.6813332279130     
   180.0000       11.6604942631975     
   191.2500       11.6788308075797     
   202.5000       11.7342904206449     
   213.7500       11.8277673662906     
   225.0000       11.9448622829049     
   236.2500       12.0917028992007     
   247.5000       12.2438180073959     
   258.7500       12.4296990830067     
   270.0000       12.6104165246826     
   281.2500       12.8170167098228     
   292.5000       13.0414417643671     
   303.7500       13.2548058625398     
   315.0000       13.4752642193346     
   326.2500       13.6838406258136     
   337.5000       13.8550496406941     
   348.7500       14.0165564298443     
   360.0000       14.1122159954044     
