  0.0000000E+00   7.80421502365069     
   11.25000       7.83280974067945     
   22.50000       7.85884347154826     
   33.75000       7.86221003552066     
   45.00000       7.85435068718736     
   56.25000       7.82389151901547     
   67.50000       7.78446488774341     
   78.75000       7.72135475638276     
   90.00000       7.65733777166921     
   101.2500       7.58184613105223     
   112.5000       7.51702410867611     
   123.7500       7.45324512093554     
   135.0000       7.40418829129513     
   146.2500       7.36490535650121     
   157.5000       7.34040580962298     
   168.7500       7.33474907563157     
   180.0000       7.33088230732635     
   191.2500       7.34960564930674     
   202.5000       7.36102595827129     
   213.7500       7.39173012986473     
   225.0000       7.41202521178759     
   236.2500       7.43563927415924     
   247.5000       7.46099049505297     
   258.7500       7.48241504459620     
   270.0000       7.50636670596002     
   281.2500       7.52963871153154     
   292.5000       7.55909657444041     
   303.7500       7.58594312234908     
   315.0000       7.62686267307430     
   326.2500       7.66228286553716     
   337.5000       7.71484031153564     
   348.7500       7.75372205998514     
   360.0000       7.80421502365069     
