  0.0000000E+00   19.4114069336169     
   11.25000       19.5368912283118     
   22.50000       19.6156021687408     
   33.75000       19.6446399412932     
   45.00000       19.6184206481379     
   56.25000       19.5435956662351     
   67.50000       19.4474316241133     
   78.75000       19.2934824883167     
   90.00000       19.1371347498325     
   101.2500       18.9724076459273     
   112.5000       18.8201628520081     
   123.7500       18.6413066892116     
   135.0000       18.4971000640819     
   146.2500       18.3498196946700     
   157.5000       18.1991100400251     
   168.7500       18.0950535552034     
   180.0000       17.9826586660259     
   191.2500       17.9153181531933     
   202.5000       17.8505210054684     
   213.7500       17.8098498519827     
   225.0000       17.7879662800097     
   236.2500       17.7782408112085     
   247.5000       17.8033439764749     
   258.7500       17.8667286386007     
   270.0000       17.9547651192159     
   281.2500       18.0810248701867     
   292.5000       18.2360171018162     
   303.7500       18.4195313949596     
   315.0000       18.6252606668349     
   326.2500       18.8378468730674     
   337.5000       19.0476307421536     
   348.7500       19.2455022599793     
   360.0000       19.4114069336169     
