  0.0000000E+00   16.1092350194955     
   11.25000       16.2090572221154     
   22.50000       16.2884597929423     
   33.75000       16.3184806215778     
   45.00000       16.2991825107555     
   56.25000       16.2482209251202     
   67.50000       16.1522059638311     
   78.75000       16.0217742668332     
   90.00000       15.8772987569455     
   101.2500       15.7090711906402     
   112.5000       15.5609297717742     
   123.7500       15.4102066638461     
   135.0000       15.2880285975991     
   146.2500       15.1828260067320     
   157.5000       15.0883092310778     
   168.7500       15.0323473533153     
   180.0000       14.9660277177251     
   191.2500       14.9545665343241     
   202.5000       14.9282218025380     
   213.7500       14.9337117334021     
   225.0000       14.9360821190935     
   236.2500       14.9528714153216     
   247.5000       14.9713800751286     
   258.7500       15.0166115795765     
   270.0000       15.0644807907507     
   281.2500       15.1525796961484     
   292.5000       15.2527910190802     
   303.7500       15.3668941973562     
   315.0000       15.5157519032396     
   326.2500       15.6549320696793     
   337.5000       15.8194199247047     
   348.7500       15.9720060011366     
   360.0000       16.1092350194955     
