  0.0000000E+00   13.7307008558596     
   11.25000       13.8212735598906     
   22.50000       13.8597001158057     
   33.75000       13.8354409425217     
   45.00000       13.7575207619714     
   56.25000       13.6051335047169     
   67.50000       13.4112718465322     
   78.75000       13.1788521097987     
   90.00000       12.9114947692706     
   101.2500       12.6335174814090     
   112.5000       12.3594234733021     
   123.7500       12.0951995290725     
   135.0000       11.8696173938849     
   146.2500       11.6749950473170     
   157.5000       11.5287873144190     
   168.7500       11.4317883575517     
   180.0000       11.3778105002012     
   191.2500       11.3753216919980     
   202.5000       11.4108435971736     
   213.7500       11.4923600928138     
   225.0000       11.5970929251229     
   236.2500       11.7442213438744     
   247.5000       11.8981167665314     
   258.7500       12.0693683489506     
   270.0000       12.2525867902079     
   281.2500       12.4322706462883     
   292.5000       12.6354141870918     
   303.7500       12.8447747810680     
   315.0000       13.0431433122311     
   326.2500       13.2562617428750     
   337.5000       13.4284500068627     
   348.7500       13.6073302269218     
   360.0000       13.7307008558596     
