  0.0000000E+00   18.2075965874321     
   11.25000       18.1900794408120     
   22.50000       18.1661188913466     
   33.75000       18.1223263770930     
   45.00000       18.0712255958066     
   56.25000       17.9728951137159     
   67.50000       17.8860289080294     
   78.75000       17.7688168815303     
   90.00000       17.6161728299998     
   101.2500       17.4802193785475     
   112.5000       17.3070957554338     
   123.7500       17.1476781721503     
   135.0000       16.9970132177783     
   146.2500       16.8696626494529     
   157.5000       16.7876946045842     
   168.7500       16.7432001992243     
   180.0000       16.7476800724399     
   191.2500       16.8003948302114     
   202.5000       16.8799114732339     
   213.7500       16.9976449937106     
   225.0000       17.1344714540041     
   236.2500       17.2824893987915     
   247.5000       17.4428079712703     
   258.7500       17.6045177256535     
   270.0000       17.7542091865551     
   281.2500       17.8841001349110     
   292.5000       17.9865917030929     
   303.7500       18.0678985243948     
   315.0000       18.1294674112105     
   326.2500       18.1693498691316     
   337.5000       18.1942173289352     
   348.7500       18.2046310184521     
   360.0000       18.2075965874321     
