  0.0000000E+00   5.57594599059483     
   11.25000       5.54513662638449     
   22.50000       5.51334386407273     
   33.75000       5.47370281636448     
   45.00000       5.43758050434990     
   56.25000       5.38942619854410     
   67.50000       5.34340496792354     
   78.75000       5.28859469012782     
   90.00000       5.23482484625674     
   101.2500       5.17636696731236     
   112.5000       5.12030645278358     
   123.7500       5.06630952622176     
   135.0000       5.02140915941334     
   146.2500       4.98587612638705     
   157.5000       4.96415618932035     
   168.7500       4.96099317498672     
   180.0000       4.96778008225614     
   191.2500       5.00032877871204     
   202.5000       5.03900569773147     
   213.7500       5.09504705642336     
   225.0000       5.16052591216971     
   236.2500       5.23188285875230     
   247.5000       5.30682299383510     
   258.7500       5.37611972783120     
   270.0000       5.44478710379225     
   281.2500       5.50149820752960     
   292.5000       5.55139228807452     
   303.7500       5.58332816635018     
   315.0000       5.60737659496792     
   326.2500       5.61387070345251     
   337.5000       5.61214370421744     
   348.7500       5.59613153830550     
   360.0000       5.57594599059483     
