  0.0000000E+00   31.0707674153528     
   11.25000       30.8788500441971     
   22.50000       30.5630567945218     
   33.75000       30.2419854573677     
   45.00000       29.8213092919068     
   56.25000       29.4130316405581     
   67.50000       28.9409900025086     
   78.75000       28.5034433518990     
   90.00000       28.0734866208656     
   101.2500       27.6873073571534     
   112.5000       27.3369667149461     
   123.7500       27.0423682825618     
   135.0000       26.7998147646840     
   146.2500       26.6240527542191     
   157.5000       26.5277679207160     
   168.7500       26.5121409047467     
   180.0000       26.6070405315758     
   191.2500       26.7475334869907     
   202.5000       26.9942199303121     
   213.7500       27.2863235918409     
   225.0000       27.6440579956175     
   236.2500       28.0671824579112     
   247.5000       28.4884334912420     
   258.7500       28.9667701311063     
   270.0000       29.4228255364387     
   281.2500       29.9210450777330     
   292.5000       30.3066898979921     
   303.7500       30.6850653627127     
   315.0000       30.9727232662607     
   326.2500       31.1429478182462     
   337.5000       31.2431191989348     
   348.7500       31.2127559965972     
   360.0000       31.0707674153528     
