  0.0000000E+00   21.5322663534777     
   11.25000       21.3943647616985     
   22.50000       21.2446529790690     
   33.75000       21.0544188596044     
   45.00000       20.8451194431274     
   56.25000       20.6367738639884     
   67.50000       20.3933413272861     
   78.75000       20.1627493215635     
   90.00000       19.9164006685834     
   101.2500       19.6647026232281     
   112.5000       19.4361723758378     
   123.7500       19.2396044227491     
   135.0000       19.0559008139015     
   146.2500       18.9336385535480     
   157.5000       18.8315245214876     
   168.7500       18.7888045624527     
   180.0000       18.7949094824046     
   191.2500       18.8615621670521     
   202.5000       18.9774401643721     
   213.7500       19.1525074121292     
   225.0000       19.3672825197462     
   236.2500       19.6278652839414     
   247.5000       19.9133736823548     
   258.7500       20.2318441729460     
   270.0000       20.5175780948659     
   281.2500       20.8191249302012     
   292.5000       21.0462246500660     
   303.7500       21.2685676202625     
   315.0000       21.4230564270920     
   326.2500       21.5337049412822     
   337.5000       21.5949128202840     
   348.7500       21.5733171433837     
   360.0000       21.5322663534777     
