  0.0000000E+00   19.9043517755234     
   11.25000       20.0326223938798     
   22.50000       20.1066994315079     
   33.75000       20.1244387630922     
   45.00000       20.0885004377986     
   56.25000       20.0294587167441     
   67.50000       19.9245748501671     
   78.75000       19.7840938999074     
   90.00000       19.6518991180157     
   101.2500       19.4777703505987     
   112.5000       19.2918621544111     
   123.7500       19.0864776585696     
   135.0000       18.8961052486830     
   146.2500       18.6726413571360     
   157.5000       18.4892870968658     
   168.7500       18.3196543751951     
   180.0000       18.1527398541388     
   191.2500       18.0398436479551     
   202.5000       17.9263038259611     
   213.7500       17.8524300570223     
   225.0000       17.8062144369564     
   236.2500       17.8103800907484     
   247.5000       17.8689449657136     
   258.7500       17.9638783115282     
   270.0000       18.1035218336228     
   281.2500       18.2914012602508     
   292.5000       18.5085504697177     
   303.7500       18.7565640516972     
   315.0000       19.0143169070894     
   326.2500       19.2711573366661     
   337.5000       19.5166518630648     
   348.7500       19.7317092208690     
   360.0000       19.9043517755234     
