  0.0000000E+00   7.44797167075593     
   11.25000       7.41119065167806     
   22.50000       7.35590426481697     
   33.75000       7.27831494945484     
   45.00000       7.18056560395220     
   56.25000       7.07455585828203     
   67.50000       6.95467256590228     
   78.75000       6.84398990079413     
   90.00000       6.72811376860443     
   101.2500       6.62927084063354     
   112.5000       6.53196602652111     
   123.7500       6.45041806442821     
   135.0000       6.38046488690514     
   146.2500       6.32701051763965     
   157.5000       6.29261986780533     
   168.7500       6.27004579549813     
   180.0000       6.27200641105073     
   191.2500       6.28216131675929     
   202.5000       6.32478552897463     
   213.7500       6.36932378144551     
   225.0000       6.44395440003877     
   236.2500       6.52270787930699     
   247.5000       6.62859265517390     
   258.7500       6.73487532485043     
   270.0000       6.86065141691554     
   281.2500       6.97891206901990     
   292.5000       7.10320379518369     
   303.7500       7.20755543206100     
   315.0000       7.30844495679354     
   326.2500       7.37661906029171     
   337.5000       7.43151910739579     
   348.7500       7.44956191371272     
   360.0000       7.44797167075593     
