  0.0000000E+00   11.8260614632127     
   11.25000       11.8871991283984     
   22.50000       11.9368722138812     
   33.75000       11.9531056647721     
   45.00000       11.9434789756832     
   56.25000       11.9095900047959     
   67.50000       11.8372604637960     
   78.75000       11.7391973125297     
   90.00000       11.6128384528973     
   101.2500       11.4625619129800     
   112.5000       11.3028578199438     
   123.7500       11.1305870466738     
   135.0000       10.9611033664189     
   146.2500       10.8156075093289     
   157.5000       10.6700863184190     
   168.7500       10.5607130787849     
   180.0000       10.4807745716974     
   191.2500       10.4337337193348     
   202.5000       10.4240796416693     
   213.7500       10.4418000786867     
   225.0000       10.4958683290648     
   236.2500       10.5664240576217     
   247.5000       10.6576005591138     
   258.7500       10.7692844913386     
   270.0000       10.8859805027804     
   281.2500       11.0108025837217     
   292.5000       11.1417163870880     
   303.7500       11.2762675044505     
   315.0000       11.4039893485312     
   326.2500       11.5276076092068     
   337.5000       11.6395933812467     
   348.7500       11.7419202542179     
   360.0000       11.8260614632127     
