  0.0000000E+00   42.0323130603800     
   11.25000       42.3398432923065     
   22.50000       42.4506200270111     
   33.75000       42.2983979969271     
   45.00000       41.9391973099225     
   56.25000       41.3470561528786     
   67.50000       40.5267241990929     
   78.75000       39.5052257965221     
   90.00000       38.3791956906370     
   101.2500       37.1307437600368     
   112.5000       35.9318195375601     
   123.7500       34.7747727325943     
   135.0000       33.6768396990768     
   146.2500       32.8162852020582     
   157.5000       32.0441691877957     
   168.7500       31.5064368905046     
   180.0000       31.1720576291042     
   191.2500       31.0284219391298     
   202.5000       31.1292620074276     
   213.7500       31.3554818489560     
   225.0000       31.8043798745947     
   236.2500       32.4017995518865     
   247.5000       33.1604412910544     
   258.7500       34.0614998289384     
   270.0000       35.0105262088544     
   281.2500       36.0047575918523     
   292.5000       37.0244758444096     
   303.7500       38.0429952002232     
   315.0000       39.0419227961936     
   326.2500       39.9763518570167     
   337.5000       40.8114379379265     
   348.7500       41.4961734196224     
   360.0000       42.0323130603800     
