  0.0000000E+00   13.6322897388599     
   11.25000       13.7059363990964     
   22.50000       13.7642231650377     
   33.75000       13.7824235012672     
   45.00000       13.7537308891061     
   56.25000       13.6960961696282     
   67.50000       13.5814705485178     
   78.75000       13.4358148536499     
   90.00000       13.2647438645903     
   101.2500       13.0596955618694     
   112.5000       12.8489729477350     
   123.7500       12.6339150049716     
   135.0000       12.4254618737595     
   146.2500       12.2499543430463     
   157.5000       12.0805487864262     
   168.7500       11.9520340367136     
   180.0000       11.8634984805402     
   191.2500       11.8107634938789     
   202.5000       11.8119606147784     
   213.7500       11.8432750341496     
   225.0000       11.9176883868478     
   236.2500       12.0204423628664     
   247.5000       12.1441331472761     
   258.7500       12.2904609526783     
   270.0000       12.4333677195546     
   281.2500       12.5978801611939     
   292.5000       12.7534430353270     
   303.7500       12.9243943906876     
   315.0000       13.0738033508826     
   326.2500       13.2409658828081     
   337.5000       13.3937711156623     
   348.7500       13.5171130885779     
   360.0000       13.6322897388599     
