  0.0000000E+00   7.65207655113785     
   11.25000       7.66128699900465     
   22.50000       7.67459452967934     
   33.75000       7.66958268643827     
   45.00000       7.65617696968560     
   56.25000       7.61984103883138     
   67.50000       7.57881684851898     
   78.75000       7.51766352216398     
   90.00000       7.45299892256841     
   101.2500       7.37620386574587     
   112.5000       7.30390898966699     
   123.7500       7.23634533431115     
   135.0000       7.18101629091173     
   146.2500       7.14447778930089     
   157.5000       7.11662523695187     
   168.7500       7.11990004902422     
   180.0000       7.12730326296631     
   191.2500       7.16329262528946     
   202.5000       7.19859698759979     
   213.7500       7.25093016248783     
   225.0000       7.30193312764459     
   236.2500       7.34904814704041     
   247.5000       7.39690771295251     
   258.7500       7.43806832023538     
   270.0000       7.47661022375377     
   281.2500       7.50385987873497     
   292.5000       7.53515570520686     
   303.7500       7.55192161320325     
   315.0000       7.57860084540722     
   326.2500       7.59016393154935     
   337.5000       7.61628492504336     
   348.7500       7.62896911605638     
   360.0000       7.65207655113785     
